0 0.50048828125 0.999755859375 0.50439453125 0.989990234375 0.5029296875 0.981689453125 0.497314453125 0.97705078125 0.490478515625 0.97802734375 0.48583984375 0.986083984375 0.48828125 0.997802734375 0.489990234375 1
0 0.061123094745936954 0.9910182664987306 0.05768921301863713 0.985524055735051 0.05288177860041737 0.9779695159349914 0.05082144956403748 0.9724753051713116 0.05768921301863714 0.9676678707530918 0.06180987109139692 0.9759091868986114 0.06593052916415673 0.9827769503532111 0.06661730550961668 0.9903314901532707
0 0.0517578125 0.999755859375 0.047119140625 0.99462890625 0.036865234375 0.99072265625 0.029052734375 0.9921875 0.021484375 0.999755859375
0 0.01318359375 0.999755859375 0.00732421875 0.992919921875 0.00634765625 0.989013671875 0.000244140625 0.986328125 0 0.999755859375
0 0 0.9106654340799146 0.008241316145519595 0.9031108942798551 0.006180987109139696 0.8948695781343355 0.001373552690919935 0.886628261988816 0 0.8873150383342758
0 0.0322265625 0.768310546875 0.037353515625 0.76708984375 0.04150390625 0.761474609375 0.041015625 0.753173828125 0.035400390625 0.74853515625 0.024658203125 0.75048828125 0.02001953125 0.757080078125 0.024658203125 0.765625
0 0.5322516677314735 1 0.5308781150405536 0.9896447138078108 0.5336252204223935 0.984837279389591 0.5377458784951533 0.983463726698671 0.5432400892588329 0.9868976084259711 0.5459871946406729 0.9965124772624105 0.543240089258833 1
0 0.2850121833658858 0.9951389245714904 0.28501218336588585 0.9793430686259113 0.28432540702042586 0.9697281997894718 0.28775928874772566 0.9614868836439521 0.29187994682048546 0.9594265546075723 0.2980609339296252 0.9608001072984922 0.302181592002385 0.964920765371252 0.302868368347845 0.9683546470985519 0.30424192103876485 0.9738488578622316 0.2973741575841652 0.9910182664987308
0 0.19779158749247017 0.9923918191896506 0.19023704769241054 0.9910182664987308 0.18611638961965077 0.9848372793895911 0.19092382403787053 0.9779695159349915 0.19916514018339013 0.9745356342076916 0.20671967998344973 0.9827769503532111 0.20259902191068996 0.987584384771431
0 0.10164289912807493 0.9814033976622911 0.09614868836439523 0.9793430686259115 0.09477513567347531 0.9738488578622317 0.09820901740077513 0.9711017524803918 0.10301645181899488 0.9711017524803918 0.10439000450991481 0.9752224105531515
0 0.07005118723691652 0.9298951717527937 0.061809871091396934 0.927834842716414 0.05906276570955707 0.9223406319527342 0.062496647436856914 0.9154728684981346 0.06661730550961671 0.9134125394617546 0.07142473992783648 0.9175331975345145 0.07211151627329641 0.9223406319527342
0 0.11400487334635433 0.9594265546075722 0.10576355720083475 0.9525587911529726 0.10507678085537478 0.9415703696256132 0.10645033354629471 0.9374497115528535 0.11194454430997444 0.9381364878983134 0.11537842603727429 0.9422571459710731 0.11949908411003407 0.9511852384620527 0.11949908411003406 0.9580530019166524
0 0.09889579374623507 0.9491249094256727 0.09134125394617548 0.9436306986619931 0.09134125394617547 0.9333290534800935 0.09958257009169505 0.9312687244437137 0.10232967547353491 0.9340158298255536 0.10576355720083475 0.944317475007453 0.10507678085537478 0.9504984621165928
0 0.3976435040213202 1 0.4058848201668399 0.9862108320805109 0.40931870189413966 0.9889579374623507 0.41000547823959965 0.9944521482260305 0.4086319255486797 0.9999463589897102 0.40657159651229985 1
0 0.3852815298030408 0.982090174007751 0.3770402136575213 0.9827769503532111 0.3736063319302214 0.9779695159349915 0.3756666609666014 0.9704149761349318 0.3804740953848212 0.9690414234440119 0.384594753457581 0.9690414234440119 0.3887154115303407 0.9765959632440715
0 0.30904935545698464 0.9532455674984326 0.30080803931146505 0.9539323438438925 0.29806093392962524 0.9491249094256727 0.3001212629660051 0.9436306986619931 0.30561547372968484 0.9388232642437733 0.31110968449336457 0.9388232642437733 0.3131700135297445 0.9463778040438329
0 0.1971048111470102 0.9573662255711923 0.19367092941971037 0.9525587911529727 0.19161060038333047 0.947751356734753 0.19161060038333047 0.9381364878983134 0.19435770576517034 0.9333290534800938 0.1984783638379302 0.9305819480982538 0.20053869287431003 0.9312687244437137 0.20259902191068996 0.9367629352073934 0.20259902191068996 0.944317475007453 0.2039725746016099 0.9498116857711327 0.2039725746016099 0.9553058965348125
0 0.04944789687311754 0.8873150383342758 0.04395368610943781 0.8790737221887563 0.051508225909497454 0.8728927350796165 0.05906276570955707 0.8715191823886967 0.06593052916415673 0.8749530641159966 0.0624966474368569 0.8811340512251362 0.05768921301863714 0.8845679329524361 0.054255331291337305 0.8859414856433561
0 0.02541072478201874 0.8474820102975977 0.03296526458207837 0.8392406941520782 0.03777269900029812 0.8323729306974788 0.03502559361845827 0.8282522726247188 0.028844606509318575 0.8296258253156388 0.02815783016385861 0.8351200360793185 0.024723948436558785 0.8413010231884581
0 0.05425533129133729 0.8392406941520782 0.046014015145817724 0.8351200360793185 0.0363991463093782 0.8330597070429386 0.03502559361845826 0.8296258253156387 0.03502559361845826 0.823444838206499 0.04258013341851788 0.8179506274428193 0.05288177860041736 0.8186374037882793 0.059749542055017035 0.823444838206499 0.05906276570955707 0.8344332597338585
0 0.314453125 0.905517578125 0.318359375 0.902099609375 0.31982421875 0.893798828125 0.31298828125 0.881103515625 0.306396484375 0.8740234375 0.304443359375 0.8740234375 0.30224609375 0.879150390625 0.306640625 0.892822265625 0.30712890625 0.901123046875 0.310302734375 0.9052734375
0 0.14834369061935263 0.9388232642437733 0.13941559812837306 0.9395100405892332 0.12774040025555367 0.9360761588619335 0.1291139529464736 0.926461290025494 0.1346081637101533 0.9230274082981942 0.14559658523751276 0.9257745136800339 0.15383790138303238 0.9305819480982538
0 0.14353625620113286 0.9216538556072741 0.14147592716475296 0.9154728684981345 0.14628336158297273 0.9079183286980748 0.15452467772849232 0.9099786577344547 0.15727178311033221 0.9189067502254342 0.15109079600119252 0.9237141846436541
0 0.16139244118309198 0.9161596448435944 0.15933211214671214 0.9072315523526149 0.16207921752855195 0.903110894279855 0.1668866519467717 0.9044844469707749 0.1668866519467717 0.9086051050435348 0.1661998756013118 0.9140993158072145
0 0.6249664743685689 1 0.6222193689867291 0.9917050428441907 0.6222193689867291 0.9820901740077512 0.6277135797504088 0.9779695159349915 0.6338945668595486 0.9765959632440715 0.6407623303141482 0.9765959632440715 0.6435094356959881 0.9827769503532111 0.6448829883869079 0.9923918191896506 0.6414491066596081 0.9985728062987903 0.6393887776232282 0.9999463589897102 0.6270268034049488 1
0 0.6476300937687479 0.9999463589897103 0.6476300937687479 0.9923918191896506 0.6524375281869677 0.9889579374623507 0.6579317389506474 0.9903314901532708 0.6572449626051873 0.9965124772624105 0.6544978572233474 1
0 0.9892578125 0.999755859375 0.98876953125 0.988525390625 0.984619140625 0.9853515625 0.977783203125 0.98388671875 0.95947265625 0.999755859375
0 0.8413010231884581 0.9923918191896506 0.8337464833883986 0.9917050428441907 0.8309993780065588 0.985524055735051 0.8330597070429387 0.9759091868986115 0.8406142468429983 0.9745356342076916 0.847482010297598 0.9779695159349915 0.8495423393339777 0.9834637266986711 0.8488555629885177 0.9903314901532707
0 0.09614868836439522 0.844734904915758 0.08996770125525554 0.847482010297598 0.08241316145519591 0.846795233952138 0.08241316145519591 0.8392406941520782 0.0865338195279557 0.8364935887702384 0.09134125394617547 0.8364935887702384
0 0.12224618949187392 0.8653381952795569 0.11400487334635434 0.8653381952795569 0.10851066258267461 0.863277866243177 0.10576355720083475 0.8598439845158773 0.10576355720083475 0.8536629974067376 0.10919743892813458 0.8516026683703577 0.11400487334635434 0.8516026683703577 0.11812553141911414 0.8550365500976574 0.12155941314641397 0.8591572081704173 0.12293296583733389 0.8605307608613372
0 0.12980072929193354 0.8797604985342162 0.12361974218279387 0.8735795114250766 0.12361974218279387 0.8653381952795569 0.1270536239100937 0.8632778662431771 0.13117428198285347 0.8612175372067972 0.13460816371015333 0.8612175372067972 0.1366684927465332 0.863277866243177 0.1352949400556133 0.8708324060432366 0.13392138736469336 0.8763266168069164
0 0.1387288217829131 0.882507603916056 0.13735526909199317 0.8756398404614565 0.1366684927465332 0.8680853006613968 0.140789150819293 0.865338195279557 0.14353625620113286 0.866024971625017 0.14559658523751276 0.8701456296977768 0.1449098088920528 0.8777001694978364 0.14422303254659283 0.8845679329524361
0 0.205078125 0.890380859375 0.215576171875 0.88720703125 0.21728515625 0.880126953125 0.216552734375 0.87744140625 0.206298828125 0.873046875 0.198486328125 0.87548828125 0.1953125 0.879638671875 0.19677734375 0.886962890625 0.199951171875 0.8896484375
0 0.21839487785626913 0.8749530641159964 0.21015356171074961 0.8708324060432366 0.21152711440166955 0.863277866243177 0.2190816542017291 0.8625910898977172 0.22320231227448892 0.8660249716250169 0.22320231227448892 0.8708324060432366
0 0.1510907960011925 0.7767440467152213 0.1449098088920528 0.7774308230606813 0.13804204543745313 0.7760572703697615 0.13529494005561327 0.7733101649879216 0.1346081637101533 0.7685027305697019 0.1387288217829131 0.7657556251878619 0.14422303254659283 0.763695296151482 0.14971724331027256 0.765068848842402 0.15246434869211242 0.765068848842402 0.15589823041941225 0.7691895069151617 0.15589823041941225 0.7753704940243015
0 0.18817671865603064 0.7856721392062008 0.180622178855971 0.7842985865152811 0.17924862616505108 0.7801779284425212 0.18130895520143098 0.7733101649879216 0.1888634950014906 0.7712498359515416 0.19023704769241054 0.7781175994061413
0 0.2232023122744889 0.8083357586063797 0.21839487785626913 0.80627542957 0.2197684305471891 0.7980341134244804 0.22388908861994888 0.7987208897699404 0.22526264131086882 0.8014679951517801
0 0.663425949714327 1 0.6613656206779472 0.9923918191896506 0.6613656206779472 0.987584384771431 0.666173055096167 0.9862108320805109 0.6709804895143867 0.9889579374623507 0.6730408185507666 0.9958257009169504 0.6730408185507666 1
0 0.6888366744963457 0.9889579374623507 0.6819689110417463 0.9889579374623508 0.6764747002780663 0.986897608425971 0.6730408185507666 0.9841505030441311 0.6730408185507666 0.9779695159349913 0.6764747002780664 0.9745356342076915 0.683342463732666 0.9752224105531515 0.6881498981508859 0.9793430686259113 0.6915837798781856 0.983463726698671
0 0.6565581862597273 0.9868976084259709 0.6524375281869677 0.9800298449713712 0.6517507518415075 0.9731620815167716 0.6524375281869675 0.964920765371252 0.6565581862597273 0.9614868836439523 0.6599920679870273 0.9614868836439523 0.6641127260597871 0.9628604363348722 0.6675466077870867 0.9662943180621719 0.6668598314416269 0.9759091868986115 0.6661730550961669 0.9834637266986711 0.662052397023407 0.9855240557350511
0 0.6757879239326063 0.9456910276983729 0.6716672658598466 0.9415703696256132 0.6716672658598466 0.9360761588619335 0.6778482529689864 0.9271480663709539 0.6826556873872062 0.9312687244437137 0.683342463732666 0.9388232642437733
0 0.562469826931712 0.9216538556072741 0.5562888398225723 0.9250877373345741 0.5494210763679727 0.9271480663709538 0.5459871946406728 0.9257745136800339 0.5425533129133732 0.923027408298194 0.5473607473315929 0.9182199738799743 0.5542285107861925 0.9168464211890545 0.5590359452044122 0.9168464211890545
0 0.4924186396947955 0.941570369625613 0.48967153431295574 0.9340158298255535 0.49447896873117536 0.9250877373345741 0.49997317949485515 0.9264612900254939 0.49997317949485515 0.9367629352073934
0 0.4979128504584752 0.9237141846436541 0.4965392977675554 0.9161596448435945 0.4979128504584752 0.9086051050435349 0.5040938375676149 0.905171223316235 0.5089012719858347 0.9079183286980749 0.5068409429494548 0.9140993158072146 0.5047806139130748 0.9209670792618143
0 0.41650390625 0.930908203125 0.42529296875 0.925537109375 0.43115234375 0.914306640625 0.43115234375 0.909912109375 0.427490234375 0.90576171875 0.420654296875 0.90576171875 0.41748046875 0.909423828125 0.4130859375 0.923583984375 0.4130859375 0.927490234375
0 0.34270139638452296 0.9086051050435348 0.3372071856208433 0.9092918813889947 0.33171297485716356 0.907918328698075 0.3282790931298637 0.8989902362070954 0.3296526458207837 0.886628261988816 0.33652040927538335 0.8921224727524957 0.34270139638452307 0.8948695781343355 0.3447617254209029 0.9024241179343951
0 0.3351468565844633 0.8818208275705961 0.3344600802390033 0.8722059587341567 0.3378939619663032 0.865338195279557 0.34613527811182276 0.8687720770068568 0.3475088308027427 0.8790737221887563 0.3447617254209029 0.8811340512251362
0 0.35506337060280235 0.9450042513529129 0.3550633706028024 0.9367629352073935 0.3550633706028024 0.926461290025494 0.36261791040286195 0.9271480663709539 0.363991463093782 0.9312687244437137 0.363991463093782 0.9401968169346933 0.3619311340574021 0.9450042513529131
0 0.361931134057402 0.9257745136800339 0.3598708050210221 0.9189067502254344 0.3598708050210221 0.9113522104253746 0.361931134057402 0.905171223316235 0.3674253448210818 0.9065447760071549 0.3681121211665417 0.9168464211890544 0.3681121211665417 0.924400960989114
0 0.3804740953848211 0.9367629352073934 0.3770402136575212 0.9333290534800937 0.3777269900029812 0.9230274082981941 0.38184764807574106 0.9175331975345145 0.38459475345758093 0.9216538556072742 0.3859683061485008 0.9250877373345741 0.3859683061485008 0.9298951717527938 0.3859683061485008 0.9360761588619335
0 0.3681121211665417 0.8886885910251958 0.3646782394392419 0.8838811566069762 0.36742534482108175 0.8797604985342162 0.3715460028938416 0.8825076039160562 0.3729195555847615 0.886628261988816
0 0.33720718562084323 0.7815514811334411 0.32965264582078363 0.7822382574789011 0.32347165871164396 0.7801779284425212 0.32415843505710396 0.7753704940243016 0.3262187640934838 0.7719366122970017 0.3303394221662436 0.7698762832606219 0.3365204092753833 0.7705630596060817 0.34201462003906297 0.7767440467152215
0 0.29187994682048546 0.7733101649879215 0.282265077984046 0.7712498359515416 0.2760840908749063 0.7691895069151617 0.2740237618385264 0.761634967115102 0.2774576435658262 0.7520200982786626 0.281578301638586 0.7506465455877427 0.2891328414386456 0.7554539800059624 0.29394027585686544 0.762321743460562 0.29806093392962524 0.7664424015333219 0.2987477102750852 0.7733101649879215
0 0.28844606509318566 0.7582010853878023 0.2898196177841056 0.745839111169523 0.2973741575841652 0.7492729928968227 0.29943448662054517 0.7540804273150424 0.2973741575841652 0.761634967115102
0 0.37497988462114135 0.7478994402059027 0.36811212116654174 0.745152334824063 0.3681121211665417 0.7389713477149232 0.37360633193022147 0.7389713477149233 0.37772699000298127 0.7417184530967631
0 0.45703125 0.888427734375 0.470947265625 0.88671875 0.47509765625 0.883544921875 0.47705078125 0.878662109375 0.4755859375 0.871826171875 0.463623046875 0.86376953125 0.456298828125 0.86572265625 0.451171875 0.871337890625 0.44970703125 0.876220703125 0.451171875 0.886474609375
0 0.5240103515859539 0.863964642588637 0.5157690354404344 0.8680853006613968 0.5040938375676149 0.8687720770068568 0.504093837567615 0.8639646425886371 0.5047806139130749 0.8584704318249572 0.5095880483312948 0.8529762210612777 0.5116483773676747 0.8509158920248976 0.5164558117858944 0.8488555629885179 0.5226367988950341 0.8550365500976576
0 0.7410316767513031 0.9319555007891736 0.7369110186785435 0.926461290025494 0.7348506896421634 0.9182199738799743 0.7396581240603832 0.9092918813889947 0.7451523348240631 0.9099786577344546 0.7465258875149829 0.9168464211890544 0.7478994402059029 0.923027408298194 0.7465258875149829 0.9285216190618737
0 0.7307300315694036 0.9498116857711327 0.7252358208057241 0.948438133080213 0.7204283863875042 0.944317475007453 0.7169945046602044 0.9408835932801533 0.7156209519692844 0.9367629352073935 0.7156209519692844 0.9312687244437138 0.7204283863875042 0.9237141846436541 0.7252358208057239 0.9209670792618143 0.7307300315694036 0.9209670792618142 0.7348506896421635 0.9257745136800339 0.7369110186785435 0.9271480663709538 0.7382845713694632 0.9326422771346335 0.7389713477149232 0.9422571459710731 0.7369110186785434 0.9491249094256727
0 0.7348506896421634 0.8948695781343354 0.7266093734966439 0.8893753673706558 0.7266093734966439 0.8797604985342162 0.7327903606057836 0.8694588533523168 0.7424052294422232 0.861904313552257 0.7478994402059028 0.862591089897717 0.7499597692422829 0.8687720770068568 0.7506465455877428 0.8770133931523763 0.7499597692422828 0.8797604985342162 0.7437787821331431 0.8928092490979556
0 0.7657556251878619 0.885254709297896 0.7575143090423423 0.8838811566069762 0.7527068746241227 0.8783869458432962 0.7568275326968823 0.8680853006613969 0.7602614144241822 0.8619043135522572 0.7657556251878619 0.8625910898977172 0.7691895069151617 0.8687720770068568 0.7691895069151617 0.8756398404614565
0 0.7829250338243611 0.8770133931523763 0.7774308230606813 0.8783869458432964 0.7746837176788417 0.8722059587341566 0.7746837176788416 0.8660249716250169 0.7781175994061414 0.8598439845158772 0.7836118101698211 0.8591572081704173 0.7891060209335008 0.861904313552257 0.7918531263153405 0.863964642588637 0.7925399026608007 0.8722059587341566 0.7911663499698808 0.8742662877705365
0 0.8028415478427 0.8866282619888158 0.7980341134244804 0.8818208275705963 0.8014679951517802 0.8715191823886967 0.8097093112972998 0.8687720770068569 0.8110828639882196 0.8770133931523765 0.8083357586063797 0.8838811566069761
0 0.9340158298255535 0.924400960989114 0.9189067502254343 0.9189067502254343 0.9195935265708943 0.9140993158072146 0.9250877373345741 0.9017373415889351 0.9298951717527938 0.8996770125525553 0.9374497115528535 0.9003637888980152 0.9395100405892335 0.9017373415889351 0.9415703696256132 0.9086051050435349 0.9415703696256132 0.9168464211890544 0.9395100405892334 0.9209670792618142
0 0.9910182664987306 0.9450042513529129 0.9793430686259114 0.9491249094256728 0.9731620815167714 0.9484381330802127 0.9690414234440118 0.9388232642437733 0.9759091868986114 0.9298951717527937 0.9827769503532111 0.9292083954073338 0.9882711611168908 0.9347026061710135
0 0.9930785955351105 0.9134125394617545 0.9841505030441311 0.9099786577344549 0.9820901740077513 0.903797670625315 0.9814033976622913 0.8955563544797955 0.9889579374623508 0.8941828017888755 0.9951389245714907 0.8983034598616353 0.9992595826442504 0.904484446970775 0.9999463589897103 0.9106654340799147
0 0.9971992536078704 0.8770133931523763 0.9903314901532709 0.8735795114250765 0.9917050428441908 0.866024971625017 0.9944521482260306 0.863277866243177 0.9985728062987903 0.8673985243159368
0 0.9800298449713711 0.8516026683703576 0.9724753051713119 0.8516026683703577 0.9683546470985519 0.8467952339521378 0.966981094407632 0.8426745758793781 0.9676678707530919 0.8371803651156984 0.9738488578622316 0.8337464833883985 0.9800298449713712 0.8378671414611584 0.9841505030441312 0.8433613522248381 0.9855240557350511 0.8488555629885178
0 0.9017373415889351 0.9127257631162946 0.8900621437161159 0.9120389867708346 0.8777001694978366 0.9147860921526745 0.8749530641159966 0.9092918813889947 0.8859414856433561 0.8941828017888755 0.8934960254434157 0.8921224727524957 0.8996770125525553 0.8989902362070953 0.9024241179343951 0.902424117934395 0.904484446970775 0.9072315523526149
0 0.8989902362070953 0.885254709297896 0.8941828017888757 0.8900621437161158 0.8866282619888158 0.8914356964070356 0.8838811566069761 0.8859414856433558 0.8831943802615162 0.8777001694978364 0.8893753673706559 0.8735795114250766 0.8955563544797956 0.8797604985342162
0 0.8996770125525552 0.8818208275705961 0.8989902362070954 0.8735795114250766 0.9010505652434753 0.865338195279557 0.906544776007155 0.8584704318249573 0.9120389867708347 0.865338195279557 0.9106654340799147 0.8756398404614565 0.906544776007155 0.8790737221887563
0 0.903110894279855 0.8522894447158176 0.8955563544797955 0.8495423393339778 0.8969299071707155 0.8399274704975382 0.9037976706253151 0.8351200360793185 0.9106654340799147 0.8406142468429982 0.9099786577344549 0.8502291156794377
0 0.9312687244437137 0.8797604985342162 0.9257745136800339 0.8777001694978365 0.9278348427164138 0.8722059587341566 0.9326422771346337 0.8708324060432366 0.9353893825164735 0.8770133931523764
0 0.8358068124247784 0.8873150383342758 0.8303126016610989 0.8921224727524957 0.825505167242879 0.8900621437161158 0.8289390489701789 0.883881156606976 0.8323729306974786 0.8818208275705962 0.8351200360793185 0.8818208275705962
0 0.8330597070429385 0.8605307608613371 0.826191943588339 0.864651418934097 0.8206977328246593 0.8673985243159369 0.8158902984064393 0.866024971625017 0.8158902984064395 0.8619043135522572 0.8213845091701192 0.8557233264431174 0.824131614551959 0.8543497737521976 0.8289390489701789 0.8529762210612776 0.8344332597338585 0.8550365500976576
0 0.8261919435883389 0.8330597070429385 0.8152035220609795 0.8323729306974786 0.8117696403336797 0.8289390489701788 0.8110828639882197 0.824131614551959 0.8145167457155196 0.8186374037882793 0.8193241801337393 0.8179506274428194 0.824818390897419 0.8248183908974189
0 0.6881498981508858 0.8467952339521378 0.684716016423586 0.8392406941520782 0.6867763454599659 0.8330597070429385 0.6922705562236455 0.8337464833883986 0.6936441089145657 0.8385539178066184 0.6936441089145657 0.8454216812612181
0 0.7994076661154003 0.8124564166791395 0.7856721392062012 0.8131431930245996 0.7856721392062012 0.8021547714972401 0.788419244588041 0.7897927972789608 0.7966605607335606 0.7904795736244207 0.8014679951517802 0.7946002316971804 0.8035283241881601 0.80352832418816 0.8014679951517802 0.8083357586063797
0 0.6098573947684497 0.8591572081704172 0.6036764076593101 0.8591572081704173 0.5947483151683304 0.8598439845158773 0.5961218678592505 0.8488555629885177 0.6023028549683901 0.8467952339521381 0.6091706184229898 0.847482010297598 0.6139780528412095 0.8516026683703577
0 0.5789524592227512 0.8742662877705365 0.5741450248045316 0.8673985243159368 0.5775789065318314 0.8612175372067973 0.5816995646045912 0.863964642588637 0.5823863409500512 0.8680853006613969
0 0.5356855494587733 0.7925399026608005 0.5253839042768739 0.7932266790062605 0.5219500225495741 0.784298586515281 0.526070680622334 0.7781175994061413 0.5322516677314736 0.7781175994061413 0.5349987731133135 0.7849853628607409
0 0.6435546875 0.808349609375 0.651123046875 0.8046875 0.6552734375 0.800048828125 0.65576171875 0.793701171875 0.651611328125 0.78662109375 0.640869140625 0.7890625 0.63525390625 0.796630859375 0.634765625 0.805908203125
0 0.12087263680095399 0.7382845713694632 0.11263132065543441 0.7375977950240034 0.11057099161905451 0.7307300315694036 0.11400487334635434 0.7266093734966439 0.120872636800954 0.7307300315694036 0.12293296583733392 0.7327903606057835
0 0.2373046875 0.735107421875 0.244140625 0.730224609375 0.2470703125 0.724365234375 0.2470703125 0.717529296875 0.243896484375 0.71435546875 0.239013671875 0.71484375 0.234375 0.721923828125 0.2333984375 0.733154296875
0 0.23388671875 0.705810546875 0.240234375 0.703857421875 0.24462890625 0.692626953125 0.242919921875 0.68701171875 0.235595703125 0.685546875 0.232177734375 0.68701171875 0.22216796875 0.697021484375 0.22216796875 0.702392578125 0.224853515625 0.70556640625
0 0.19985191652885007 0.6888366744963457 0.19435770576517036 0.684029240078126 0.19504448211063033 0.6771614766235263 0.1998519165288501 0.6757879239326063 0.20328579825614992 0.6819689110417462 0.20534612729252982 0.685402792769046
0 0.17333984375 0.676025390625 0.177734375 0.667236328125 0.17626953125 0.659912109375 0.173095703125 0.65625 0.164794921875 0.65625 0.16064453125 0.660888671875 0.1611328125 0.670654296875 0.165283203125 0.67529296875
0 0.1847428369287308 0.6270268034049488 0.1730676390559114 0.6338945668595485 0.16482632291039187 0.6325210141686285 0.16001888849217208 0.6290871324413287 0.15864533580125212 0.6215325926412691 0.16207921752855195 0.6146648291866694 0.17032053367407154 0.6126045001502896 0.17924862616505108 0.6126045001502896 0.18336928423781088 0.6174119345685093 0.18405606058327084 0.6208458162958091
0 0.193359375 0.588623046875 0.197509765625 0.587890625 0.20361328125 0.580810546875 0.20263671875 0.571533203125 0.196533203125 0.5654296875 0.19384765625 0.567626953125 0.18896484375 0.579833984375 0.18994140625 0.586181640625
0 0.23583984375 0.653564453125 0.2392578125 0.648193359375 0.2392578125 0.642333984375 0.237060546875 0.638671875 0.226806640625 0.63720703125 0.21875 0.640869140625 0.2177734375 0.648681640625 0.220458984375 0.65234375 0.222900390625 0.65380859375
0 0.2534204714747274 0.6112309474593696 0.24586593167466778 0.6132912764957494 0.24174527360190795 0.6098573947684497 0.24105849725644807 0.60367640765931 0.24517915532920787 0.6002425259320102 0.2499865897474276 0.6002425259320101 0.25342047147472746 0.6023028549683901 0.25548080051110733 0.60504996035023
0 0.333984375 0.689697265625 0.3369140625 0.684326171875 0.3359375 0.678955078125 0.329833984375 0.673828125 0.325439453125 0.67333984375 0.3232421875 0.677490234375 0.32421875 0.685791015625 0.329345703125 0.68994140625
0 0.70263671875 0.802490234375 0.70751953125 0.800537109375 0.7099609375 0.789306640625 0.708251953125 0.7861328125 0.697998046875 0.7822265625 0.6943359375 0.786376953125 0.693359375 0.792724609375 0.697265625 0.800048828125
0 0.6991383196782452 0.781551481133441 0.6922705562236456 0.7788043757516013 0.6888366744963459 0.7739969413333814 0.6888366744963459 0.763695296151482 0.6915837798781858 0.7554539800059624 0.6970779906418655 0.7561407563514224 0.7032589777510051 0.7595746380787223 0.706006083132845 0.764382072496942 0.7080664121692248 0.7705630596060817 0.706006083132845 0.7781175994061413 0.7046325304419251 0.7808647047879812
0 0.6902102271872657 0.7527068746241226 0.685402792769046 0.7465258875149828 0.6888366744963458 0.7396581240603832 0.6950176616054855 0.7424052294422231 0.6970779906418654 0.7499597692422828 0.6957044379509455 0.7533936509695827
0 0.7011986487146251 0.7568275326968823 0.6998250960237054 0.7506465455877427 0.7005118723691653 0.745152334824063 0.7018854250600852 0.7424052294422231 0.7032589777510051 0.7369110186785434 0.7073796358237648 0.7382845713694633 0.7087531885146848 0.7417184530967632 0.7101267412056048 0.7458391111695231 0.7101267412056048 0.7520200982786627 0.7080664121692248 0.7547672036605025
0 0.7314168079148636 0.762321743460562 0.7293564788784838 0.7540804273150424 0.7327903606057836 0.745839111169523 0.7375977950240034 0.7465258875149828 0.7396581240603832 0.7540804273150425 0.7375977950240034 0.7595746380787223
0 0.7176812810056643 0.7650688488424018 0.7080664121692247 0.762321743460562 0.707379635823765 0.7547672036605024 0.7128738465874447 0.7513333219332027 0.7190548336965842 0.7513333219332028 0.7218019390784242 0.7602614144241822
0 0.796875 0.748779296875 0.802734375 0.744384765625 0.8037109375 0.735595703125 0.80224609375 0.730712890625 0.796142578125 0.72802734375 0.79150390625 0.731201171875 0.791015625 0.737060546875 0.7919921875 0.746337890625
0 0.6338945668595485 0.7513333219332026 0.6270268034049489 0.744465558478603 0.6332077905140886 0.7314168079148636 0.6407623303141481 0.7314168079148636 0.6407623303141481 0.7389713477149233 0.6393887776232282 0.7444655584786031
0 0.6840292400781259 0.7231754917693439 0.6771614766235264 0.723175491769344 0.6751011475871467 0.7163077283147444 0.6812821346962862 0.7101267412056047 0.685402792769046 0.7128738465874446
0 0.8206977328246592 0.7877324682425808 0.8186374037882793 0.7712498359515416 0.8268787199337989 0.7630085198060221 0.8330597070429385 0.763695296151482 0.8344332597338585 0.7691895069151617 0.8337464833883986 0.7808647047879812 0.8289390489701789 0.7884192445880408
0 0.8557233264431174 0.8316861543520185 0.8509158920248978 0.8248183908974189 0.8495423393339777 0.8165770747518994 0.8543497737521974 0.8124564166791396 0.8605307608613372 0.8117696403336796 0.8625910898977172 0.8200109564791993 0.8619043135522572 0.8261919435883389
0 0.8543497737521974 0.8110828639882195 0.8488555629885179 0.80146799515178 0.8495423393339779 0.7939134553517204 0.8570968791340374 0.7925399026608007 0.8625910898977172 0.7966605607335604 0.8639646425886371 0.80421510053362 0.8619043135522572 0.8124564166791395
0 0.9312687244437137 0.8550365500976573 0.929208395407334 0.844048128570298 0.9360761588619334 0.8309993780065588 0.9443174750074531 0.8323729306974786 0.9484381330802129 0.8358068124247784 0.946377804043833 0.843361352224838 0.9422571459710732 0.8516026683703577 0.9374497115528535 0.8570968791340372
0 0.9463778040438329 0.8248183908974189 0.9415703696256132 0.8248183908974189 0.9374497115528535 0.8261919435883389 0.9312687244437139 0.825505167242879 0.9278348427164138 0.8206977328246592 0.9333290534800935 0.8124564166791395 0.9401968169346933 0.8083357586063799 0.947064580389293 0.8083357586063797 0.9484381330802129 0.8103960876427596 0.9491249094256728 0.8152035220609795 0.9498116857711327 0.8206977328246592
0 0.92333984375 0.790283203125 0.933349609375 0.78564453125 0.9365234375 0.780029296875 0.9365234375 0.772705078125 0.932861328125 0.767578125 0.922119140625 0.7705078125 0.91748046875 0.777099609375 0.91748046875 0.787353515625
0 0.8921224727524956 0.8110828639882197 0.885941485643356 0.80696220591546 0.8804472748796764 0.8007812188063202 0.8804472748796763 0.7904795736244208 0.8873150383342759 0.7863589155516609 0.8941828017888758 0.7870456918971209 0.8976166835161753 0.7959737843881005 0.8996770125525554 0.80421510053362 0.8976166835161755 0.8083357586063797
0 0.903110894279855 0.8055886532245398 0.9037976706253151 0.7994076661154002 0.9037976706253151 0.7946002316971805 0.9024241179343951 0.7918531263153408 0.8969299071707155 0.7918531263153407 0.8989902362070954 0.7842985865152811 0.905171223316235 0.784985362860741 0.9079183286980749 0.784985362860741 0.9134125394617546 0.7932266790062605 0.9127257631162948 0.8000944424608603 0.9106654340799148 0.8028415478427
0 0.31729067160250424 0.6263400270594888 0.30973613180244464 0.6180987109139693 0.31591711891158436 0.6126045001502896 0.32209810602072403 0.6160383818775894 0.32209810602072403 0.622906145332189
0 0.56884765625 0.720947265625 0.57373046875 0.713623046875 0.5712890625 0.708740234375 0.567626953125 0.70654296875 0.5595703125 0.713623046875 0.5595703125 0.718017578125 0.564208984375 0.72119140625
0 0.5419921875 0.717041015625 0.55029296875 0.713623046875 0.5498046875 0.705810546875 0.544189453125 0.703125 0.533447265625 0.70166015625 0.53125 0.706298828125 0.5341796875 0.714111328125 0.537841796875 0.716796875
0 0.7121870702419846 0.6668598314416267 0.7087531885146848 0.6593052916415673 0.703258977751005 0.6551846335688074 0.7005118723691652 0.6524375281869675 0.6998250960237051 0.6455697647323679 0.7087531885146847 0.6387020012777682 0.7176812810056644 0.6373284485868482 0.7245490444602639 0.6400755539686882 0.7252358208057239 0.6476300937687478 0.723175491769344 0.6558714099142675 0.721801939078424 0.6599920679870273 0.7190548336965842 0.665486278750707 0.7149341756238244 0.6675466077870869
0 0.7616349671151021 0.6833424637326659 0.7561407563514225 0.6785350293144463 0.7533936509695826 0.6744143712416865 0.7547672036605024 0.6702937131689266 0.7602614144241822 0.6689201604780068 0.7650688488424019 0.6709804895143867 0.7671291778787819 0.6771614766235263
0 0.9944521482260305 0.5844466699864308 0.9868976084259711 0.5885673280591908 0.9814033976622911 0.584446669986431 0.9786562922804516 0.5775789065318313 0.9841505030441312 0.5679640376953918 0.9944521482260306 0.5727714721136115 0.9978860299533305 0.5803260119136711
0 0.9814033976622911 0.6366416722413883 0.9745356342076916 0.6380152249323083 0.9676678707530919 0.6359548958959284 0.9635472126803322 0.6297739087867887 0.9676678707530918 0.6174119345685093 0.9738488578622315 0.6139780528412095 0.9786562922804514 0.6215325926412691 0.9820901740077512 0.6290871324413287
0 0.8261919435883389 0.7142473992783644 0.8227580618610392 0.7073796358237648 0.825505167242879 0.6957044379509454 0.8289390489701788 0.6957044379509454 0.8309993780065588 0.706006083132845 0.8309993780065588 0.7108135175510647
0 0.8605307608613372 0.7066928594783048 0.8522894447158177 0.7121870702419846 0.8440481285702981 0.7101267412056047 0.8440481285702981 0.7025722014055451 0.8522894447158177 0.6998250960237051 0.8584704318249574 0.6998250960237051
0 0.8969299071707154 0.6895234508418057 0.8900621437161157 0.7005118723691652 0.8852547092978961 0.7025722014055451 0.8742662877705366 0.703258977751005 0.8701456296977766 0.6998250960237051 0.8680853006613969 0.6943308852600254 0.8708324060432366 0.685402792769046 0.8777001694978364 0.6805953583508262 0.883881156606976 0.6792218056599062 0.8914356964070357 0.684029240078126
0 0.924400960989114 0.6867763454599658 0.9189067502254343 0.6867763454599659 0.9134125394617546 0.6799085820053663 0.9189067502254342 0.6709804895143866 0.927834842716414 0.6771614766235263 0.9305819480982538 0.6847160164235859
0 0.9875843847714307 0.6991383196782452 0.9834637266986712 0.6936441089145655 0.9848372793895911 0.6874631218054259 0.9930785955351104 0.6874631218054259 0.9958257009169504 0.6915837798781856 0.9930785955351105 0.6977647669873253
0 0.55126953125 0.681884765625 0.555908203125 0.68017578125 0.56005859375 0.675048828125 0.56103515625 0.668212890625 0.557373046875 0.6640625 0.549072265625 0.66455078125 0.541015625 0.674560546875 0.542724609375 0.6796875
0 0.5349987731133133 0.6709804895143865 0.5295045623496337 0.6730408185507666 0.521263246204114 0.6737275948962265 0.5185161408222742 0.6668598314416269 0.5240103515859539 0.6647995024052469
0 0.8969299071707155 0.7211151627329642 0.8962431308252555 0.7101267412056047 0.9017373415889353 0.7080664121692248 0.907231552352615 0.7080664121692248 0.9092918813889949 0.7142473992783644 0.9092918813889947 0.7197416100420442 0.9065447760071549 0.723175491769344
0 0.9456910276983729 0.7327903606057835 0.9395100405892334 0.7369110186785435 0.9319555007891738 0.7410316767513031 0.9271480663709539 0.7417184530967631 0.9209670792618142 0.7424052294422232 0.9189067502254343 0.7382845713694635 0.9195935265708943 0.7327903606057837 0.9250877373345741 0.7259225971511839 0.9326422771346337 0.7211151627329642 0.9381364878983134 0.7190548336965842 0.9436306986619931 0.7204283863875042 0.947064580389293 0.721801939078424 0.947751356734753 0.7272961498421038
0 0.9278348427164138 0.723175491769344 0.9271480663709539 0.7149341756238246 0.9312687244437139 0.7101267412056047 0.9374497115528535 0.7087531885146847 0.9443174750074531 0.7115002938965246 0.9450042513529132 0.7169945046602043 0.945691027698373 0.7211151627329642 0.9395100405892334 0.7190548336965843 0.9360761588619335 0.7211151627329642 0.9326422771346337 0.723175491769344
0 0.8811340512251361 0.6517507518415075 0.8742662877705366 0.6462565410778279 0.8735795114250766 0.6380152249323083 0.8756398404614565 0.6297739087867887 0.8818208275705962 0.6297739087867886 0.8852547092978961 0.6393887776232282 0.8873150383342759 0.6496904228051277
0 0.90673828125 0.635986328125 0.91064453125 0.632080078125 0.9111328125 0.626708984375 0.909423828125 0.623046875 0.905517578125 0.6220703125 0.899658203125 0.62451171875 0.89794921875 0.628662109375 0.900146484375 0.6337890625
0 0.8062754295699999 0.5995557495865502 0.80558865322454 0.5871937753682708 0.8090225349518398 0.5789524592227513 0.8172638510973594 0.5734582484590716 0.8241316145519589 0.5755185774954514 0.824818390897419 0.5851334463318909 0.8179506274428194 0.5968086442047104 0.8110828639882197 0.60504996035023
0 0.5803260119136712 0.6201590399503492 0.5686508140408518 0.622219368986729 0.5590359452044121 0.6194722636048893 0.5590359452044121 0.6126045001502896 0.5590359452044121 0.60436318400477 0.5659037086590119 0.5947483151683304 0.5700243667317716 0.5920012097864906 0.5748318011499914 0.5974954205501704 0.583073117295511 0.6009293022774702 0.5878805517137309 0.6029896313138501 0.5830731172955111 0.6132912764957495
0 0.39489639863948034 0.6421358830050681 0.3873418588394208 0.6359548958959285 0.38734185883942074 0.6270268034049489 0.3894021878758006 0.6208458162958093 0.3935228459485604 0.6187854872594292 0.3997038330577002 0.6187854872594293 0.3962699513304003 0.6304606851322487 0.3997038330577002 0.6380152249323083 0.4010773857486201 0.644196212041448
0 0.43310546875 0.594970703125 0.439453125 0.590087890625 0.4423828125 0.577392578125 0.436279296875 0.57373046875 0.424072265625 0.57373046875 0.419921875 0.579345703125 0.42041015625 0.588623046875 0.424072265625 0.59375
0 0.39970383305770013 0.6002425259320101 0.39420962229402046 0.5940615388228705 0.3921492932576406 0.5885673280591908 0.3921492932576405 0.5789524592227513 0.39626995133040027 0.5741450248045314 0.40382449113045993 0.5734582484590716 0.40863192554867966 0.5748318011499914 0.4120658072759796 0.5762053538409113 0.4127525836214395 0.5871937753682708 0.4127525836214395 0.5933747624774105 0.4079451492032198 0.5988689732410902 0.40588482016683985 0.5995557495865502
0 0.36330468674832195 0.6297739087867886 0.35918402867556215 0.6222193689867291 0.3605575813664821 0.6153516055321294 0.3653650157847019 0.6132912764957494 0.3694856738574616 0.6132912764957495 0.37360633193022147 0.6208458162958093 0.3715460028938416 0.6284003560958689 0.36879889751200173 0.6325210141686286
0 0.4058848201668398 0.4594533751127171 0.3976435040213202 0.4560194933854173 0.39489639863948034 0.44571784820351784 0.39970383305770013 0.4361029793670783 0.4058848201668398 0.43335587398523845 0.41069225458505965 0.4340426503306984 0.41000547823959965 0.442283966476218 0.4093187018941397 0.4498385062762776 0.4127525836214395 0.4560194933854173
0 0.1366684927465332 0.5748318011499913 0.13529494005561327 0.5665904850044718 0.1366684927465332 0.564530155968092 0.13941559812837304 0.564530155968092 0.14216270351021293 0.5659037086590119 0.14422303254659283 0.5707111430772316 0.14353625620113286 0.5755185774954514
0 0.22663619400178875 0.5384326548406132 0.2197684305471891 0.5329384440769336 0.21839487785626913 0.521950022549574 0.22663619400178878 0.5260706806223339 0.23281718111092847 0.5308781150405535 0.2335039574563884 0.5370591021496933
0 0.13186105832831344 0.3557501469482623 0.1277404002555537 0.3495691598391226 0.12774040025555367 0.34064106734814303 0.1332346110192334 0.33926751465722316 0.13804204543745313 0.3454485017663629 0.14010237447383303 0.3530030415664225 0.1366684927465332 0.3571236996391822
0 0.10370322816445483 0.4663211385673168 0.09752224105531515 0.47456245471283637 0.0906544776007155 0.47456245471283637 0.0885941485643356 0.47044179664007657 0.0885941485643356 0.4663211385673168 0.0927148066370954 0.45945337511271717 0.09889579374623508 0.4573930460763373 0.10301645181899488 0.45945337511271717
0 0.13323461101923337 0.46494758587639684 0.13323461101923337 0.4560194933854173 0.13598171640107323 0.4464046245489778 0.14078915081929297 0.4470914008944377 0.1449098088920528 0.4505252826217376 0.14628336158297273 0.4546459406944974 0.14010237447383303 0.462200480494557 0.1387288217829131 0.4635740331854769
0 0.1270536239100937 0.41549968900327927 0.11675197872819419 0.41687324169419926 0.11194454430997444 0.4141261363123594 0.11400487334635434 0.4045112674759199 0.1188123077645741 0.40245093843954005 0.1249932948737138 0.403137714785 0.12842717660101366 0.4051980438213799 0.1291139529464736 0.4086319255486797
0 0.15864533580125215 0.5164558117858944 0.15383790138303235 0.5219500225495741 0.14834369061935263 0.524010351585954 0.14559658523751276 0.5137087064040544 0.15109079600119252 0.5082144956403747 0.15727178311033221 0.5095880483312947 0.15727178311033221 0.5130219300585945
0 0.241058497256448 0.49173186334933555 0.23487751014730837 0.49859962680393527 0.23075685207454855 0.5020335085312351 0.22457586496540888 0.5006599558403151 0.22320231227448895 0.4972260741130153 0.22869652303816868 0.48486409989473583 0.23693783918368827 0.48486409989473583
0 0.16551309925585178 0.47318890202191644 0.1634527702194719 0.46838146760369676 0.16482632291039184 0.4628872568400171 0.17032053367407154 0.464260809530937 0.1723808627104515 0.4711285729855367
0 0.30029296875 0.518310546875 0.3046875 0.515380859375 0.30419921875 0.507568359375 0.297607421875 0.49853515625 0.292724609375 0.49853515625 0.2880859375 0.504638671875 0.2880859375 0.511962890625 0.291259765625 0.5166015625
0 0.482803770858356 0.6380152249323082 0.4779963364401362 0.6311474614777086 0.47936988913105616 0.623592921677649 0.48692442893111576 0.6242796980231089 0.48967153431295574 0.6263400270594888 0.48967153431295574 0.6332077905140885
0 0.5234375 0.633056640625 0.5283203125 0.627685546875 0.52783203125 0.619384765625 0.524658203125 0.61572265625 0.517822265625 0.615234375 0.51318359375 0.619873046875 0.51318359375 0.629150390625 0.516357421875 0.6328125
0 0.49853515625 0.620361328125 0.5029296875 0.618408203125 0.505859375 0.612060546875 0.50634765625 0.602294921875 0.504150390625 0.6005859375 0.498291015625 0.6005859375 0.4931640625 0.607177734375 0.49267578125 0.615966796875
0 0.5521681817498125 0.6249664743685689 0.5466739709861328 0.6270268034049488 0.5404929838769931 0.6270268034049488 0.5398062075315332 0.6160383818775894 0.5466739709861328 0.6146648291866694 0.5507946290588925 0.6201590399503492
0 0.3475088308027427 0.4834905472038159 0.342701396384523 0.4903583106584157 0.3378939619663032 0.48761120527657575 0.3378939619663032 0.47936988913105616 0.34407494907544295 0.47730956009467623
0 0.6249664743685689 0.620845816295809 0.6222193689867291 0.6126045001502896 0.624966474368569 0.6016160786229301 0.6318342378231687 0.6002425259320101 0.6359548958959285 0.6077970657320698 0.6325210141686286 0.6167251582230493 0.6297739087867887 0.6215325926412691
0 0.5419921875 0.564697265625 0.5498046875 0.560302734375 0.55078125 0.555419921875 0.547607421875 0.55126953125 0.540283203125 0.54931640625 0.5361328125 0.552001953125 0.53564453125 0.557861328125 0.537109375 0.561767578125
0 0.563843379622632 0.5672772613499317 0.5590359452044121 0.5617830505862521 0.5590359452044121 0.5549152871316525 0.5604094978953321 0.5487343000225128 0.566590485004472 0.5521681817498126 0.5693375903863118 0.5576623925134924 0.5679640376953918 0.5638433796226321
0 0.581012788259131 0.5604094978953321 0.5734582484590716 0.5583491688589521 0.5734582484590716 0.5507946290588926 0.5727714721136116 0.5418665365679131 0.5672772613499318 0.5391194311860732 0.566590485004472 0.5343119967678535 0.5713979194226916 0.5343119967678535 0.5762053538409113 0.5349987731133135 0.5789524592227512 0.5466739709861328 0.5823863409500512 0.5521681817498125
0 0.0322784882366184 0.35506337060280235 0.028157830163858602 0.36193113405740207 0.021976843054718916 0.36399146309378194 0.019229737672879058 0.3605575813664821 0.02266361940017888 0.3543765942573424 0.027471053818398636 0.35094271253004256 0.0322784882366184 0.35025593618458256
0 0.42923521591247865 0.48555087624019583 0.4223674524578791 0.48349054720381596 0.42168067611241905 0.4786831127855962 0.4244277814942589 0.4731889020219165 0.4306087686033987 0.4704417966400766 0.43472942667615844 0.4738756783673765 0.43404265033069844 0.47936988913105616
0 0.6284003560958688 0.5885673280591908 0.6229061453321891 0.5858202226773509 0.6187854872594292 0.583073117295511 0.6187854872594292 0.5775789065318313 0.6215325926412691 0.5762053538409113 0.626340027059489 0.5762053538409114 0.6318342378231687 0.5796392355682112 0.6338945668595486 0.5871937753682709
0 0.6414491066596081 0.60298963131385 0.6366416722413883 0.5988689732410902 0.6393887776232283 0.5920012097864906 0.6462565410778279 0.5940615388228705 0.6490036464596678 0.5974954205501704 0.6469433174232878 0.6009293022774702
0 0.7238622681148039 0.6249664743685689 0.7163077283147444 0.6277135797504089 0.7108135175510646 0.626340027059489 0.707379635823765 0.623592921677649 0.707379635823765 0.6174119345685094 0.7121870702419847 0.6132912764957494 0.7169945046602044 0.6112309474593696 0.7231754917693441 0.6132912764957495 0.7259225971511839 0.6194722636048893
0 0.99267578125 0.370361328125 1 0.367431640625 0.999755859375 0.34033203125 0.987060546875 0.34765625 0.9833984375 0.351318359375 0.9814453125 0.357177734375 0.9814453125 0.365478515625 0.986572265625 0.369140625
0 0.8955563544797954 0.44434429551259785 0.9024241179343951 0.43541620302161843 0.907231552352615 0.4278616632215587 0.905171223316235 0.42168067611241905 0.8989902362070954 0.4251145578397189 0.8921224727524957 0.4333558739852385 0.8914356964070358 0.442970742821678
0 0.9292083954073338 0.4258013341851788 0.9230274082981943 0.4244277814942589 0.9189067502254342 0.41893357073057913 0.9216538556072741 0.41412613631235945 0.9257745136800339 0.41275258362143946 0.9305819480982538 0.4175600180396592
0 0.9498116857711327 0.40451126747591987 0.9415703696256132 0.40107738574862006 0.9333290534800935 0.38940218787580066 0.9415703696256132 0.3845947534575809 0.9504984621165928 0.38940218787580066 0.9532455674984327 0.3983302803667802
0 0.8673985243159368 0.47936988913105616 0.8591572081704173 0.47730956009467634 0.8564101027885773 0.46838146760369676 0.8646514189340969 0.46357403318547696 0.8728927350796166 0.4670079149127768 0.8728927350796166 0.4745624547128364
0 0.6902102271872657 0.5837598936409709 0.684029240078126 0.5823863409500512 0.6805953583508262 0.5755185774954514 0.684029240078126 0.5686508140408517 0.6888366744963458 0.5686508140408517 0.6922705562236456 0.5741450248045314
0 0.6723540422053067 0.5473607473315929 0.6682333841325468 0.5411797602224531 0.6764747002780664 0.5349987731133135 0.6805953583508261 0.5343119967678536 0.6812821346962862 0.5384326548406133 0.6764747002780664 0.5432400892588329
0 0.72265625 0.537353515625 0.737548828125 0.5341796875 0.740966796875 0.53125 0.74462890625 0.526123046875 0.74169921875 0.519287109375 0.737548828125 0.51708984375 0.734130859375 0.517578125 0.721923828125 0.5244140625 0.7177734375 0.529541015625 0.7177734375 0.533935546875
0 0.7918531263153405 0.5782656828772912 0.7822382574789012 0.5741450248045314 0.7815514811334412 0.5665904850044718 0.7870456918971208 0.5624698269317121 0.7925399026608005 0.561783050586252 0.7973473370790204 0.5665904850044718 0.7987208897699404 0.5720846957681516
0 0.8309993780065587 0.5590359452044121 0.8227580618610392 0.5610962742407921 0.8193241801337393 0.5590359452044122 0.8172638510973594 0.5542285107861924 0.824818390897419 0.5507946290588925 0.8337464833883985 0.5535417344407325
0 0.7739969413333815 0.5192029171677341 0.7698762832606217 0.5143954827495145 0.7691895069151619 0.5075277192949148 0.7733101649879216 0.5047806139130749 0.7794911520970613 0.5054673902585349 0.7801779284425212 0.5137087064040545 0.7781175994061413 0.521950022549574
0 0.7959737843881004 0.5233235752404939 0.7822382574789012 0.5192029171677341 0.7788043757516013 0.5130219300585945 0.7794911520970613 0.5075277192949148 0.785672139206201 0.5047806139130749 0.7925399026608007 0.5054673902585349 0.7987208897699404 0.5089012719858348 0.8014679951517802 0.5150822590949744 0.8014679951517802 0.5198896935131943
0 0.7698762832606216 0.49859962680393516 0.762321743460562 0.4972260741130153 0.7609481907696423 0.4903583106584157 0.765068848842402 0.48555087624019594 0.7726233886424615 0.48692442893111587 0.7746837176788416 0.49104508700387567 0.7746837176788416 0.49516574507663547
0 0.80764898226092 0.46082692780363704 0.8152035220609796 0.44846495358535765 0.8103960876427598 0.44777817723989777 0.8042151005336201 0.45052528262173763 0.8021547714972402 0.45464594069449743
0 0.7513333219332026 0.46563436222185683 0.7568275326968823 0.45670626973087725 0.7527068746241226 0.45189883531265757 0.745839111169523 0.4594533751127171 0.7458391111695228 0.46494758587639684
0 0.69140625 0.497802734375 0.69873046875 0.490478515625 0.6982421875 0.486572265625 0.694091796875 0.48388671875 0.690185546875 0.48486328125 0.68603515625 0.490966796875 0.68603515625 0.495849609375
0 0.5336252204223935 0.501346732185775 0.5274442333132537 0.5061541666039948 0.5198896935131941 0.4992864031493952 0.5192029171677341 0.4937921923857155 0.5267574569677937 0.4910450870038756 0.5349987731133133 0.4937921923857155
0 0.5803260119136712 0.5061541666039948 0.5796392355682112 0.4992864031493952 0.581012788259131 0.4910450870038756 0.5865069990228109 0.4889847579674957 0.5892541044046506 0.4931054160402555 0.5913144334410305 0.5013467321857751 0.5885673280591908 0.5068409429494548 0.5858202226773509 0.5082144956403747
0 0.6180987109139693 0.49104508700387556 0.6132912764957495 0.4889847579674957 0.6119177238048296 0.48143021816743614 0.6139780528412095 0.47593600740375636 0.6187854872594292 0.47662278374921635 0.6201590399503493 0.47936988913105616 0.6208458162958093 0.4848640998947359
0 0.5610962742407921 0.48074344182197604 0.5569756161680323 0.47318890202191655 0.5597227215498721 0.46838146760369676 0.565216932313552 0.46769469125823676 0.5693375903863118 0.4690682439491567 0.5693375903863118 0.4738756783673765 0.566590485004472 0.4779963364401363
0 0.663425949714327 0.4312955449488586 0.6579317389506474 0.4361029793670783 0.6510639754960477 0.4374765320579982 0.6469433174232879 0.4319823212943185 0.6490036464596678 0.4271748868760987 0.6572449626051874 0.42442778149425886 0.6627391733688671 0.4264881105306388
0 0.7856721392062009 0.40039060940316007 0.7842985865152811 0.40519804382137986 0.7767440467152215 0.4065715965122998 0.7739969413333816 0.3997038330577002 0.7781175994061413 0.39695672767586027
0 0.48074344182197604 0.40039060940316007 0.47112857298553656 0.3962699513304003 0.4718153493309965 0.38871541153034067 0.4773095600946763 0.38596830614850075 0.4841773235492759 0.38596830614850075 0.48761120527657575 0.3887154115303406 0.4869244289311158 0.39352284594856035 0.483490547203816 0.3955831749849403
0 0.29187994682048546 0.4182467943851192 0.28844606509318566 0.4100054782395996 0.2891328414386456 0.403137714785 0.2953138285477853 0.4045112674759199 0.2980609339296252 0.4093187018941397 0.29600060489324526 0.4161864653487394
0 0.2575411295474872 0.40725837285775973 0.25204691878380747 0.40931870189413966 0.2458659316746678 0.41000547823959965 0.2451791553292078 0.40451126747591987 0.2486130370565076 0.39970383305770013 0.25204691878380747 0.39970383305770013 0.2568543532020272 0.40176416209408
0 0.29931640625 0.322509765625 0.301513671875 0.322265625 0.30322265625 0.319091796875 0.3017578125 0.308837890625 0.291259765625 0.30078125 0.285888671875 0.3017578125 0.28369140625 0.305419921875 0.28515625 0.313720703125 0.293701171875 0.3212890625
0 0.322098106020724 0.30424192103876485 0.32003777698434416 0.29531382854778526 0.322098106020724 0.2877592887477257 0.32759231678440376 0.2863857360568058 0.33102619851170356 0.2946270522023254 0.32965264582078363 0.30012126296600505 0.3269055404389438 0.30080803931146505
0 0.3653650157847018 0.2960006048932453 0.3564369232937223 0.2939402758568654 0.35506337060280235 0.2891328414386457 0.363304686748322 0.28775928874772577 0.3681121211665417 0.2905063941295656
0 0.5748318011499914 0.4038244911304599 0.5720846957681516 0.3942096222940204 0.5727714721136116 0.38734185883942074 0.5775789065318313 0.3866550824939608 0.5816995646045912 0.39146251691218054 0.5816995646045912 0.39695672767586027 0.5768921301863714 0.40176416209408006
0 0.5974954205501702 0.40588482016683974 0.5899408807501106 0.40382449113045993 0.5913144334410305 0.39352284594856046 0.5981821968956302 0.3900889642212606 0.60230285496839 0.39214929325764053 0.6023028549683901 0.3990170567122402
0 0.6194722636048892 0.3969567276758602 0.6084838420775297 0.3997038330577002 0.5988689732410903 0.3928360696031005 0.6016160786229301 0.3866550824939608 0.6071102893866098 0.38459475345758093 0.6132912764957494 0.38734185883942074 0.6201590399503492 0.3900889642212606
0 0.623592921677649 0.3729195555847614 0.6146648291866695 0.3687988975120017 0.6146648291866695 0.3571236996391823 0.6187854872594292 0.3550633706028024 0.622219368986729 0.35368981791188236 0.6263400270594889 0.3530030415664225 0.6277135797504089 0.3584972523301022 0.6297739087867887 0.36261791040286195 0.6284003560958689 0.3701724502029216
0 0.6716672658598466 0.3550633706028023 0.6654862787507069 0.3564369232937223 0.6572449626051874 0.35575014694826235 0.6544978572233475 0.35094271253004256 0.6544978572233474 0.343388172729983 0.6531243045324276 0.3337733038935434 0.6593052916415673 0.3303394221662436 0.664799502405247 0.32896586947532364 0.6702937131689267 0.32965264582078363 0.6709804895143867 0.3337733038935434 0.6709804895143867 0.3406410673481431 0.6723540422053066 0.3454485017663628 0.6730408185507665 0.3495691598391226
0 0.7252358208057239 0.35849725233010216 0.7204283863875042 0.3598708050210222 0.7142473992783644 0.36055758136648214 0.7121870702419847 0.35849725233010227 0.7135606229329046 0.35300304156642254 0.7197416100420443 0.35162948887550255 0.7266093734966439 0.3530030415664224
0 0.7403449004058431 0.3722327792393014 0.7348506896421634 0.3681121211665417 0.7334771369512436 0.36124435771194213 0.7396581240603833 0.35987080502102214 0.745839111169523 0.3605575813664821 0.7472126638604429 0.36742534482108175
0 0.8014679951517801 0.3372071856208432 0.7994076661154003 0.322098106020724 0.80421510053362 0.320724553329804 0.80696220591546 0.3262187640934837 0.80696220591546 0.33171297485716345 0.80627542957 0.33926751465722316
0 0.8797604985342162 0.3475088308027427 0.8722059587341567 0.342014620039063 0.8715191823886969 0.33033942216624357 0.8742662877705367 0.3282790931298637 0.8797604985342165 0.3269055404389438 0.8859414856433561 0.3282790931298637 0.885941485643356 0.33446008023900337 0.885941485643356 0.33926751465722316 0.883881156606976 0.3447617254209029
0 0.9140993158072145 0.3172906716025042 0.9278348427164139 0.3104229081479046 0.9292083954073339 0.2994344866205451 0.925774513680034 0.29737415758416524 0.9195935265708943 0.30149481565692504 0.9134125394617545 0.3076758027660647 0.9106654340799148 0.3159171189115843
0 0.13529494005561327 0.015109079600119257 0.12774040025555367 0.011675197872819442 0.12430651852825386 0.00549421076367974 0.12430651852825386 0 0.1366684927465332 0 0.14078915081929302 0 0.140789150819293 0.007554539800059629 0.13735526909199317 0.013735526909199325
0 0.08584704318249572 0.021290066709258954 0.08035283241881601 0.019229737672879072 0.07829250338243611 0.013048750563739334 0.08172638510973594 0.007554539800059653 0.0865338195279557 0.0068677634545997075 0.08928092490979557 0.010988421527359469 0.0906544776007155 0.016482632291039197 0.0906544776007155 0.02129006670925896
0 0.061123094745936954 0.008928092490979561 0.059062765709557076 2.0816681711721685e-17 0.06524375281869677 0 0.06730408185507665 0.004120658072759811
0 0.06524375281869675 0.09752224105531515 0.05906276570955706 0.09340158298255538 0.05906276570955707 0.08653381952795572 0.06387020012777683 0.08447349049157583 0.07005118723691654 0.08516026683703576 0.0707379635823765 0.09065447760071549 0.06799085820053663 0.09614868836439522
0 0.030904935545698464 0.29600060489324526 0.02541072478201875 0.2918799468204855 0.01854296132741908 0.2891328414386456 0.02403717209109881 0.2781444199112862 0.029531382854778535 0.2712766564566866 0.032965264582078366 0.2712766564566866 0.0363991463093782 0.2760840908749064 0.03571236996391823 0.28295185432950604 0.035025593618458264 0.29187994682048557
0 0.07485862165513628 0.2905063941295655 0.06455697647323681 0.29600060489324537 0.05700243667317717 0.29668738123870536 0.054255331291337305 0.29050639412956564 0.062496647436856914 0.28432540702042597 0.07005118723691654 0.2843254070204259
0 0.04120658072759795 0.25891468223840713 0.03777269900029813 0.25136014243834753 0.039833028036678035 0.24723948436558768 0.04670079149127769 0.2458659316746678 0.05082144956403748 0.24792626071104773 0.04738756783673766 0.25342047147472746
0 0.40382449113045993 0.27196343280214647 0.39833028036678025 0.2637221166566269 0.40245093843954 0.2541072478201874 0.40725837285775973 0.2547940241656474 0.4079451492032198 0.26166178762024705 0.4072583728577598 0.2678427747293867
0 0.422367452457879 0.242432049947368 0.4134393599668995 0.2472394843655878 0.4058848201668398 0.24449237898374784 0.4093187018941397 0.23075685207454855 0.41412613631235945 0.2252626413108688 0.4203071234214991 0.22663619400178875 0.4244277814942589 0.23281718111092847
0 0.24243204994736794 0.25067336609288754 0.23213040476546848 0.2472394843655878 0.2293832993836286 0.242432049947368 0.2293832993836286 0.23281718111092853 0.2335039574563884 0.22869652303816868 0.23968494456552808 0.23007007572908864 0.24586593167466775 0.23968494456552816 0.24586593167466775 0.24792626071104776
0 0.19985191652885007 0.07966605607335603 0.21496099612896932 0.07348506896421639 0.2190816542017291 0.06661730550961673 0.21839487785626913 0.05906276570955707 0.21221389074712946 0.05768921301863714 0.20603290363798976 0.05837598936409712 0.20259902191068993 0.06661730550961671 0.19985191652885007 0.07829250338243611
0 0.08447349049157579 0.10576355720083475 0.08241316145519591 0.11469164969181435 0.07554539800059623 0.1174387550736542 0.0707379635823765 0.11949908411003407 0.06661730550961671 0.1133180970008944 0.07417184530967633 0.10439000450991487 0.07829250338243611 0.10301645181899488
0 0.07760572703697613 0.10370322816445482 0.07897927972789606 0.09752224105531518 0.08103960876427596 0.09408835932801528 0.08447349049157579 0.08996770125525559 0.09134125394617548 0.0858470431824958 0.0906544776007155 0.09889579374623517 0.0906544776007155 0.10645033354629471 0.08241316145519591 0.1071371098917547
0 0.07073796358237648 0.2307568520745485 0.0645569764732368 0.22869652303816868 0.06524375281869677 0.22320231227448897 0.07279829261875641 0.223202312274489 0.07623217434605623 0.22869652303816873
0 0.04944789687311754 0.18955027134695057 0.04395368610943782 0.18474283692873078 0.04807434418219761 0.17924862616505113 0.05288177860041736 0.18062217885597098 0.05425533129133729 0.18817671865603064
0 0.08928092490979556 0.22045520689264902 0.08378671414611585 0.21427421978350944 0.08790737221887564 0.2067196799834497 0.09408835932801533 0.20603290363798982 0.09752224105531515 0.21015356171074961 0.09408835932801532 0.21633454881988928
0 0.12568007121917377 0.22938329938362856 0.11881230776457412 0.2266361940017887 0.11331809700089437 0.22114198323810902 0.11057099161905451 0.2190816542017292 0.1071371098917547 0.21221389074712949 0.10645033354629471 0.2094667853652896 0.10851066258267461 0.20465935094706988 0.11537842603727427 0.20397257460160978 0.1188123077645741 0.20397257460160978 0.12568007121917377 0.20740645632890964 0.12980072929193354 0.2094667853652895 0.13048750563739353 0.22045520689264897 0.12980072929193354 0.22457586496540877
0 0.18896484375 0.223876953125 0.19140625 0.221923828125 0.19287109375 0.216064453125 0.189208984375 0.21337890625 0.181396484375 0.21533203125 0.181640625 0.221435546875 0.184326171875 0.22412109375
0 0.06936441089145655 0.16894698098315158 0.0666173055096167 0.16276599387401197 0.0686776345459966 0.15383790138303238 0.07348506896421637 0.15315112503757244 0.07554539800059626 0.1586453358012522 0.07623217434605623 0.16551309925585186 0.0748586216551363 0.17032053367407152
0 0.27978515625 0.088134765625 0.3046875 0.078857421875 0.302734375 0.062744140625 0.298095703125 0.05517578125 0.294189453125 0.0556640625 0.28662109375 0.065673828125 0.27490234375 0.074951171875 0.27490234375 0.084716796875
0 0.3111096844933645 0.0631834237823169 0.3214113296752641 0.05631566032771723 0.3234716587116439 0.04258013341851788 0.3166038952570443 0.04326690976397786 0.3104229081479046 0.049447896873117556
0 0.3234716587116439 0.1943577057651703 0.3193510006388841 0.1971048111470102 0.3145435662206644 0.19710481114701017 0.31110968449336457 0.1922973767287905 0.31110968449336457 0.18611638961965077 0.31454356622066443 0.18268250789235096 0.31935100063888416 0.1840560605832709 0.32347165871164396 0.1874899423105707
0 0.33858073831176316 0.19229737672879044 0.3337733038935434 0.18817671865603075 0.3337733038935434 0.17856184981959117 0.3337733038935434 0.17306763905591147 0.33995429100268315 0.1730676390559115 0.3440749490754429 0.17581474443775136 0.3440749490754429 0.1813089552014311 0.34407494907544295 0.18955027134695068 0.3433881727299829 0.1957312584560903
0 0.3623046875 0.162841796875 0.3720703125 0.156982421875 0.375 0.149658203125 0.3740234375 0.141845703125 0.368896484375 0.134765625 0.363037109375 0.13720703125 0.35791015625 0.145263671875 0.357421875 0.158935546875
0 0.47119140625 0.091552734375 0.47802734375 0.087158203125 0.4778803357195778 0.08351306837817865 0.4713848748457194 0.07980137645025961 0.46349752949889145 0.08026533794124947 0.45947265625 0.082763671875 0.4599609375 0.088623046875 0.463134765625 0.09130859375
0 0.38972765243150026 0.06309876277462385 0.39483122883238897 0.057531224882745265 0.3957591518143687 0.052891609972846476 0.39483122883238897 0.04732407208096789 0.3920474598864497 0.047788033571957766 0.3897276524315003 0.05149972549987682 0.38787180646754077 0.05521141742779587 0.38694388348556097 0.06031499382868456 0.38787180646754077 0.06402668575660361
0 0.4235968412737616 0.09372022117995601 0.4166374189089134 0.09372022117995601 0.4147815729449539 0.08954456776104708 0.41524553443594375 0.08536891434213814 0.4184932648728729 0.0839770298691685 0.4226689182917819 0.08583287583312806 0.42638061021970086 0.09047249074302686
0 0.4792722201925473 0.16609821377437747 0.4723127978276991 0.16285048333744834 0.4699929903727497 0.15774690693655963 0.47138487484571934 0.1535712535176507 0.47370468230066876 0.15078748457171143 0.47880825870155747 0.15078748457171143 0.4825199506294765 0.1517154075536912 0.484839758084426 0.1540352150086406 0.4843757965934361 0.1586748299185394 0.4839118351024462 0.1614585988644787 0.48251995062947656 0.16563425228338763
0 0.5210287543816365 0.17120179017526618 0.5168531009627277 0.16980990570229657 0.5136053705257986 0.16470632930140783 0.5136053705257986 0.1609946373734888 0.5149972549987683 0.1591387914095293 0.5173170624537177 0.1586748299185394 0.5201008313996569 0.1591387914095293 0.5219566773636164 0.16053067588249895 0.5224206388546064 0.16238652184645846 0.5224206388546064 0.16563425228338763
0 0.4825199506294765 0.044540303135028596 0.4760244897556182 0.045468226117008376 0.4741686437916587 0.04129257269809944 0.4764884512466081 0.0371169192791905 0.4820559891384867 0.03758088077018039
0 0.5033982177240212 0.04314841866205895 0.5001504872870921 0.045468226117008376 0.49504691088620334 0.047788033571957766 0.4917991804492741 0.047788033571957766 0.48947937299432476 0.04593218760799825 0.4880874885213551 0.0422204956800792 0.4880874885213551 0.03804484226117026 0.48947937299432476 0.03572503480622086 0.48994333448531463 0.03386918884226134 0.4904072959763045 0.031085419896322034 0.49133521895828425 0.02922957393236251 0.4945829493952134 0.028765612441372657 0.4978306798321426 0.030157496914342302 0.49922256430511225 0.03201334287830182 0.5010784102690717 0.03386918884226135 0.5029342562330312 0.03665295778820063 0.5057180251789706 0.03990068822512981
0 0.5103576400888693 0.03850880375216014 0.5020063332510516 0.036652957788200616 0.5033982177240213 0.031085419896322047 0.5066459481609504 0.0292295739323625 0.5089657556158997 0.030621458405332147 0.5117495245618391 0.033869188842261325 0.5108216015798593 0.03804484226117025
0 0.636555165638117 0.041756534189089305 0.6282038588002992 0.03943672673413991 0.6254200898543599 0.035261073315230984 0.6258840513453499 0.03062145840533216 0.6295957432732688 0.027373727968402983 0.6337713966921779 0.025981843495433338 0.6379470501110868 0.025053920513453593 0.640730819057026 0.028765612441372643 0.640730819057026 0.032013342878301806 0.6402668575660362 0.0347971118242411 0.6384110116020767 0.03943672673413991 0.6374830886200968 0.040364649716119666 0.6356272426561373 0.04361238015304883
0 0.5989742848679367 0.04361238015304884 0.5943346699580381 0.04871595655393754 0.590159016539129 0.05010784102690717 0.58598336312022 0.05010784102690717 0.5845914786472505 0.047324072080967894 0.5873752475931897 0.043612380153048844 0.5906229780301189 0.041292572698099425 0.5947986314490279 0.03990068822512981
0 0.5405151370032116 0.05985103233769467 0.5344836376203432 0.06077895531967445 0.5326277916563837 0.056603301900765506 0.5321638301653938 0.050571802517897065 0.5330917531473736 0.04593218760799827 0.5395872140212319 0.045932187607998255 0.5423709829671712 0.052427648481856604
0 0.5521141742779586 0.0668104547025429 0.5479385208590498 0.06077895531967446 0.5460826748950902 0.05660330190076551 0.5451547519131106 0.05103576400888695 0.5497943668230094 0.04871595655393755 0.5586096351518172 0.051499725499876824 0.5613934040977564 0.054747455936806 0.5613934040977564 0.05985103233769468 0.5595375581337969 0.06402668575660361 0.5558258662058778 0.06541857022957326
0 0.5562898276968675 0.11042283485559173 0.5530420972599385 0.1067111429276727 0.550722289804989 0.1034634124907435 0.551186251295979 0.09975172056282447 0.5530420972599386 0.09743191310787504 0.5553619047148879 0.09604002863490538 0.5581456736608272 0.09557606714391553 0.5609294426067664 0.09557606714391553 0.5646411345346856 0.0988237975808447 0.5646411345346856 0.10207152801777386 0.5646411345346856 0.10299945099975363 0.5637132115527057 0.1062471814366828 0.5609294426067665 0.10856698889163222
0 0.5716005568995337 0.12294979511231852 0.5692807494445843 0.11413452678351078 0.5683528264626045 0.10856698889163224 0.5678888649716147 0.10485529696371314 0.5702086724265641 0.1034634124907435 0.5753122488274528 0.10392737398173342 0.5776320562824022 0.10671114292767271 0.5790239407553718 0.10995887336460188 0.5794879022463617 0.11367056529252091 0.578559979264382 0.11970206467538937 0.5753122488274528 0.12202187213033878 0.5739203643544831 0.12294979511231852
0 0.542834944458161 0.24172393680572812 0.5372674065662825 0.24543562873364716 0.5307719456924241 0.24636355171562696 0.5307719456924241 0.2398680908417686 0.5326277916563837 0.23569243742285972 0.5358755220933129 0.23476451444087998 0.5409790984942016 0.23662036040483947
0 0.5238125233275759 0.23894016785978883 0.5298440227104444 0.2352284759318698 0.5326277916563837 0.22919697654900134 0.5340196761293533 0.22641320760306205 0.5289160997284647 0.2240934001481127 0.5265962922735152 0.22594924611207223 0.5219566773636164 0.2319807454949407 0.5196368699086671 0.2361563989138496 0.520100831399657 0.23940412935077876
0 0.542834944458161 0.23754828338681921 0.5479385208590497 0.23430055294989005 0.550722289804989 0.23244470698593062 0.5521141742779587 0.2301248995309811 0.5525781357689487 0.22548528462108233 0.5530420972599386 0.21945378523821393 0.551186251295979 0.214814170328315 0.5465466363860803 0.2152781318193049 0.5428349444581612 0.2180619007652442 0.5400511755122218 0.22270151567514304 0.5391232525302421 0.22919697654900137 0.5405151370032117 0.23430055294989002
0 0.6050057842508051 0.27791293310293885 0.6026859767958559 0.2723453952110603 0.6040778612688256 0.26631389582819187 0.6077895531967444 0.2644580498642323 0.6115012451246635 0.26816974179215136 0.609645399160704 0.2742012411750198
0 0.5734564028634932 0.19161609577882094 0.5683528264626045 0.18651251937793228 0.566960941989635 0.18001705850407398 0.5716005568995338 0.18001705850407396 0.5762401718094325 0.1814089429770436 0.5776320562824022 0.183728750431993 0.5776320562824022 0.19022421130585132
0 0.5873752475931897 0.15171540755369117 0.5836635556652707 0.1609946373734888 0.5790239407553719 0.16377840631942808 0.5767041333004225 0.16470632930140786 0.5720645183905236 0.1633144448284382 0.5706726339175541 0.1619225603554686 0.5683528264626045 0.1591387914095293 0.5674249034806248 0.15681898395457988 0.5669609419896349 0.15310729202666085 0.5678888649716147 0.14707579264379236 0.5785599792643819 0.14243617773389355 0.5818077097013111 0.14336410071587333 0.58598336312022 0.14475598518884297 0.5883031705751696 0.14800371562577214
0 0.6393389345840563 0.12944525598617687 0.648618164403854 0.12062998765736915 0.6500100488768237 0.11552641125648044 0.6504740103678136 0.10903095038262209 0.6444425109849452 0.10949491187361196 0.6379470501110868 0.1141345267835108 0.6356272426561373 0.12062998765736913 0.6356272426561373 0.1257335640582578
0 0.640730819057026 0.19718363367069952 0.6351632811651475 0.19347194174278048 0.6351632811651475 0.18697648086892216 0.6398028960750464 0.18419271192298287 0.6444425109849452 0.18419271192298287 0.6462983569489047 0.18929628832387158 0.6421227035299958 0.19671967217970968
0 0.6611451246605807 0.2106385169094061 0.6514019333497933 0.2097105939274263 0.6495460873858339 0.20228721007158823 0.6532577793137528 0.19903947963465912 0.6574334327326619 0.19857551814366917 0.6625370091335505 0.20135928708960843 0.66439285509751 0.20599890199950727 0.66439285509751 0.21017455541841618
0 0.707077312268579 0.2352284759318698 0.7024376973586802 0.23058886102197101 0.70336562034066 0.2254852846210823 0.7047575048136296 0.22130963120217334 0.707541273759569 0.21667001629227461 0.711252965687488 0.21481417032831507 0.7154286191063969 0.21527813181930494 0.7186763495433262 0.21898982374722398 0.7186763495433262 0.22362943865712281 0.7177484265613464 0.2282690535670216 0.7145006961244172 0.2319807454949407
0 0.76171875 0.221435546875 0.76416015625 0.219970703125 0.763671875 0.216064453125 0.76611328125 0.212158203125 0.76416015625 0.204345703125 0.759521484375 0.19921875 0.753662109375 0.19873046875 0.748046875 0.202880859375 0.744140625 0.212158203125 0.748779296875 0.22119140625
0 0.7715679595161724 0.2672418188101716 0.7655364601333041 0.26724181881017167 0.7618247682053851 0.26538597284621207 0.7599689222414254 0.26028239644532336 0.7636806141693445 0.2570346660083942 0.7673923060972636 0.25610674302641445 0.7720319210071624 0.25842655048136387 0.7734238054801321 0.2621382424092829
0 0.7613608067143951 0.04871595655393753 0.754401384349547 0.05289160997284646 0.7465140390027191 0.047788033571957766 0.746978000493709 0.04314841866205896 0.750689692421628 0.04082861120710955 0.7548653458405369 0.03990068822512978 0.7608968452234053 0.04361238015304883
0 0.7233159644532248 0.2380122448778091 0.7325951942730226 0.23476451444087992 0.7363068862009416 0.23151678400395073 0.7358429247099518 0.2268771690940519 0.7298114253270833 0.22594924611207218 0.7265636948901542 0.2273411305850418 0.7251718104171845 0.2296609380399912 0.7247078489261947 0.23337262996791025
0 0.9149320602320458 0.24357978276968767 0.9079726378671976 0.24636355171562702 0.8996213310293799 0.24497166724265734 0.8935898316465113 0.24033205233275853 0.8935898316465113 0.2356924374228597 0.8968375620834405 0.23198074549494066 0.9010132155023495 0.22919697654900137 0.9061167919032381 0.22270151567514307 0.9112203683041268 0.22084566971118352 0.9167879061960054 0.22177359269316327 0.9195716751419447 0.2240934001481127 0.9204995981239243 0.22548528462108236 0.9214275211059043 0.23151678400395082 0.9200356366329345 0.23986809084176863
0 0.7980137645025958 0.25842655048136387 0.7943020725746768 0.25193108960750554 0.7915183036287377 0.2440437442606776 0.7905903806467577 0.2356924374228597 0.7970858415206161 0.22966093803999124 0.801261494939525 0.23290866847692038 0.8040452638854643 0.2403320523327585 0.8049731868674439 0.25053920513453587 0.8021894179215047 0.2565707045174043
0 0.7590409992594457 0.1902242113058513 0.7516176154036077 0.1879044038509019 0.7516176154036076 0.1809449814860537 0.7534734613675671 0.17491348210318525 0.7571851532954862 0.17305763613922573 0.7632166526783548 0.1763053665761549 0.7650724986423143 0.18326478894100312 0.7632166526783547 0.1883683653418918
0 0.9520489795112362 0.2352284759318698 0.9469454031103478 0.23290866847692035 0.9464814416193578 0.22919697654900134 0.9474093646013375 0.2264132076030621 0.9492652105652971 0.22455736163910248 0.9520489795112363 0.22409340014811263 0.953904825475196 0.22594924611207218 0.953904825475196 0.2301248995309811 0.953904825475196 0.2324447069859305
0 0.980350630461619 0.140580331769934 0.9719993236238013 0.13733260133300484 0.9738551695877607 0.1294452559861769 0.9743191310787507 0.12248583362132867 0.9780308230066698 0.11738225722043996 0.9817425149345888 0.11413452678351083 0.9887019372994371 0.11413452678351083 0.9887019372994371 0.1220218721303388 0.9877740143174574 0.12990921747716677 0.9863821298444877 0.13594071686003523 0.9840623223895383 0.1391884472969644
0 0.9645759397679631 0.0918643752159965 0.9715353621328113 0.08954456776104708 0.973391208096771 0.08815268328807746 0.9724632851147913 0.08072929943223935 0.9668957472229127 0.0816572224142191 0.9608642478400442 0.08583287583312804 0.9636480167859836 0.09047249074302685
0 0.9608642478400442 0.05521141742779586 0.9706074391508317 0.04917991804492741 0.9738551695877609 0.046396149098988135 0.9743191310787508 0.040828611207109566 0.9724632851147913 0.035261073315230984 0.9692155546778621 0.0371169192791905 0.965967824240933 0.03804484226117026 0.9608642478400442 0.03990068822512979 0.9585444403850947 0.043612380153048844 0.9566885944211353 0.04825199506294765 0.9562246329301454 0.05242764848185659 0.9604002863490542 0.05335557146383635
0 0.7943020725746768 0.21388624734633527 0.7831669967909196 0.21295832436435552 0.7803832278449803 0.20924663243643643 0.7789913433720107 0.20089532559861856 0.7831669967909196 0.19115213428783107 0.7882705731918083 0.1892962883238716 0.7924462266107173 0.18976024981486148 0.7961579185386363 0.19300798025179064 0.7975498030116059 0.19439986472476029 0.7994056489755654 0.19996740261663887 0.7989416874845756 0.20599890199950732 0.7980137645025958 0.20924663243643649
0 0.8142524166872416 0.2324447069859305 0.8100767632683327 0.23151678400395082 0.8077569558133832 0.2254852846210823 0.8110046862503124 0.22130963120217334 0.8147163781782316 0.22084566971118352 0.8188920315971405 0.22223755418415314 0.8202839160701101 0.22594924611207223 0.8188920315971405 0.2310528225129609
0 0.8328108763268369 0.206926824981487 0.8379144527277256 0.20507097901752755 0.840698221673665 0.20089532559861858 0.8411621831646547 0.19393590323377033 0.8383784142187155 0.19254401876080077 0.8351306837817863 0.19300798025179064 0.8300271073808976 0.19811155665267935 0.8300271073808976 0.2046070175265377
0 0.9024050999753189 0.2055349405085174 0.8982294465564101 0.20135928708960849 0.8982294465564101 0.19579174919772988 0.902869061466309 0.19115213428783107 0.9065807533942281 0.1925440187608007 0.9079726378671977 0.19439986472476023 0.9075086763762079 0.20135928708960843
0 0.9455535186373781 0.21435020883732514 0.9385940962725298 0.21203040138237578 0.9390580577635197 0.20367909454455788 0.9441616341644083 0.1999674026166388 0.9474093646013375 0.20228721007158823 0.9483372875833174 0.20924663243643643
0 0.9404499422364893 0.19532778770674 0.93766617329055 0.18929628832387158 0.9395220192545096 0.18233686595902332 0.9427697496914388 0.17723328955813464 0.9460174801283681 0.17723328955813464 0.9483372875833174 0.17908913552209416 0.9488012490743072 0.18187290446803345 0.9488012490743072 0.18465667341397274 0.9488012490743072 0.18697648086892213 0.9450895571463882 0.19208005726981084 0.9441616341644083 0.19347194174278048
0 0.9353463658356005 0.20367909454455785 0.9297788279437222 0.2027511715625781 0.9246752515428335 0.199503441125649 0.9232833670698637 0.19625571068871975 0.9237473285608536 0.1902242113058513 0.9293148664527322 0.18744044235991203 0.9344184428536209 0.1879044038509019 0.9358103273265905 0.18929628832387155 0.9385940962725298 0.19347194174278048 0.9395220192545097 0.19625571068871978 0.9395220192545097 0.20182324858059836
0 0.9260671360158029 0.17120179017526618 0.9195716751419447 0.16980990570229654 0.9177158291779852 0.1609946373734888 0.9218914825968942 0.1586748299185394 0.9260671360158031 0.16099463737348882 0.9279229819797626 0.16285048333744834 0.9297788279437221 0.16702613675635727
0 0.8931258701555214 0.15125144606270127 0.8894141782276024 0.15171540755369117 0.8819907943717643 0.15171540755369117 0.8768872179708757 0.15078748457171143 0.8741034490249363 0.14707579264379236 0.8745674105159262 0.14290013922488343 0.8759592949888958 0.13779656282399474 0.8792070254258251 0.13501279387805548 0.8796709869168149 0.13501279387805548 0.8857024862996834 0.13454883238706558 0.8889502167366126 0.13408487089607568 0.8917339856825518 0.13640467835102507 0.8945177546284911 0.140580331769934 0.8954456776104708 0.14197221624290365 0.8949817161194811 0.14753975413478224
0 0.867144026660088 0.17630536657615486 0.8731755260429566 0.17444952061219537 0.8773511794618655 0.1660982137743775 0.8787430639348351 0.1633144448284382 0.879670986916815 0.15774690693655966 0.8768872179708758 0.15589106097260014 0.8745674105159263 0.15589106097260014 0.8713196800789972 0.15728294544556976 0.8685359111330578 0.16006671439150905 0.8685359111330578 0.1637784063194281 0.8689998726240478 0.1665621752653674 0.8685359111330578 0.1693459442113067
0 0.8123965707232821 0.18419271192298284 0.8059011098494238 0.18187290446803347 0.8040452638854643 0.17908913552209416 0.8031173409034845 0.17398555912120547 0.8045092253764541 0.1688819827203168 0.8059011098494238 0.16656217526536737 0.8096128017773428 0.16424236781041798 0.8142524166872418 0.16424236781041798 0.8165722241421911 0.16563425228338763 0.8179641086151608 0.16702613675635727 0.8193559930881303 0.1707378286842763 0.8193559930881303 0.17444952061219537 0.8184280701061506 0.17955309701308406 0.8161082626512012 0.18280082745001325 0.8156443011602112 0.183728750431993
0 0.8569368738583106 0.08629683732411791 0.8527612204394018 0.08304910688718875 0.8509053744754422 0.07980137645025959 0.8499774514934626 0.07608968452234051 0.8495134900024726 0.07284195408541137 0.8499774514934625 0.06773837768452266 0.8550810278943513 0.06541857022957326 0.8601846042952399 0.06541857022957326 0.8638962962231589 0.0668104547025429 0.8657521421871186 0.06913026215749231 0.867607988151078 0.0719140311034316 0.867607988151078 0.0765536460133304 0.8648242192051387 0.08212118390520898 0.8634323347321691 0.0839770298691685 0.85972064280425 0.08629683732411791
0 0.8662161036781082 0.03108541989632204 0.8629683732411791 0.02876561244137265 0.8615764887682097 0.025517882004443465 0.8606485657862297 0.02041430560355478 0.86018460429524 0.017630536657615492 0.8634323347321692 0.013918844729696442 0.8657521421871186 0.013918844729696445 0.8685359111330577 0.014846767711676204 0.8708557185880071 0.01716657516662561 0.8722476030609768 0.018094498148605382 0.8731755260429566 0.020414305603554787 0.875495333497906 0.024125997531473837 0.8731755260429567 0.02922957393236252 0.8722476030609769 0.029693535423352405 0.8708557185880073 0.030621458405332164
0 0.8286352229079279 0.05985103233769467 0.8184280701061506 0.05521141742779587 0.8184280701061506 0.04732407208096788 0.8226037235250595 0.03990068822512979 0.8351306837817863 0.03479711182424111 0.8383784142187155 0.03572503480622086 0.8416261446556446 0.0422204956800792 0.8388423757097052 0.0519636869908667 0.8346667222907963 0.05799518637373516 0.8314189918538671 0.059851032337694676
0 0.8267793769439684 0.0918643752159965 0.832346914835847 0.0839770298691685 0.8351306837817865 0.07655364601333042 0.8277072999259483 0.07516176154036075 0.8230676850160494 0.07840949197728994 0.8212118390520899 0.08119326092322923 0.8216758005430798 0.08815268328807743
0 0.7418744240928201 0.08536891434213814 0.7339870787459921 0.08212118390520896 0.7321312327820327 0.07608968452234054 0.7316672712910428 0.06913026215749231 0.734451040236982 0.0640266857566036 0.738626693655891 0.06124291681066432 0.7441942315477696 0.06077895531967445 0.7474419619846988 0.062170839792644095 0.7502257309306379 0.06773837768452266 0.750689692421628 0.07145006961244171 0.7497617694396481 0.07887345346827981 0.7469780004937089 0.08258514539619885 0.7455861160207392 0.0844409913601584
0 0.7557932688225165 0.09000852925203695 0.7539374228585571 0.08768872179708755 0.7525455383855875 0.08304910688718875 0.7520815768945976 0.07794553048630005 0.7539374228585571 0.07191403110343163 0.7571851532954863 0.066346493211553 0.7627526911873649 0.06588253172056314 0.7673923060972637 0.06959422364848218 0.7683202290792435 0.07748156899531017 0.7678562675882535 0.08119326092322923 0.7627526911873648 0.09047249074302685
0 0.8369865297457457 0.14568390817082272 0.8318829533448572 0.13686863984201497 0.8304910688718875 0.13315694791409594 0.828635222907928 0.1261975255492477 0.8314189918538673 0.12248583362132864 0.8346667222907964 0.12294979511231852 0.8374504912367358 0.12526960256726793 0.8393063372006953 0.12898129449518697 0.840234260182675 0.1331569479140959 0.8406982216736649 0.13965240878795426 0.8406982216736649 0.1410442932609239
0 0.7669283446062737 0.14429202369785307 0.7636806141693446 0.14475598518884297 0.7557932688225166 0.1442920236978531 0.7474419619846988 0.14197221624290368 0.746514039002719 0.14011637027894414 0.7446581930387595 0.1340848708960757 0.7441942315477696 0.12805337151320723 0.7451221545297494 0.12526960256726793 0.7502257309306382 0.12294979511231852 0.7571851532954863 0.12248583362132864 0.7604328837324155 0.12248583362132864 0.7646085371513245 0.12341375660330842 0.7724958824981524 0.1257335640582578 0.7748156899531018 0.12758941002221735 0.7762075744260715 0.12944525598617687 0.7771354974080511 0.1336209094050858 0.7771354974080511 0.13454883238706555 0.7692481520612231 0.1410442932609239
0 0.7697121135522129 0.12480564107627806 0.7655364601333041 0.12062998765736915 0.761824768205385 0.11599037274747033 0.7599689222414255 0.11274264231054115 0.7599689222414255 0.10763906590965247 0.7608968452234053 0.10439133547272329 0.7632166526783547 0.10114360503579412 0.7655364601333041 0.09743191310787508 0.7683202290792435 0.0941841826709459 0.7720319210071624 0.09279229819797626 0.7785273818810208 0.09279229819797624 0.7817751123179499 0.09372022117995601 0.785486804245869 0.09557606714391553 0.7864147272278488 0.10114360503579412 0.7864147272278488 0.1039273739817334 0.78223907380894 0.11506244976549054 0.7799192663539904 0.11970206467538935 0.7766715359170613 0.12387771809429829 0.774351728462112 0.12480564107627806
0 0.7947660340656666 0.12944525598617687 0.7994056489755654 0.1215579106393489 0.8026533794124946 0.1164543342384602 0.8012614949395249 0.11042283485559173 0.7956939570476463 0.11413452678351078 0.7915183036287374 0.11970206467538934 0.7915183036287374 0.12619752554924768
0 0.8496786300382554 0.8427300932523271 0.8440409139346913 0.841156028086574 0.834189968466592 0.835526950015268 0.8377081565278054 0.827787009002967 0.8454482458492841 0.8256761460619717 0.8524847164552225 0.8298979191848131 0.8567065232319758 0.8327124346000406 0.8552992858008955 0.8376378601971142
0 0.676354594480039 0.761484451584413 0.6737590433456724 0.7693856487940182 0.6688335233698667 0.772903816683478 0.6617970527639281 0.773607445537285 0.6625006714794682 0.7651638756711769 0.6667225727397339 0.7595348212202965
0 0.8355972058976726 0.020176911670501674 0.8257461659460609 0.017362384445061434 0.8271534978606535 0.009622443432760348 0.834189968466592 0.01032607228656724 0.8405227258734782 0.013844228365814372
0 0.6407612657493338 0.23145336070325995 0.6364658341693593 0.22774803767459167 0.635058596738279 0.22000809666229054 0.6427986860597577 0.21860083895467688 0.6456132554054307 0.22422989340555738 0.6484278247511035 0.2284516665283986
0 0.5533254799543407 0.37305290761019577 0.5541394209787668 0.3656371096538761 0.5555467528933593 0.36071168405680243 0.5590649409545725 0.3593044263491888 0.5632868422148379 0.357897168641575 0.5639904609303782 0.36422985194626223 0.5611758915847053 0.3691552775433358
0 0.5757647524150026 0.3691840675307713 0.5703232183372643 0.3621189417644162 0.5759524515121224 0.3586008211158074 0.5815815902034683 0.36071168405680243 0.5815815902034683 0.3677480198357221
0 0.8837244227371909 0.571137519676729 0.8764086031351987 0.5737988454595918 0.8672611818991275 0.5723915877519781 0.86796489509818 0.5639480178858701 0.8735940337895257 0.5632443890320633 0.8813341231110046 0.5583189634349897 0.8862596430868102 0.5653552755934839
0 0.7723018284497659 0.03878512474792109 0.7736764913258432 0.030731368098030253 0.7771947738705685 0.023695067749748753 0.7807129619317816 0.02158416937811542 0.7884530512532602 0.024398696603555665 0.7884530512532602 0.03002773924422338 0.7835275312774546 0.032842266469663595 0.7778983925861086 0.037767680256524466
0 0.8024787810692768 0.05503425308150389 0.7961931405747389 0.055358460652759955 0.7884530512532603 0.056765718360373724 0.7842311499929947 0.05324756228112662 0.7870457193386676 0.04832214849426574 0.7919712393144732 0.045507621268825516 0.7997113286359518 0.0462112501226324 0.8039332298962175 0.05113667571970597
0 0.0844220623280943 0.828802268966399 0.0841049466195775 0.8186172253689563 0.08551223129241398 0.8143954286256896 0.08973410893180146 0.8122845420642689 0.09395596295031092 0.8115809132104621 0.09747419825328017 0.8150990574794965 0.09536324762314742 0.8221353696379907 0.09184503594105621 0.8277644240888711
0 0.638439961701679 0.8442776292840969 0.6315403141935536 0.8390677264392492 0.6266147942177479 0.829216875245102 0.635058596738279 0.8249951021222608 0.641391354145165 0.8256987545964931 0.6427986860597577 0.8334386956087942
0 0.31655246709356283 0.2453811849891881 0.3163076026430601 0.2368500429458893 0.3184185532731929 0.2333318750564295 0.32404769196453875 0.2333318750564295 0.32615864259467153 0.2382573006535031 0.32264040729170235 0.2445899839581904 0.3177148873158966 0.24740449937341794
0 0.5974302568597797 0.1393749668129574 0.5984690062775061 0.12996595208485184 0.6033945262533118 0.12574415534158517 0.6083200462291176 0.12081875336493703 0.6125419474893832 0.12081875336493703 0.6125419474893832 0.12926232323104497 0.6083200462291176 0.13418772520769312 0.6026909075377715 0.13629863538953918
0 0.8434884859111763 0.253118865148037 0.8355972058976727 0.2516714895653018 0.8306716859218668 0.24815334529626742 0.8292644484907865 0.24182066199158012 0.8334862552675398 0.23900614657635258 0.841930057788071 0.24111703313777316 0.8475591964794166 0.24393154855300064 0.8489664339104973 0.24815334529626737
0 0.9471734000397523 0.22294191252852613 0.9474767389430995 0.21508269468564242 0.9516985457198529 0.20593549596572763 0.958031397610251 0.2059354959657276 0.9573276844111988 0.21508269468564245 0.9538094963499856 0.2214153779903298
0 0.9154489113884715 0.26163031332277087 0.9122944803969191 0.25589328630856845 0.9122944803969191 0.24674608758865368 0.9179236190882651 0.24533882988103994 0.9235527577796109 0.2488569741500743 0.9249600896942036 0.25518965745476163 0.9228491390640708 0.2601150594314098
0 0.6307022815428301 0.21520423236967717 0.6273185074168002 0.20663912481953445 0.6294293635634207 0.19538101591777363 0.6343548835392266 0.1960846447715805 0.6392804035150323 0.20734275367334137 0.6392804035150323 0.21437906583183558
0 0.7220069074172477 0.17342075951189284 0.7152740592987389 0.17005030631944973 0.712459489953066 0.16442125186856926 0.715274059298739 0.16160673645334175 0.7201995792745447 0.16301399416095547 0.7258287179658904 0.1672357909042222
0 0.7251019794807874 0.17342075951189284 0.7251250047668379 0.16442125186856926 0.7300505247426436 0.16090310759953488 0.7349760447184496 0.16160673645334178 0.7349760447184496 0.16793941975802912 0.7307542379416962 0.17216119288087034
0 0.8496786300382554 0.11074555022521634 0.8447446271337438 0.10742714936723416 0.8412263445890183 0.10390900509819981 0.8461518645648242 0.09968720835493312 0.8524847164552226 0.0982799506473194 0.8588174738621086 0.09757632179351244 0.8616320432077816 0.1017980949163537 0.859521092577649 0.10883440707484791
0 0.48523389455647 0.8024941564263125 0.4788494783941126 0.7989833722046513 0.47744219372127616 0.7891325210105041 0.483071332412622 0.787021658069509 0.4894041370612643 0.7849107478876629 0.49010780301856055 0.7912434311923502 0.4894041370612644 0.798279719730419
0 0.6887348827341973 0.8202908207916652 0.6807954194680987 0.8207959375339408 0.6765736126913454 0.8214995427673223 0.6751662807767528 0.8165741644110995 0.6814991326671511 0.8123523440474075 0.687128271358497 0.8144632542292536 0.6913500781352504 0.8179814221187134
0 0.705757779083665 0.9208806628567014 0.7047194006315872 0.9150146617856036 0.699090167456729 0.91008923618853 0.6948683606799757 0.9072747207733025 0.68923922198863 0.9023492951762291 0.687128271358497 0.89531300663816 0.692757410049843 0.8932020964563141 0.7012011180868618 0.8974238695791553 0.7089412074083403 0.9009420374686152 0.7110521580384732 0.9051638105914563 0.7110521580384732 0.9136074040779898
0 0.7158167632901686 0.9208806628567014 0.7152740592987389 0.9143110093113713 0.7152740592987389 0.9072747207733025 0.7173849154453593 0.9023492951762291 0.7209031979900847 0.9002384322352338 0.7244213860512979 0.9072747207733026 0.7244213860512979 0.9143110093113713 0.7230141486202175 0.9199400873826773
0 0.7746231324974207 0.9046315345231186 0.7645291645732839 0.9058674630656888 0.7560853620527528 0.9037565528838427 0.7539745059061322 0.89883117452762 0.7581963126828857 0.894609354163928 0.7673437339189569 0.894609354163928 0.773676491325843 0.8960166118715416
0 0.868249062419493 0.9765919600004139 0.8616320432077815 0.9755269321763986 0.8574102364310281 0.9734160219945525 0.8545956670853552 0.9684905963974788 0.8545956670853552 0.9614543078594102 0.8574102364310281 0.9551216245547227 0.863039375122374 0.9530107143728768 0.86866851381372 0.9537143668471091 0.8721867018749333 0.9663797334564836
0 0.8806293506736512 0.9734968879368744 0.8778159350497913 0.9663797334564836 0.8841486924566775 0.959343397677564 0.8897778311480232 0.9614543078594102 0.8869632618023502 0.9677869911640975
0 0.388512892570858 0.7119632985677797 0.3782283172148896 0.7018370898651545 0.38104288656056273 0.6926898911452397 0.39019026055487777 0.6969116642680808 0.3951157805306835 0.7018370898651545 0.39581944648797984 0.7095770308774556
0 0.21596262502852645 0.7630319876161828 0.20935363681519495 0.7616457077817171 0.20794635214235846 0.7553130480974553 0.21216825340262402 0.7510912513541885 0.21568644146383717 0.7475731070851541 0.21850105805126627 0.7468694546109218 0.2220192461124794 0.7496839936465748 0.22061196143964293 0.7595348212202966
0 0.7111741551948593 0.7073206904724705 0.7026084500014544 0.7081697731698419 0.6955719793955157 0.7074661206956094 0.692757410049843 0.7053552341341889 0.6913500781352503 0.6997261796833083 0.696275598111056 0.6962080354142741 0.7054230193471273 0.6955044065604672 0.7103485393229331 0.6955044065604672 0.7145703460996865 0.6997261796833084
0 0.8620589182924138 0.7893401001562693 0.8588174738621086 0.7841619019648134 0.8574102364310281 0.7785328711343584 0.863039375122374 0.7743110743910917 0.8686685138137202 0.7771255898063192 0.8693721325292602 0.7827546442571996
0 0.7738493644815357 0.2747843695928141 0.7722692538947626 0.2812240195273178 0.7645291645732841 0.28755665559115423 0.7581963126828856 0.2840385349425453 0.7610108820285587 0.27840945687123936 0.7645291645732841 0.2734840785150167
0 0.9015210871025434 0.0519391810179643 0.9017398217297676 0.04410036356121177 0.9073689604211136 0.03143500876204988 0.9151090497425921 0.031435008762049875 0.9179236190882653 0.03565679369510384 0.9158126684581324 0.041989465189578454 0.9087762923357061 0.04832214849426579
0 0.8612851502765289 0.034142516652611726 0.8510773845406298 0.03706405140271758 0.8447446271337437 0.03354589532347047 0.8454482458492839 0.027916852682802758 0.8489664339104971 0.02510232545736251 0.8567065232319757 0.02299142708572917 0.8616320432077815 0.02721322382899588
0 0.26084116994985035 0.06896207736743201 0.25016503405272117 0.06380201870865519 0.25016503405272117 0.05606208950656687 0.2536832693556904 0.05254393342731975 0.25720145741690353 0.05043303505568639 0.26283064335000567 0.05184030457351288 0.26634887865297485 0.05958024558581396
0 0.5517779439225708 0.3227579865776776 0.5407701929659422 0.3234192603233363 0.5365482917056766 0.3220120026157225 0.5330301036444635 0.31919746358006956 0.5295119155832503 0.3156793193110352 0.5316228662133831 0.3079393782987341 0.5365482917056766 0.3044212104092743 0.5428811435960749 0.3079393782987341 0.5499176142020133 0.31216115142157536
0 0.525194610439255 0.22051581959353228 0.517044191681212 0.22671843365058073 0.5095696110874196 0.22671843365058073 0.5063662578096408 0.21978310538078571 0.5101035212228444 0.2117807663356664 0.5149085511395124 0.20857982803128744 0.5223830779659194 0.20857982803128744
0 0.46707573989772844 0.7030785628777216 0.4545785876949872 0.7152770714878136 0.444968474094266 0.7179445178361868 0.43856176753870874 0.7131431305271028 0.44016344417759806 0.6976719309612136 0.4460362943651157 0.6955379900005028 0.4567141744693014 0.6939375275641415 0.4700614977158409 0.6939375275641415
0 0.07169130242582875 0.8193163039607746 0.06430218817524853 0.8129055756022943 0.06163274503289476 0.8017023116844523 0.07017503836276626 0.7904990477666103 0.08192068497041637 0.7910325531542723 0.08672574177077697 0.8011688062967901 0.08138680171868413 0.8091711453419095
0 0.14389959612893738 1 0.14812352548615196 0.98735649156862 0.15292855540281994 0.9889569540049815 0.16040313599661218 0.995892309138089 0.1609369923646518 1
0 0.32794268617710454 0.3666935848949473 0.31523228997253394 0.3684095772718943 0.31149502655933037 0.3556058509176909 0.31790173311488773 0.35027097165260096 0.32430849343783025 0.3465365413922161 0.3323168766322768 0.34760351187257155 0.3323168766322768 0.3593402811780757
0 0.4996575309588872 0.44770776807404483 0.49034943765336253 0.4478994623354252 0.4866122280075443 0.43989712329030595 0.48928167114989807 0.4329617681571984 0.4951545213374158 0.4308278003331748 0.5004934613895086 0.4292273378968135 0.5047645811707517 0.4340287520692101 0.5042306710353268 0.44096410720231766
0 0.07521365821622429 0.36493240699974955 0.06536998156240564 0.3694765880472186 0.06003104151031281 0.36467517387482196 0.05842936487142347 0.35080445017695056 0.0648360983106734 0.3460030494362102 0.07391230177596975 0.35347190995697997
0 0.4432998383125586 0.47676720334480804 0.4353584142609299 0.47510740434350585 0.4337567376220407 0.4687055277347479 0.4390956776741336 0.4607031886896285 0.4471040608685801 0.46070318868962856 0.44817182737204464 0.4676385438227362
0 0.7594312705005586 0.34732062804777186 0.7530251591746053 0.35240491261331186 0.7460846500183937 0.3540053884813295 0.7402117460634907 0.3492039743089329 0.7434150993412695 0.34280211113183123 0.7487540931607476 0.3374672318667413 0.7572964402580042 0.33586676943037996