0 0.8955563544797954 0.982776950353211 0.8934960254434157 0.9903314901532707 0.8880018146797358 0.9944521482260306 0.8818208275705962 0.9958257009169506 0.8756398404614566 0.9923918191896507 0.8790737221887563 0.986210832080511 0.8852547092978961 0.9814033976622911 0.8907489200615758 0.9800298449713714
0 0.824131614551959 0.9608001072984921 0.8220712855155792 0.9717885288258516 0.8158902984064395 0.9752224105531515 0.8117696403336796 0.9717885288258516 0.8152035220609795 0.965607541716712 0.8193241801337392 0.9614868836439522
0 0.7421875 0.880126953125 0.748046875 0.876708984375 0.75 0.871826171875 0.7490234375 0.866943359375 0.746337890625 0.865234375 0.740478515625 0.8671875 0.7353515625 0.873779296875 0.7353515625 0.878662109375 0.737060546875 0.88037109375
0 0.6572449626051873 1 0.6579317389506474 0.9923918191896507 0.663425949714327 0.9889579374623508 0.6661730550961669 0.9951389245714906 0.6702937131689268 1
0 0.6957044379509454 0.981403397662291 0.6902102271872659 0.9786562922804514 0.6888366744963459 0.9738488578622317 0.6936441089145657 0.9731620815167716 0.6970779906418656 0.9765959632440715
0 0.6599920679870271 0.980716621316831 0.6565581862597275 0.9752224105531516 0.6620523970234072 0.9717885288258516 0.664799502405247 0.9779695159349915
0 0.42822265625 0.905029296875 0.43603515625 0.896240234375 0.4365234375 0.886474609375 0.433837890625 0.8828125 0.426513671875 0.880859375 0.421142578125 0.8828125 0.4150390625 0.889892578125 0.41357421875 0.899169921875 0.420654296875 0.9052734375
0 0.47216796875 0.999755859375 0.46923828125 0.992919921875 0.463623046875 0.98828125 0.459716796875 0.98974609375 0.45166015625 0.999755859375
0 0.5768921301863713 0.9978860299533302 0.5755185774954514 0.9903314901532709 0.5803260119136712 0.9834637266986712 0.586506999022811 0.9855240557350509 0.5851334463318909 0.9917050428441907 0.582386340950051 0.9965124772624103
0 0.5466739709861328 1 0.5466739709861328 0.9896447138078108 0.5501078527134327 0.9814033976622912 0.5528549580952725 0.9807166213168312 0.5604094978953321 0.9807166213168312 0.5672772613499318 0.9814033976622911 0.5659037086590119 0.9903314901532707 0.562469826931712 0.9903314901532707 0.562469826931712 0.9971992536078704 0.562469826931712 1
0 0.87255859375 0.706298828125 0.87890625 0.701416015625 0.88037109375 0.695556640625 0.878173828125 0.6904296875 0.870849609375 0.68701171875 0.86474609375 0.690185546875 0.86328125 0.697998046875 0.868896484375 0.7060546875
0 0.8172638510973593 0.9257745136800338 0.8172638510973593 0.9195935265708943 0.8309993780065587 0.9044844469707749 0.8392406941520782 0.8955563544797955 0.8440481285702981 0.9003637888980152 0.8447349049157581 0.9072315523526149 0.8399274704975382 0.9106654340799147 0.8358068124247784 0.9113522104253746 0.8323729306974786 0.9154728684981345 0.8296258253156388 0.9216538556072742 0.8255051672428789 0.9257745136800339 0.8213845091701192 0.9257745136800339
0 0.8584704318249574 0.9800298449713711 0.8550365500976576 0.9752224105531515 0.8536629974067376 0.9711017524803918 0.8543497737521974 0.964233989025792 0.8564101027885774 0.9594265546075723 0.8598439845158772 0.9546191201893526 0.867398524315937 0.9525587911529727 0.8818208275705961 0.9559926728802726 0.8859414856433561 0.9559926728802726 0.8831943802615161 0.965607541716712 0.8790737221887562 0.9717885288258518 0.8742662877705365 0.9786562922804514 0.8687720770068568 0.985524055735051
0 0.844734904915758 0.9882711611168906 0.8447349049157581 0.9793430686259113 0.847482010297598 0.9738488578622316 0.8529762210612776 0.9738488578622315 0.8543497737521974 0.9793430686259114 0.8529762210612777 0.9882711611168908
0 0.91552734375 0.930908203125 0.918212890625 0.93017578125 0.927001953125 0.92041015625 0.935791015625 0.91552734375 0.9384765625 0.910888671875 0.9375 0.903076171875 0.926513671875 0.89453125 0.913330078125 0.89697265625 0.90771484375 0.903076171875 0.90234375 0.913818359375 0.904296875 0.925537109375
0 0.8673985243159369 0.9463778040438328 0.8680853006613968 0.9401968169346933 0.8694588533523169 0.9333290534800937 0.8728927350796166 0.9292083954073338 0.8777001694978364 0.9298951717527938 0.8749530641159965 0.9374497115528535 0.8722059587341566 0.9443174750074531
0 0.9580530019166523 0.9381364878983132 0.9498116857711327 0.9395100405892333 0.9450042513529132 0.9367629352073934 0.945004251352913 0.9312687244437137 0.9477513567347529 0.926461290025494 0.9539323438438926 0.9237141846436541 0.9594265546075725 0.925087737334574 0.9601133309530322 0.9312687244437137 0.9594265546075724 0.9367629352073934
0 0.9353893825164735 0.9422571459710729 0.9319555007891737 0.9367629352073934 0.9298951717527939 0.9298951717527937 0.9333290534800938 0.926461290025494 0.9381364878983134 0.9278348427164138 0.9395100405892333 0.9360761588619334
0 0.9814033976622911 0.8955563544797953 0.9731620815167716 0.8907489200615757 0.9711017524803919 0.884567932952436 0.9690414234440118 0.8763266168069165 0.9731620815167716 0.8701456296977768 0.9814033976622911 0.8694588533523169 0.9882711611168908 0.8728927350796166 0.9875843847714312 0.8845679329524361 0.9834637266986712 0.8969299071707155
0 0.9752224105531515 0.8461084576066777 0.9786562922804514 0.8378671414611584 0.983463726698671 0.8309993780065587 0.989644713807811 0.8275654962792589 0.9930785955351109 0.8248183908974189 0.9971992536078705 0.8206977328246592 1 0.8200109564791992 1 0.8309993780065588 0.9944521482260305 0.8330597070429386 0.986210832080511 0.8413010231884581 0.9820901740077512 0.8474820102975978
0 0.5322516677314736 1 0.5246971279314139 0.9944521482260305 0.5253839042768739 0.9848372793895911 0.5343119967678535 0.9820901740077511 0.5377458784951534 0.9724753051713116 0.5446136419497529 0.9759091868986115 0.5404929838769932 0.9903314901532708 0.5411797602224531 1
0 0.626953125 0.945556640625 0.636962890625 0.9443359375 0.6396484375 0.940673828125 0.640625 0.933349609375 0.631591796875 0.92529296875 0.623779296875 0.92333984375 0.61962890625 0.930908203125 0.619140625 0.943115234375 0.622802734375 0.94580078125
0 0.3583984375 0.809326171875 0.36279296875 0.803955078125 0.36328125 0.800048828125 0.361083984375 0.796875 0.356201171875 0.7978515625 0.35205078125 0.805419921875 0.352783203125 0.80908203125
0 0.3090493554569846 0.9772827395895312 0.30561547372968484 0.9827769503532111 0.2987477102750852 0.9827769503532111 0.29943448662054517 0.9765959632440715 0.30286836834784503 0.9745356342076916
0 0.7602614144241822 0.9072315523526147 0.7540804273150425 0.904484446970775 0.7540804273150427 0.8996770125525553 0.7588878617332624 0.8948695781343354 0.764382072496942 0.8976166835161754 0.7678159542242419 0.9024241179343953
0 0.81982421875 0.864990234375 0.82568359375 0.861083984375 0.830078125 0.852294921875 0.82958984375 0.845458984375 0.825927734375 0.8408203125 0.816162109375 0.84521484375 0.810546875 0.853271484375 0.8115234375 0.862060546875 0.815673828125 0.865234375
0 0.892578125 0.863525390625 0.898681640625 0.861328125 0.9013671875 0.856201171875 0.900390625 0.851318359375 0.895263671875 0.84814453125 0.889404296875 0.8486328125 0.88623046875 0.853271484375 0.88671875 0.862060546875
0 0.6799085820053662 0.9642339890257918 0.6737275948962265 0.9559926728802726 0.6764747002780663 0.9463778040438329 0.6833424637326663 0.945004251352913 0.6908970035327258 0.9491249094256728 0.6908970035327258 0.9580530019166524 0.6867763454599659 0.9608001072984922
0 0.6984515433327853 0.9642339890257918 0.6929573325691055 0.9594265546075723 0.6922705562236456 0.9532455674984326 0.6929573325691056 0.947064580389293 0.6998250960237054 0.9504984621165926 0.7011986487146252 0.9566794492257324
0 0.65576171875 0.825927734375 0.658203125 0.821533203125 0.658203125 0.811767578125 0.654541015625 0.8046875 0.643310546875 0.80126953125 0.632080078125 0.79443359375 0.627685546875 0.79541015625 0.62353515625 0.799072265625 0.6220703125 0.803955078125 0.623779296875 0.80615234375 0.632568359375 0.81005859375 0.648681640625 0.8251953125
0 0.66015625 0.825927734375 0.666748046875 0.82275390625 0.67041015625 0.816650390625 0.6708984375 0.810791015625 0.667236328125 0.806640625 0.660888671875 0.80712890625 0.65771484375 0.810302734375 0.65673828125 0.824462890625
0 0.6787109375 0.840087890625 0.685546875 0.831787109375 0.68505859375 0.827392578125 0.682861328125 0.82568359375 0.677001953125 0.82666015625 0.671875 0.833251953125 0.67236328125 0.837158203125
0 0.4091796875 0.888916015625 0.4140625 0.885498046875 0.41552734375 0.877685546875 0.41943359375 0.870849609375 0.416015625 0.863525390625 0.411865234375 0.86083984375 0.40380859375 0.863037109375 0.40087890625 0.875732421875 0.40380859375 0.885986328125
0 0.50634765625 0.877197265625 0.51171875 0.873779296875 0.51220703125 0.867919921875 0.50634765625 0.853271484375 0.499755859375 0.8515625 0.49462890625 0.857177734375 0.494140625 0.870849609375 0.497802734375 0.87646484375
0 0.543240089258833 0.8467952339521377 0.543240089258833 0.8406142468429982 0.5466739709861328 0.8351200360793185 0.5487343000225127 0.8309993780065588 0.5473607473315928 0.8255051672428789 0.5507946290588928 0.8220712855155792 0.5569756161680324 0.824818390897419 0.5556020634771125 0.8309993780065588 0.5521681817498126 0.8392406941520784 0.5501078527134328 0.844734904915758 0.5501078527134328 0.8495423393339778
0 0.53857421875 0.812255859375 0.5419921875 0.809814453125 0.54296875 0.802490234375 0.540283203125 0.7978515625 0.536376953125 0.796875 0.533203125 0.800048828125 0.53271484375 0.805419921875 0.53466796875 0.810302734375
0 0.4937921923857154 0.8261919435883387 0.48692442893111576 0.8227580618610391 0.48829798162203575 0.8158902984064393 0.4965392977675554 0.8138299693700596 0.4985996268039352 0.8186374037882793
0 0.47607421875 0.803955078125 0.486572265625 0.8017578125 0.48828125 0.800048828125 0.4873046875 0.795166015625 0.481689453125 0.7890625 0.474853515625 0.78662109375 0.465576171875 0.7890625 0.4638671875 0.791748046875 0.46533203125 0.800048828125
0 0.4599609375 0.633544921875 0.46337890625 0.631591796875 0.46533203125 0.621826171875 0.463134765625 0.6181640625 0.458740234375 0.61669921875 0.45263671875 0.619873046875 0.45166015625 0.624267578125 0.45361328125 0.629638671875
0 0.59423828125 0.929931640625 0.60009765625 0.925537109375 0.6044921875 0.906005859375 0.597900390625 0.8994140625 0.587646484375 0.89892578125 0.5810546875 0.906494140625 0.5810546875 0.926025390625 0.583740234375 0.9296875
0 0.6929573325691055 0.9209670792618141 0.6902102271872659 0.9120389867708346 0.6915837798781856 0.9031108942798551 0.6943308852600256 0.8976166835161754 0.6991383196782454 0.904484446970775 0.7018854250600851 0.9092918813889947 0.6977647669873253 0.9161596448435945
0 0.6787109375 0.940185546875 0.68505859375 0.933837890625 0.681396484375 0.92724609375 0.673095703125 0.923828125 0.662841796875 0.9228515625 0.6611328125 0.924560546875 0.6591796875 0.929931640625 0.661376953125 0.93408203125 0.675048828125 0.9404296875
0 0.5610962742407921 0.9285216190618737 0.5549152871316524 0.9230274082981941 0.5521681817498125 0.9189067502254343 0.5556020634771124 0.9134125394617547 0.562469826931712 0.9113522104253746 0.5679640376953917 0.9154728684981346 0.5713979194226917 0.9182199738799743 0.5693375903863117 0.9244009609891142
0 0.47216796875 0.926513671875 0.476806640625 0.9248046875 0.48779296875 0.910888671875 0.48681640625 0.904541015625 0.476318359375 0.89794921875 0.468994140625 0.89990234375 0.458984375 0.909912109375 0.4580078125 0.913330078125 0.45849609375 0.919189453125 0.461181640625 0.92333984375 0.466552734375 0.9267578125
0 0.49310541604025543 0.9539323438438925 0.49653929776755534 0.945004251352913 0.49516574507663536 0.9353893825164735 0.49516574507663536 0.925774513680034 0.5020335085312351 0.9182199738799743 0.5075277192949148 0.9092918813889947 0.5143954827495144 0.9031108942798551 0.5198896935131943 0.9017373415889351 0.5198896935131941 0.9127257631162946 0.5192029171677341 0.9264612900254939 0.5137087064040544 0.9381364878983134 0.5082144956403747 0.9450042513529131 0.502720284876695 0.9498116857711327 0.4985996268039352 0.9518720148075126
0 0.51806640625 0.977783203125 0.52880859375 0.964599609375 0.52978515625 0.956298828125 0.528076171875 0.95458984375 0.513427734375 0.9560546875 0.5068359375 0.964111328125 0.50927734375 0.972900390625 0.513916015625 0.9775390625
0 0.44846495358535765 0.9704149761349317 0.44640462454897784 0.964233989025792 0.45121205896719757 0.9594265546075722 0.4567062697308773 0.9553058965348125 0.45945337511271717 0.9498116857711328 0.4567062697308773 0.9450042513529131 0.4601401514581771 0.9388232642437734 0.46838146760369676 0.9367629352073934 0.4704417966400767 0.945691027698373 0.46838146760369676 0.9539323438438925 0.4656343622218569 0.9608001072984922 0.4594533751127172 0.9662943180621719
0 0.3681121211665417 0.901050565243475 0.362617910402862 0.8989902362070954 0.3612443577119421 0.8934960254434157 0.3667385684756218 0.8928092490979557 0.37085922654838155 0.8962431308252555
0 0.41893357073057913 0.9971992536078703 0.4161864653487394 0.9903314901532707 0.4100054782395997 0.9868976084259709 0.40931870189413966 0.9793430686259113 0.41343935996689946 0.9752224105531515 0.4209938997669591 0.9745356342076916 0.4278616632215587 0.9759091868986116 0.4340426503306985 0.9820901740077512 0.42854843956701877 0.9923918191896507 0.4258013341851789 0.9985728062987904
0 0.4169921875 0.972412109375 0.419921875 0.970947265625 0.42578125 0.960693359375 0.427734375 0.951904296875 0.4267578125 0.942138671875 0.418701171875 0.93505859375 0.400146484375 0.93505859375 0.390625 0.949951171875 0.39111328125 0.956787109375 0.400146484375 0.966796875
0 0.35643692329372223 0.9408835932801531 0.3564369232937223 0.9326422771346337 0.36055758136648214 0.9319555007891738 0.36467823943924194 0.9312687244437139 0.36536501578470193 0.9367629352073936
0 0.3763534373120612 0.8749530641159964 0.3729195555847615 0.8687720770068569 0.37566666096660134 0.8612175372067972 0.37910054269390114 0.8536629974067376 0.3791005426939011 0.8447349049157581 0.38459475345758093 0.8413010231884581 0.38940218787580066 0.844734904915758 0.38665508249396086 0.8564101027885773 0.38459475345758093 0.8660249716250169 0.3811608717302811 0.8756398404614565
0 0.4892578125 0.777587890625 0.500244140625 0.77392578125 0.50341796875 0.768798828125 0.501953125 0.761474609375 0.494384765625 0.755859375 0.48779296875 0.759521484375 0.4814453125 0.771728515625 0.483642578125 0.77734375
0 0.49951171875 0.733154296875 0.506103515625 0.72998046875 0.5107421875 0.724365234375 0.509765625 0.718505859375 0.506591796875 0.71630859375 0.502197265625 0.7158203125 0.496826171875 0.71826171875 0.4921875 0.724853515625 0.49169921875 0.731201171875 0.493896484375 0.7333984375
0 0.7327903606057835 0.8330597070429384 0.7231754917693441 0.8344332597338585 0.7128738465874447 0.8309993780065588 0.7142473992783646 0.8227580618610391 0.7204283863875043 0.8186374037882793 0.724549044460264 0.8186374037882793 0.725922597151184 0.8158902984064393 0.7307300315694037 0.8145167457155196 0.7355374659876234 0.8186374037882793 0.7348506896421635 0.8282522726247188
0 0.3653650157847018 0.7698762832606216 0.35918402867556215 0.7616349671151021 0.3653650157847019 0.7533936509695826 0.3742931082756814 0.7527068746241227 0.3784137663484412 0.7588878617332624 0.3729195555847615 0.7630085198060221
0 0.40725837285775973 0.7877324682425808 0.3990170567122402 0.7856721392062009 0.3948963986394804 0.7815514811334411 0.3962699513304003 0.7739969413333816 0.403137714785 0.7733101649879215 0.40931870189413966 0.7760572703697614 0.40931870189413966 0.7801779284425212
0 0.322098106020724 0.8976166835161753 0.3241584350571039 0.8893753673706559 0.32896586947532364 0.8825076039160562 0.33446008023900337 0.8811340512251362 0.3399542910026831 0.8859414856433558 0.3337733038935435 0.8914356964070356 0.3289658694753237 0.8955563544797954
0 0.31591711891158425 0.9511852384620526 0.31523034256612437 0.9463778040438331 0.31797744794796423 0.9408835932801531 0.32347165871164396 0.9395100405892334 0.32278488236618397 0.9511852384620528
0 0.2527336951292674 0.9779695159349913 0.24655270802012774 0.9759091868986115 0.24723948436558776 0.9690414234440118 0.2506733660928876 0.965607541716712 0.25479402416564734 0.9690414234440118
0 0.20654296875 0.999755859375 0.205078125 0.988525390625 0.200927734375 0.986328125 0.193115234375 0.98828125 0.18896484375 0.992919921875 0.1875 0.999267578125
0 0.1259765625 0.931396484375 0.1328125 0.913818359375 0.1376953125 0.906494140625 0.1376953125 0.899658203125 0.133544921875 0.89111328125 0.120361328125 0.89208984375 0.11474609375 0.898193359375 0.11572265625 0.906005859375 0.11376953125 0.914794921875 0.11865234375 0.921630859375 0.12158203125 0.930419921875
0 0.09130859375 0.825927734375 0.0947265625 0.822509765625 0.09521484375 0.815673828125 0.091064453125 0.8125 0.086669921875 0.81298828125 0.0830078125 0.819580078125 0.083984375 0.823486328125 0.087158203125 0.826171875
0 0.1142578125 0.818603515625 0.12109375 0.814697265625 0.1220703125 0.810302734375 0.117919921875 0.80419921875 0.113525390625 0.8037109375 0.109130859375 0.8046875 0.10693359375 0.809814453125 0.109375 0.816162109375
0 0.006180987109139693 0.7540804273150424 0.007554539800059625 0.7437787821331431 0.012361974218279382 0.7362242423330834 0.01785618498195912 0.7355374659876235 0.015795855945579213 0.7437787821331431 0.013048750563739348 0.7513333219332027
0 0.06593052916415672 1 0.059062765709557055 0.9930785955351107 0.05906276570955707 0.987584384771431 0.060436318400477 0.9807166213168312 0.0645569764732368 0.9779695159349914 0.0707379635823765 0.9814033976622912 0.0741718453096763 0.9896447138078108 0.07417184530967631 0.9971992536078704 0.0741718453096763 1
0 0.034338817272998284 0.942257145971073 0.027471053818398636 0.942943922316533 0.02335039574563884 0.9401968169346933 0.026097501127478696 0.9353893825164734 0.03227848823661839 0.9360761588619334
0 0.025390625 0.999755859375 0.01708984375 0.971923828125 0.011474609375 0.966796875 0.000244140625 0.962890625 0 0.999755859375
0 0.16482632291039181 0.9065447760071548 0.16207921752855198 0.9003637888980152 0.1668866519467717 0.8914356964070357 0.17375441540137135 0.8934960254434157 0.1771882971286712 0.8983034598616354 0.1716940863649915 0.9037976706253151
0 0.173828125 0.999755859375 0.1767578125 0.997802734375 0.17822265625 0.992431640625 0.17626953125 0.980224609375 0.169189453125 0.9716796875 0.165283203125 0.9697265625 0.156494140625 0.97265625 0.15234375 0.979248046875 0.15380859375 0.989501953125 0.160888671875 0.99560546875
0 0.11469164969181429 0.9917050428441906 0.12636684756463373 0.9944521482260305 0.13735526909199317 0.9923918191896507 0.1428494798556729 0.9848372793895911 0.1428494798556729 0.9772827395895314 0.1387288217829131 0.9738488578622316 0.1346081637101533 0.9800298449713714 0.13186105832831344 0.9834637266986712 0.12361974218279387 0.9848372793895911 0.1167519787281942 0.9841505030441311
0 0.10919743892813456 0.9697281997894717 0.11331809700089437 0.9614868836439523 0.11331809700089437 0.9559926728802726 0.11606520238273424 0.9532455674984326 0.12018586045549404 0.9511852384620527 0.12636684756463373 0.9532455674984326 0.12361974218279387 0.9601133309530323 0.11949908411003407 0.9676678707530919
0 0.08378671414611583 0.9676678707530917 0.0906544776007155 0.9676678707530919 0.0961486883643952 0.964233989025792 0.09683546470985518 0.9573662255711926 0.0906544776007155 0.9573662255711924 0.0865338195279557 0.9594265546075723
0 0.31248323718428445 0.8481687866430577 0.31110968449336457 0.8433613522248381 0.31523034256612437 0.8385539178066183 0.31729067160250424 0.8454216812612179
0 0.0281578301638586 0.9250877373345738 0.024723948436558778 0.9209670792618142 0.026784277472938677 0.9154728684981345 0.02884460650931857 0.9106654340799147 0.0302181592002385 0.9031108942798551 0.0322784882366184 0.9010505652434752 0.03777269900029813 0.905171223316235 0.040519804382137994 0.9120389867708345 0.03777269900029813 0.9168464211890544 0.03296526458207837 0.9237141846436541
0 0.03708592265483815 0.8811340512251361 0.02815783016385861 0.8818208275705961 0.025410724782018737 0.8783869458432964 0.02472394843655877 0.8749530641159965 0.021976843054718916 0.8687720770068569 0.02197684305471892 0.8625910898977172 0.028844606509318575 0.8612175372067972 0.03296526458207837 0.8557233264431174 0.039146251691218055 0.8557233264431174 0.04189335707305792 0.863277866243177 0.04258013341851789 0.8680853006613969 0.03983302803667803 0.8722059587341566
0 0.06043631840047699 0.944317475007453 0.05700243667317717 0.9381364878983133 0.05494210763679728 0.9326422771346337 0.05562888398225724 0.9250877373345741 0.06180987109139692 0.9189067502254342 0.06799085820053662 0.9154728684981344 0.07417184530967631 0.9168464211890544 0.07554539800059626 0.9216538556072741 0.07417184530967633 0.9333290534800935 0.06936441089145658 0.9408835932801531
0 0.0824131614551959 0.9353893825164734 0.07897927972789608 0.9298951717527938 0.07760572703697614 0.9230274082981941 0.07760572703697614 0.9154728684981345 0.08103960876427597 0.9092918813889947 0.08790737221887565 0.9154728684981344 0.08996770125525554 0.9237141846436541 0.0885941485643356 0.9298951717527937
0 0.05837598936409709 0.9182199738799742 0.05082144956403747 0.9154728684981346 0.05288177860041737 0.906544776007155 0.0583759893640971 0.9017373415889351 0.061809871091396934 0.9092918813889947 0.062496647436856886 0.9154728684981346
0 0.08653381952795569 0.8852547092978958 0.08103960876427597 0.8825076039160561 0.07554539800059624 0.8777001694978364 0.08035283241881601 0.8694588533523168 0.0865338195279557 0.866024971625017 0.09683546470985518 0.8708324060432368 0.09752224105531515 0.8763266168069165 0.09340158298255537 0.8831943802615161
0 0.1888634950014906 0.8110828639882196 0.18199573154689097 0.8083357586063799 0.18199573154689097 0.8035283241881601 0.1854296132741908 0.7994076661154003 0.1936709294197104 0.80558865322454
0 0.212890625 0.945556640625 0.22265625 0.932861328125 0.208740234375 0.9228515625 0.192626953125 0.91796875 0.189697265625 0.91943359375 0.1875 0.926513671875 0.197265625 0.940185546875 0.203369140625 0.94482421875
0 0.2232023122744889 0.9326422771346335 0.2039725746016099 0.9223406319527341 0.20191224556523 0.9134125394617547 0.2039725746016099 0.9072315523526149 0.19916514018339013 0.9003637888980152 0.20328579825614992 0.8934960254434156 0.21702132516534922 0.8921224727524957 0.22251553592902895 0.8955563544797955 0.2259494176563288 0.9003637888980154 0.23487751014730834 0.8962431308252555 0.2403717209109881 0.9010505652434753 0.24037172091098807 0.9127257631162946 0.23281718111092847 0.9216538556072742 0.22800974669270868 0.9319555007891738
0 0.2529296875 0.814697265625 0.2548828125 0.811767578125 0.2548828125 0.806396484375 0.25146484375 0.800048828125 0.247314453125 0.798828125 0.2451171875 0.809326171875 0.247314453125 0.8125
0 0.27814441991128613 0.8165770747518992 0.27265020914760646 0.8206977328246592 0.26509566934754686 0.8206977328246592 0.2582279058929472 0.8165770747518993 0.26303534031116693 0.8097093112972997 0.27265020914760646 0.8076489822609199
0 0.27471053818398633 0.901050565243475 0.27265020914760646 0.8941828017888755 0.2760840908749063 0.8941828017888755
0 0.29638671875 0.916748046875 0.3017578125 0.911865234375 0.3017578125 0.907958984375 0.298583984375 0.90478515625 0.292724609375 0.90625 0.29052734375 0.910400390625 0.291015625 0.915771484375
0 0.28707251240226567 0.9285216190618737 0.282265077984046 0.9257745136800339 0.2802047489476661 0.9216538556072743 0.28775928874772566 0.9140993158072146 0.2939402758568654 0.9168464211890544
0 0.29833984375 0.886962890625 0.3076171875 0.878662109375 0.30859375 0.874755859375 0.30712890625 0.866943359375 0.302001953125 0.85986328125 0.294677734375 0.86181640625 0.2890625 0.872802734375 0.29052734375 0.882080078125
0 0.06524375281869675 0.7897927972789607 0.05837598936409709 0.7877324682425808 0.0542553312913373 0.7815514811334412 0.054255331291337305 0.7767440467152215 0.05150822590949744 0.7705630596060817 0.0521950022549574 0.764382072496942 0.06249664743685689 0.7671291778787819 0.07142473992783645 0.7712498359515416 0.06799085820053663 0.7794911520970612
0 0.10693359375 0.733154296875 0.111328125 0.729736328125 0.111328125 0.724853515625 0.105224609375 0.7216796875 0.1015625 0.724853515625 0.1015625 0.730224609375
0 0.13037109375 0.721923828125 0.1337890625 0.719970703125 0.13916015625 0.710205078125 0.137451171875 0.70751953125 0.130126953125 0.70849609375 0.125 0.713134765625 0.1259765625 0.720458984375
0 0.16551309925585178 0.6778482529689862 0.16070566483763205 0.6744143712416865 0.16276599387401194 0.6675466077870869 0.16757342829223168 0.6702937131689266
0 0.0741718453096763 0.6936441089145654 0.06730408185507666 0.6970779906418654 0.059062765709557055 0.6970779906418654 0.06112309474593697 0.6915837798781856 0.06730408185507666 0.6874631218054258 0.07348506896421635 0.6854027927690459
0 0.1025390625 0.708251953125 0.107421875 0.704833984375 0.10986328125 0.697509765625 0.1103515625 0.689697265625 0.106689453125 0.68701171875 0.10205078125 0.688720703125 0.09716796875 0.697509765625 0.09716796875 0.704345703125
0 0.13037109375 0.577880859375 0.134765625 0.572998046875 0.13525390625 0.567138671875 0.133544921875 0.5634765625 0.128662109375 0.56396484375 0.1240234375 0.569580078125 0.125 0.576904296875
0 0.09033203125 0.569091796875 0.09423828125 0.565185546875 0.095703125 0.557373046875 0.093994140625 0.55419921875 0.090576171875 0.55322265625 0.08154296875 0.560791015625 0.08154296875 0.564697265625 0.084716796875 0.56884765625
0 0.029296875 0.642333984375 0.035888671875 0.638671875 0.0419921875 0.630126953125 0.04345703125 0.618896484375 0.039794921875 0.61376953125 0.035400390625 0.61328125 0.0302734375 0.617431640625 0.0224609375 0.633544921875 0.02294921875 0.640869140625
0 0.9340158298255535 0.8921224727524956 0.9278348427164138 0.8845679329524361 0.9333290534800937 0.8777001694978364 0.9395100405892334 0.8756398404614565 0.9415703696256132 0.8831943802615161 0.9401968169346934 0.8873150383342758
0 0.95458984375 0.826904296875 0.958984375 0.823974609375 0.9609375 0.820068359375 0.96142578125 0.811767578125 0.953857421875 0.80517578125 0.948974609375 0.8046875 0.94482421875 0.807373046875 0.9423828125 0.815185546875 0.943359375 0.820068359375 0.948486328125 0.82666015625
0 0.7733101649879215 0.901050565243475 0.7678159542242419 0.8976166835161754 0.768502730569702 0.8921224727524957 0.7726233886424618 0.8873150383342758 0.7767440467152213 0.8831943802615161 0.7822382574789011 0.8831943802615161 0.7815514811334411 0.8907489200615757 0.7781175994061413 0.8962431308252554
0 0.7856721392062009 0.8845679329524359 0.7842985865152811 0.8770133931523763 0.786358915551661 0.8701456296977768 0.7932266790062606 0.8612175372067972 0.7987208897699404 0.8591572081704173 0.8000944424608603 0.8687720770068568 0.8000944424608603 0.8756398404614565 0.7973473370790204 0.8825076039160561 0.7925399026608005 0.8797604985342162
0 0.9033203125 0.845458984375 0.90869140625 0.841064453125 0.90966796875 0.835693359375 0.903564453125 0.82958984375 0.898193359375 0.8291015625 0.892578125 0.832763671875 0.8916015625 0.839599609375 0.894287109375 0.84375
0 0.9360761588619334 0.8701456296977766 0.9298951717527939 0.866024971625017 0.9237141846436542 0.8625910898977172 0.9223406319527341 0.8557233264431174 0.925774513680034 0.8509158920248976 0.9312687244437138 0.8495423393339777 0.9367629352073935 0.8502291156794377 0.9408835932801531 0.8529762210612776 0.9401968169346933 0.8598439845158772
0 0.9656075417167119 0.7980341134244802 0.9621736599894123 0.7946002316971805 0.9642339890257922 0.7884192445880408 0.966294318062172 0.7856721392062009 0.966981094407632 0.7801779284425212 0.9711017524803917 0.7733101649879215 0.9779695159349913 0.7739969413333816 0.9793430686259113 0.7801779284425212 0.9800298449713715 0.7870456918971209 0.9745356342076916 0.7952870080426404
0 0.885254709297896 0.8454216812612179 0.8790737221887562 0.8433613522248381 0.8701456296977768 0.846108457606678 0.8687720770068569 0.8392406941520784 0.8722059587341566 0.8303126016610987 0.8811340512251362 0.8282522726247189 0.8859414856433561 0.8316861543520186 0.8859414856433561 0.8399274704975384
0 0.8419877995339181 0.8406142468429981 0.8399274704975384 0.8344332597338584 0.8419877995339181 0.8268787199337988 0.8481687866430578 0.8227580618610391 0.8509158920248978 0.8193241801337392 0.8570968791340373 0.8165770747518993 0.8619043135522573 0.8158902984064395 0.8687720770068568 0.8165770747518994 0.8701456296977768 0.8200109564791993 0.862591089897717 0.8261919435883389 0.8598439845158772 0.8316861543520186 0.8570968791340373 0.8351200360793185 0.8488555629885178 0.8399274704975382
0 0.863277866243177 0.8522894447158176 0.8570968791340373 0.8509158920248977 0.8543497737521976 0.8419877995339182 0.8570968791340375 0.8378671414611583 0.8605307608613374 0.8358068124247784 0.8639646425886371 0.8392406941520782 0.866024971625017 0.8467952339521378
0 0.8330597070429385 0.8172638510973593 0.8364935887702384 0.8090225349518398 0.8413010231884582 0.8028415478427002 0.8488555629885179 0.7987208897699403 0.8522894447158177 0.8007812188063201 0.8488555629885179 0.80696220591546 0.8454216812612181 0.8124564166791397 0.8406142468429983 0.8158902984064395
0 0.562469826931712 0.7348506896421634 0.5549152871316524 0.7334771369512436 0.5528549580952725 0.7293564788784838 0.5535417344407325 0.723175491769344 0.5610962742407921 0.721801939078424 0.5652169323135519 0.7259225971511838
0 0.6044921875 0.767822265625 0.61376953125 0.757568359375 0.6142578125 0.751220703125 0.612060546875 0.748046875 0.596923828125 0.74951171875 0.591796875 0.756103515625 0.593994140625 0.76220703125
0 0.65478515625 0.778076171875 0.6591796875 0.774658203125 0.66162109375 0.765869140625 0.6611328125 0.763427734375 0.655029296875 0.75927734375 0.6494140625 0.762939453125 0.64599609375 0.771728515625 0.647705078125 0.77734375
0 0.7252358208057239 0.721801939078424 0.7183680573511244 0.7183680573511243 0.7163077283147445 0.7128738465874446 0.7163077283147445 0.7080664121692247 0.7169945046602044 0.6984515433327853 0.7238622681148041 0.6943308852600255 0.7327903606057835 0.6895234508418058 0.7396581240603832 0.6888366744963457 0.745152334824063 0.6929573325691055 0.7458391111695231 0.6991383196782452 0.7424052294422232 0.703945754096465 0.7396581240603833 0.7073796358237647 0.7369110186785435 0.7121870702419846 0.7341639132967036 0.7176812810056643 0.7307300315694037 0.721801939078424
0 0.7266093734966439 0.7321035842603235 0.7204283863875043 0.7321035842603235 0.7190548336965844 0.7279829261875639 0.7197416100420443 0.7224887154238842 0.7238622681148041 0.721801939078424 0.7279829261875638 0.7252358208057239
0 0.75830078125 0.739501953125 0.76123046875 0.738037109375 0.76513671875 0.729736328125 0.7646484375 0.718505859375 0.758056640625 0.71142578125 0.749267578125 0.7109375 0.73974609375 0.722412109375 0.73876953125 0.731201171875 0.744873046875 0.73779296875
0 0.7801779284425212 0.7321035842603235 0.7767440467152213 0.7266093734966439 0.7705630596060817 0.7231754917693441 0.7691895069151619 0.7176812810056643 0.7719366122970016 0.7156209519692844 0.7781175994061413 0.7169945046602043 0.7829250338243612 0.723175491769344 0.7870456918971209 0.7293564788784836
0 0.43603515625 0.708740234375 0.44091796875 0.705322265625 0.44482421875 0.697998046875 0.44482421875 0.692626953125 0.440673828125 0.68798828125 0.4345703125 0.690673828125 0.42919921875 0.701416015625 0.4296875 0.706298828125 0.431884765625 0.70849609375
0 0.75439453125 0.801513671875 0.76025390625 0.798583984375 0.76318359375 0.791748046875 0.76171875 0.783935546875 0.758056640625 0.78173828125 0.749755859375 0.78271484375 0.74609375 0.788330078125 0.74853515625 0.800048828125
0 0.7801779284425212 0.8255051672428788 0.7891060209335008 0.824131614551959 0.7925399026608005 0.8303126016610987 0.7897927972789607 0.8364935887702385 0.7863589155516609 0.8413010231884582 0.7822382574789011 0.8385539178066183 0.7815514811334411 0.8337464833883985
0 0.70458984375 0.693115234375 0.7109375 0.689208984375 0.7138671875 0.682861328125 0.712890625 0.675537109375 0.708251953125 0.67236328125 0.698974609375 0.67431640625 0.69482421875 0.681884765625 0.69580078125 0.688232421875 0.699951171875 0.6923828125
0 0.8399274704975382 0.7691895069151617 0.8344332597338586 0.767815954224242 0.8364935887702385 0.7616349671151021 0.8426745758793782 0.7554539800059625 0.847482010297598 0.7575143090423424 0.8433613522248381 0.765068848842402
0 0.8619043135522572 0.7877324682425808 0.8543497737521976 0.7870456918971209 0.8509158920248977 0.7836118101698211 0.8509158920248978 0.7781175994061413 0.8577836554794974 0.7746837176788415 0.863277866243177 0.7739969413333816 0.8660249716250169 0.7767440467152215 0.863964642588637 0.7815514811334412
0 0.8193241801337392 0.8090225349518396 0.8172638510973594 0.8021547714972401 0.8172638510973594 0.7973473370790203 0.8200109564791993 0.7925399026608005 0.8241316145519592 0.7925399026608007 0.8275654962792589 0.7946002316971805 0.8275654962792589 0.8007812188063201 0.825505167242879 0.8062754295699999
0 0.9147860921526745 0.8097093112972997 0.906544776007155 0.8076489822609199 0.9031108942798551 0.8021547714972401 0.905857999661695 0.7987208897699403 0.9127257631162947 0.7987208897699403 0.9189067502254344 0.8014679951517802 0.9209670792618142 0.8076489822609199
0 0.9195935265708942 0.7870456918971207 0.9140993158072145 0.7801779284425212 0.9189067502254343 0.7705630596060817 0.9237141846436542 0.7705630596060817 0.925774513680034 0.7739969413333815 0.9237141846436542 0.7808647047879811
0 0.6787109375 0.723388671875 0.6826171875 0.718505859375 0.68603515625 0.704833984375 0.68505859375 0.695068359375 0.679443359375 0.69189453125 0.6748046875 0.694580078125 0.6708984375 0.702392578125 0.671875 0.718017578125 0.675048828125 0.72314453125
0 0.7138671875 0.791748046875 0.721435546875 0.78857421875 0.72412109375 0.785400390625 0.72509765625 0.772216796875 0.719482421875 0.76416015625 0.706298828125 0.76318359375 0.70458984375 0.764892578125 0.7060546875 0.768798828125 0.70556640625 0.788330078125 0.709716796875 0.7919921875
0 0.72998046875 0.789306640625 0.735595703125 0.78759765625 0.7392578125 0.783935546875 0.74072265625 0.776123046875 0.738037109375 0.7734375 0.729736328125 0.771484375 0.7265625 0.777099609375 0.7255859375 0.785400390625 0.727294921875 0.78857421875
0 0.744465558478603 0.7726233886424615 0.7430920057876831 0.765068848842402 0.745152334824063 0.7554539800059624 0.7499597692422828 0.7554539800059624 0.7561407563514225 0.7602614144241822 0.7547672036605024 0.7657556251878619 0.7478994402059028 0.7691895069151617
0 0.77783203125 0.764404296875 0.788330078125 0.76220703125 0.79345703125 0.756591796875 0.7939453125 0.752685546875 0.789794921875 0.7451171875 0.776611328125 0.74755859375 0.77099609375 0.751708984375 0.76904296875 0.757080078125 0.77001953125 0.762939453125 0.772216796875 0.7646484375
0 0.9614868836439522 0.6847160164235859 0.9635472126803322 0.6757879239326064 0.9704149761349318 0.6744143712416865 0.9731620815167716 0.6792218056599062 0.9676678707530919 0.683342463732666
0 0.8007812188063201 0.7046325304419249 0.7932266790062606 0.704632530441925 0.7891060209335009 0.6950176616054855 0.7932266790062606 0.6902102271872657 0.8021547714972402 0.6908970035327258 0.8076489822609199 0.6888366744963457 0.8124564166791397 0.6895234508418058 0.8172638510973593 0.6908970035327257 0.8234448382064992 0.6895234508418058 0.8296258253156388 0.6888366744963457 0.8371803651156985 0.6888366744963457 0.8351200360793185 0.6929573325691055 0.8255051672428789 0.6970779906418654 0.8131431930245996 0.6998250960237051
0 0.8158902984064395 0.723175491769344 0.8097093112972998 0.7211151627329642 0.80627542957 0.7135606229329046 0.8090225349518398 0.7101267412056047 0.8145167457155196 0.7087531885146847 0.8200109564791993 0.7087531885146847 0.8255051672428791 0.7094399648601447 0.8289390489701789 0.7121870702419846 0.8296258253156388 0.7190548336965843 0.823444838206499 0.7238622681148039
0 0.844734904915758 0.6833424637326659 0.8454216812612181 0.6751011475871465 0.8488555629885179 0.6702937131689266 0.8522894447158176 0.6654862787507069 0.8591572081704174 0.6654862787507069 0.866024971625017 0.6675466077870869 0.866711747970477 0.6730408185507666 0.8639646425886371 0.6764747002780663 0.8577836554794974 0.6771614766235263 0.8522894447158177 0.6778482529689863
0 0.9491249094256727 0.7149341756238243 0.947751356734753 0.7094399648601447 0.9539323438438927 0.6998250960237051 0.9697281997894719 0.7018854250600852 0.9690414234440118 0.7087531885146848 0.9628604363348721 0.7135606229329046 0.9573662255711923 0.7121870702419847
0 0.9347026061710135 0.7403449004058431 0.9285216190618739 0.7279829261875638 0.9353893825164736 0.7197416100420442 0.9395100405892334 0.7169945046602043 0.9491249094256727 0.7197416100420442 0.9559926728802726 0.723175491769344 0.9608001072984922 0.7259225971511839 0.9594265546075724 0.7341639132967035 0.9546191201893526 0.7389713477149232 0.948438133080213 0.7417184530967631 0.9395100405892334 0.7417184530967631
0 0.9724753051713116 0.7307300315694036 0.9642339890257922 0.7293564788784838 0.9601133309530322 0.7266093734966439 0.9608001072984922 0.7218019390784242 0.9662943180621719 0.7204283863875043 0.9711017524803917 0.7224887154238842 0.9731620815167716 0.7252358208057239
0 0.59765625 0.673583984375 0.6005859375 0.671630859375 0.6015625 0.666259765625 0.599609375 0.655029296875 0.594970703125 0.65234375 0.58935546875 0.657958984375 0.5888671875 0.668212890625 0.591552734375 0.67333984375
0 0.6220703125 0.698974609375 0.6357421875 0.692626953125 0.63720703125 0.690673828125 0.6357421875 0.682373046875 0.627197265625 0.677734375 0.609619140625 0.6767578125 0.60791015625 0.682373046875 0.611328125 0.691650390625 0.616943359375 0.69775390625
0 0.63623046875 0.672607421875 0.6435546875 0.669189453125 0.6435546875 0.658935546875 0.637939453125 0.64892578125 0.627685546875 0.64599609375 0.6259765625 0.650146484375 0.62646484375 0.668701171875 0.629638671875 0.67236328125
0 0.6696069368234667 0.6572449626051873 0.662739173368867 0.6558714099142674 0.6593052916415674 0.6524375281869675 0.6599920679870273 0.6496904228051277 0.6634259497143271 0.6476300937687478 0.6696069368234668 0.6462565410778278 0.6737275948962265 0.6496904228051277 0.6744143712416865 0.6551846335688074
0 0.7252358208057239 0.6812821346962861 0.7183680573511244 0.6757879239326064 0.7149341756238244 0.663425949714327 0.7211151627329642 0.6586185152961073 0.7307300315694036 0.6572449626051873 0.7375977950240034 0.6606788443324871 0.7410316767513031 0.6682333841325467 0.7375977950240034 0.6764747002780663 0.7314168079148636 0.6826556873872061
0 0.6123046875 0.623779296875 0.61865234375 0.619384765625 0.62158203125 0.603271484375 0.615478515625 0.595703125 0.611083984375 0.5947265625 0.60498046875 0.600341796875 0.6044921875 0.611083984375 0.60791015625 0.621337890625
0 0.59326171875 0.630126953125 0.601318359375 0.626953125 0.60546875 0.619873046875 0.600341796875 0.61083984375 0.5888671875 0.612060546875 0.5888671875 0.618408203125 0.58544921875 0.623779296875 0.58544921875 0.627685546875 0.588134765625 0.63037109375
0 0.9690414234440118 0.6572449626051873 0.9683546470985519 0.6462565410778278 0.9711017524803918 0.6373284485868482 0.9738488578622315 0.6290871324413287 0.9772827395895314 0.6256532507140289 0.9807166213168315 0.6270268034049489 0.9807166213168315 0.6359548958959284 0.9786562922804514 0.6448829883869079 0.9752224105531515 0.6538110808778874
0 0.92626953125 0.668212890625 0.9384765625 0.660888671875 0.939453125 0.655029296875 0.937255859375 0.65283203125 0.927001953125 0.650390625 0.923828125 0.651611328125 0.9228515625 0.658935546875
0 0.9189453125 0.659423828125 0.92431640625 0.657470703125 0.92529296875 0.651123046875 0.914306640625 0.642578125 0.906494140625 0.64404296875 0.904296875 0.646728515625 0.90478515625 0.654052734375 0.909423828125 0.65771484375
0 0.875 0.656005859375 0.884521484375 0.65380859375 0.89111328125 0.648681640625 0.882568359375 0.63330078125 0.874267578125 0.634765625 0.8642578125 0.643310546875 0.86962890625 0.654052734375
0 0.32666015625 0.547119140625 0.33154296875 0.542724609375 0.3330078125 0.532470703125 0.33056640625 0.524658203125 0.325439453125 0.52197265625 0.31689453125 0.527587890625 0.3154296875 0.538330078125 0.320556640625 0.5458984375
0 0.1259765625 0.490478515625 0.130859375 0.483154296875 0.13134765625 0.465087890625 0.12890625 0.459228515625 0.124755859375 0.45703125 0.11572265625 0.464599609375 0.11376953125 0.474853515625 0.11767578125 0.489013671875
0 0.5810546875 0.544189453125 0.584228515625 0.54296875 0.5869140625 0.538330078125 0.58740234375 0.525634765625 0.585693359375 0.52392578125 0.575927734375 0.525390625 0.5693359375 0.532958984375 0.5693359375 0.537841796875 0.572998046875 0.54296875
0 0.83984375 0.536376953125 0.84326171875 0.532958984375 0.84326171875 0.525634765625 0.840087890625 0.52197265625 0.834228515625 0.5224609375 0.8291015625 0.528076171875 0.8291015625 0.533935546875 0.834228515625 0.53662109375
0 0.64599609375 0.565673828125 0.654296875 0.559326171875 0.65673828125 0.553955078125 0.65625 0.546142578125 0.652099609375 0.54150390625 0.641357421875 0.544921875 0.63623046875 0.551513671875 0.63525390625 0.556884765625 0.63720703125 0.561279296875 0.640869140625 0.5654296875
0 0.42041015625 0.538818359375 0.427734375 0.533447265625 0.427734375 0.528564453125 0.424072265625 0.5244140625 0.415771484375 0.5244140625 0.412109375 0.529052734375 0.412109375 0.533935546875 0.415771484375 0.5380859375
0 0.55712890625 0.521240234375 0.5615234375 0.517822265625 0.5625 0.513427734375 0.556396484375 0.5078125 0.55078125 0.510498046875 0.55078125 0.517333984375 0.552978515625 0.52099609375
0 0.6162109375 0.568115234375 0.624755859375 0.5654296875 0.6279296875 0.561279296875 0.62841796875 0.557373046875 0.625732421875 0.5537109375 0.607177734375 0.5576171875 0.60400390625 0.559814453125 0.606201171875 0.56640625
0 0.7734375 0.584228515625 0.77685546875 0.580810546875 0.77783203125 0.572998046875 0.773193359375 0.5693359375 0.768310546875 0.5693359375 0.7607421875 0.576416015625 0.76171875 0.580810546875 0.764892578125 0.583984375
0 0.76904296875 0.623291015625 0.772705078125 0.623046875 0.77587890625 0.619873046875 0.77783203125 0.612060546875 0.776611328125 0.6025390625 0.771240234375 0.60205078125 0.76318359375 0.610107421875 0.76171875 0.619873046875
0 0.80908203125 0.612060546875 0.81396484375 0.609130859375 0.81591796875 0.603271484375 0.8134765625 0.597412109375 0.807861328125 0.59375 0.80029296875 0.600341796875 0.80029296875 0.604736328125 0.803466796875 0.61181640625
0 0.81640625 0.630615234375 0.8212890625 0.626220703125 0.8232421875 0.621337890625 0.82373046875 0.614990234375 0.819580078125 0.60986328125 0.814697265625 0.60986328125 0.810546875 0.615966796875 0.810546875 0.628173828125 0.813720703125 0.630859375
0 0.86181640625 0.610595703125 0.869140625 0.603271484375 0.8681640625 0.592529296875 0.862060546875 0.587890625 0.853759765625 0.5869140625 0.845947265625 0.58935546875 0.83642578125 0.599853515625 0.83544921875 0.604248046875 0.838134765625 0.6083984375
0 0.845421681261218 0.6318342378231685 0.8426745758793782 0.626340027059489 0.8426745758793781 0.6208458162958091 0.845421681261218 0.6167251582230494 0.8502291156794378 0.6167251582230493 0.8502291156794378 0.6222193689867291
0 0.97314453125 0.601318359375 0.97705078125 0.589111328125 0.98388671875 0.576416015625 0.9833984375 0.565673828125 0.976806640625 0.5546875 0.972900390625 0.5556640625 0.96728515625 0.561279296875 0.96630859375 0.573486328125 0.95947265625 0.587646484375 0.9609375 0.595947265625 0.96435546875 0.599853515625
0 0.857421875 0.533447265625 0.867919921875 0.53076171875 0.87158203125 0.525634765625 0.87158203125 0.517822265625 0.866943359375 0.5126953125 0.862548828125 0.5126953125 0.858642578125 0.51513671875 0.85302734375 0.524658203125 0.8515625 0.531005859375 0.854248046875 0.53369140625
0 0.322265625 0.420166015625 0.32666015625 0.416259765625 0.328125 0.411376953125 0.325439453125 0.40673828125 0.319580078125 0.40576171875 0.31591796875 0.407958984375 0.31494140625 0.413330078125 0.318603515625 0.419921875
0 0.3583984375 0.500732421875 0.361328125 0.496826171875 0.36083984375 0.488525390625 0.353271484375 0.4794921875 0.345458984375 0.48095703125 0.34375 0.483154296875 0.3447265625 0.497802734375
0 0.35107421875 0.516845703125 0.361328125 0.511962890625 0.360595703125 0.50390625 0.349853515625 0.50439453125 0.34375 0.508056640625 0.341796875 0.513916015625 0.345458984375 0.51708984375
0 0.244140625 0.412353515625 0.25048828125 0.408447265625 0.251953125 0.399658203125 0.247314453125 0.3935546875 0.239501953125 0.39111328125 0.2294921875 0.398193359375 0.22900390625 0.405029296875 0.236572265625 0.412109375
0 0.17512796809229128 0.3928360696031004 0.1723808627104514 0.3859683061485008 0.17581474443775122 0.381847648075741 0.1833692842378109 0.38528152980304087 0.1826825078923509 0.3900889642212606
0 0.20809323267436966 0.36124435771194197 0.20397257460160986 0.36673856847562175 0.1977915874924702 0.3646782394392419 0.19985191652885007 0.3584972523301022
0 0.341327843693603 0.35781047598464216 0.3351468565844633 0.3557501469482623 0.33446008023900337 0.34476172542090283 0.33720718562084323 0.3399542910026831 0.3358336329299233 0.32965264582078363 0.3406410673481431 0.3275923167844037 0.34476172542090294 0.3351468565844633 0.3468220544572828 0.3440749490754429 0.34407494907544295 0.35094271253004256
0 0.6160383818775894 0.502033508531235 0.6160383818775894 0.4958525214220954 0.6187854872594293 0.4931054160402555 0.6194722636048892 0.48555087624019583 0.626340027059489 0.48555087624019583 0.6297739087867887 0.4931054160402555 0.6263400270594889 0.4979128504584752
0 0.5146484375 0.461669921875 0.51806640625 0.458251953125 0.5185546875 0.450927734375 0.512939453125 0.44775390625 0.50830078125 0.451416015625 0.50732421875 0.456787109375 0.510009765625 0.4609375
0 0.5595703125 0.448486328125 0.568359375 0.439208984375 0.5673828125 0.435791015625 0.561279296875 0.43115234375 0.548583984375 0.4345703125 0.54736328125 0.439697265625 0.55029296875 0.445068359375 0.554443359375 0.4482421875
0 0.6139780528412094 0.40176416209407995 0.6160383818775894 0.39352284594856046 0.6194722636048892 0.3894021878758006 0.6277135797504088 0.3880286351848807 0.6284003560958688 0.3935228459485604 0.6256532507140289 0.3997038330577001 0.6201590399503492 0.40245093843953994
0 0.7451171875 0.524658203125 0.748046875 0.520751953125 0.748046875 0.513427734375 0.745361328125 0.509765625 0.741455078125 0.509765625 0.7373046875 0.513916015625 0.73681640625 0.518798828125 0.739501953125 0.52392578125
0 0.7744140625 0.503662109375 0.778076171875 0.5029296875 0.78125 0.496826171875 0.78125 0.490478515625 0.777099609375 0.48828125 0.772705078125 0.48876953125 0.76708984375 0.497802734375 0.768310546875 0.50244140625
0 0.9010505652434752 0.5425533129133729 0.8962431308252554 0.5411797602224531 0.8914356964070357 0.5343119967678533 0.8934960254434156 0.5260706806223339 0.8989902362070953 0.522636798895034 0.903110894279855 0.5253839042768739 0.9024241179343951 0.5336252204223935 0.9037976706253151 0.5384326548406132
0 0.9340158298255535 0.5233235752404939 0.9319555007891738 0.5178293644768143 0.9353893825164736 0.5123351537131344 0.9388232642437733 0.5095880483312947 0.944317475007453 0.5089012719858348 0.9450042513529131 0.5157690354404344 0.9422571459710732 0.5192029171677341
0 1 0.438232421875 0.999755859375 0.41064453125 0.98876953125 0.422607421875 0.98779296875 0.431884765625 0.988525390625 0.43603515625
0 0.9731620815167716 0.4436575191671379 0.9814033976622913 0.4470914008944378 0.9800298449713712 0.4532723880035775 0.9759091868986113 0.4615137041490971 0.9697281997894718 0.4697550202946167 0.9642339890257922 0.47181534933099656 0.9580530019166524 0.4711285729855366 0.9608001072984922 0.46632113856731683 0.9546191201893526 0.462887256840017 0.9491249094256727 0.46014015145817716 0.9518720148075127 0.45533271703995737 0.9566794492257326 0.45464594069449743 0.9614868836439523 0.45052528262173763 0.965607541716712 0.44777817723989777
0 0.844734904915758 0.4663211385673168 0.8433613522248381 0.45945337511271717 0.8495423393339778 0.4512120589671976 0.8564101027885774 0.4525856116581175 0.8605307608613373 0.45739304607633724 0.8522894447158177 0.46357403318547696
0 0.74951171875 0.499755859375 0.7548828125 0.491943359375 0.75341796875 0.473876953125 0.749755859375 0.47119140625 0.737548828125 0.47021484375 0.734375 0.473388671875 0.7373046875 0.498291015625
0 0.7746837176788415 0.47387567836737643 0.7705630596060817 0.46632113856731683 0.763695296151482 0.46288725684001697 0.7575143090423423 0.4622004804945571 0.7595746380787223 0.45807982242179723 0.7671291778787819 0.45739304607633724 0.7726233886424616 0.45533271703995737 0.7788043757516013 0.45533271703995737 0.7877324682425808 0.4525856116581175 0.7911663499698808 0.45395916434903744 0.7904795736244208 0.4601401514581771 0.785672139206201 0.46288725684001697 0.7822382574789012 0.46769469125823676
0 0.69482421875 0.408935546875 0.699951171875 0.40771484375 0.70263671875 0.404052734375 0.7001953125 0.392333984375 0.694091796875 0.38623046875 0.686279296875 0.38623046875 0.68408203125 0.389404296875 0.681640625 0.405517578125 0.685791015625 0.4091796875
0 0.6455078125 0.384033203125 0.64990234375 0.380615234375 0.64892578125 0.373779296875 0.643798828125 0.36962890625 0.639892578125 0.3701171875 0.63720703125 0.374267578125 0.6376953125 0.379638671875 0.639892578125 0.3828125
0 0.5888671875 0.343994140625 0.596435546875 0.34130859375 0.6005859375 0.337646484375 0.6025390625 0.332275390625 0.599853515625 0.3271484375 0.588623046875 0.32763671875 0.58154296875 0.333251953125 0.580078125 0.342041015625 0.583740234375 0.34423828125
0 0.45263671875 0.451904296875 0.462646484375 0.4501953125 0.47119140625 0.445068359375 0.47509765625 0.436279296875 0.47509765625 0.431884765625 0.467041015625 0.4248046875 0.462646484375 0.42431640625 0.455810546875 0.4287109375 0.4453125 0.442626953125 0.44482421875 0.447509765625 0.44677734375 0.450439453125
0 0.47662278374921624 0.4251145578397188 0.47112857298553656 0.4230542288033389 0.47112857298553656 0.41687324169419926 0.4773095600946763 0.4168732416941993
0 0.384765625 0.352783203125 0.39501953125 0.345458984375 0.39599609375 0.340087890625 0.394287109375 0.33642578125 0.387939453125 0.33544921875 0.376708984375 0.33837890625 0.3740234375 0.341064453125 0.3740234375 0.350341796875 0.379638671875 0.35302734375
0 0.4521484375 0.337158203125 0.4609375 0.315185546875 0.45947265625 0.310791015625 0.455810546875 0.30859375 0.447998046875 0.31103515625 0.443359375 0.317626953125 0.44677734375 0.333740234375 0.449951171875 0.33740234375
0 0.4312955449488585 0.381160871730281 0.42923521591247865 0.3749798846211413 0.4306087686033986 0.36948567385746156 0.4354162030216184 0.3681121211665417 0.4381633084034583 0.37085922654838155 0.43678975571253836 0.3770402136575213
0 0.48681640625 0.384521484375 0.4921875 0.381103515625 0.4931640625 0.376220703125 0.48876953125 0.368896484375 0.484619140625 0.3671875 0.4775390625 0.371826171875 0.4736328125 0.381103515625 0.475830078125 0.38330078125
0 0.47044179664007657 0.3969567276758602 0.46220048049455703 0.39695672767586027 0.4622004804945571 0.3887154115303407 0.46906824394915675 0.38802863518488073 0.4745624547128365 0.38528152980304087 0.4807434418219762 0.38734185883942074 0.48211699451289597 0.3907757405667206 0.47593600740375624 0.39352284594856046
0 0.8095703125 0.406494140625 0.8134765625 0.404052734375 0.8154296875 0.399658203125 0.8154296875 0.392822265625 0.812744140625 0.39013671875 0.805419921875 0.39208984375 0.80224609375 0.398681640625 0.802734375 0.404052734375
0 0.86376953125 0.407470703125 0.8671875 0.403564453125 0.86767578125 0.398193359375 0.862548828125 0.3955078125 0.85546875 0.399658203125 0.85546875 0.404541015625 0.858642578125 0.40771484375
0 0.87158203125 0.376708984375 0.87890625 0.369384765625 0.87939453125 0.363525390625 0.877685546875 0.36083984375 0.870361328125 0.36181640625 0.8662109375 0.364990234375 0.8623046875 0.372314453125 0.866455078125 0.37646484375
0 0.97705078125 0.549560546875 0.98388671875 0.541259765625 0.982421875 0.537353515625 0.975341796875 0.5302734375 0.965087890625 0.529296875 0.9638671875 0.534423828125 0.966796875 0.542724609375 0.972412109375 0.5498046875
0 0.9892578125 0.541748046875 1 0.537353515625 0.999755859375 0.5205078125 0.988037109375 0.521484375 0.98486328125 0.525634765625 0.98193359375 0.532958984375 0.98193359375 0.538818359375
0 0.9786562922804514 0.521950022549574 0.9745356342076918 0.5143954827495144 0.9759091868986115 0.5054673902585349 0.9786562922804515 0.4972260741130153 0.9827769503532112 0.4951657450766354 0.987584384771431 0.4985996268039353 0.984837279389591 0.5075277192949148 0.9868976084259709 0.5171425881313544 0.987584384771431 0.5246971279314139
0 0.7578125 0.369873046875 0.768798828125 0.36572265625 0.771484375 0.361572265625 0.771484375 0.357177734375 0.76171875 0.349853515625 0.76123046875 0.341552734375 0.759521484375 0.33984375 0.751708984375 0.3388671875 0.744384765625 0.34033203125 0.73681640625 0.346923828125 0.73486328125 0.351806640625 0.7353515625 0.357177734375 0.737548828125 0.361328125 0.745361328125 0.36328125 0.749267578125 0.3681640625
0 0.50244140625 0.314697265625 0.513427734375 0.30908203125 0.52392578125 0.310302734375 0.525390625 0.293212890625 0.523193359375 0.2890625 0.513916015625 0.28515625 0.49560546875 0.302001953125 0.49560546875 0.313720703125
0 0.72216796875 0.305908203125 0.72705078125 0.302978515625 0.72802734375 0.297607421875 0.72412109375 0.291748046875 0.719482421875 0.2890625 0.71435546875 0.293701171875 0.71337890625 0.300048828125 0.715576171875 0.3046875
0 0.64697265625 0.284912109375 0.65185546875 0.281982421875 0.65185546875 0.277587890625 0.644287109375 0.27392578125 0.639404296875 0.2744140625 0.6376953125 0.277099609375 0.638671875 0.282958984375 0.641845703125 0.28515625
0 0.1847428369287308 0.3131700135297444 0.17993540251051104 0.3104229081479045 0.180622178855971 0.30561547372968484 0.18405606058327084 0.30355514469330497 0.18748994231057067 0.30698902642060477
0 0.11743875507365416 0.2575411295474872 0.11400487334635431 0.2520469187838075 0.1167519787281942 0.2465527080201278 0.12155941314641398 0.2499865897474276
0 0.11469164969181429 0.2492998134019676 0.10988421527359454 0.24792626071104773 0.10919743892813458 0.24449237898374784 0.11194454430997444 0.23831139187460817 0.11606520238273424 0.23762461552914818 0.11675197872819422 0.24449237898374782
0 0.2527336951292674 0.22388908861994883 0.2431188262928279 0.23213040476546848 0.23487751014730834 0.2335039574563884 0.2341907338018484 0.22800974669270863 0.2438056026382879 0.2225155359290289 0.25204691878380747 0.22182875958356899
0 0.33251953125 0.155029296875 0.337890625 0.145263671875 0.33740234375 0.141357421875 0.333251953125 0.1396484375 0.322998046875 0.14111328125 0.32080078125 0.144775390625 0.32275390625 0.151611328125 0.326904296875 0.15478515625
0 0.47509765625 0.221435546875 0.47607421875 0.215576171875 0.470458984375 0.20556640625 0.464111328125 0.205078125 0.458984375 0.207763671875 0.45849609375 0.212158203125 0.463134765625 0.21826171875
0 0.2527336951292674 0.20328579825614987 0.24861303705650767 0.19916514018339013 0.2499865897474276 0.19367092941971037 0.2554808005111073 0.19435770576517036 0.260288234929327 0.19985191652885007
0 0.23291015625 0.211669921875 0.23828125 0.208740234375 0.2392578125 0.200439453125 0.23583984375 0.193115234375 0.230224609375 0.18994140625 0.22509765625 0.193115234375 0.2216796875 0.202392578125 0.225341796875 0.20849609375
0 0.008241316145519591 0.026784277472938656 0.01716940863649915 0.028157830163858644 0.019229737672879048 0.03639914630937824 0.01373552690919932 0.04189335707305797 0.006867763454599659 0.043266909763977845 0.00755453980005963 0.037772699000298116 0.009614868836439529 0.03433881727299826
0 0.032965264582078366 0.10507678085537475 0.027471053818398632 0.10164289912807499 0.026097501127478714 0.09546191201893528 0.030218159200238508 0.09065447760071554 0.03159171189115844 0.08653381952795572 0.032278488236618406 0.08172638510973593 0.035025593618458264 0.0769189506915162 0.040519804382137994 0.07966605607335608 0.04601401514581773 0.08790737221887568 0.04189335707305791 0.09614868836439527 0.037772699000298116 0.09958257009169508
0 0.08172638510973593 0.8983034598616352 0.07485862165513628 0.9058579996616949 0.0686776345459966 0.907918328698075 0.06387020012777683 0.9010505652434753 0.06318342378231687 0.8948695781343354 0.0686776345459966 0.8900621437161158 0.07348506896421635 0.8893753673706558 0.07760572703697614 0.8921224727524957
0 0.20809323267436966 0.12361974218279384 0.20465935094706983 0.11949908411003407 0.20603290363798976 0.11469164969181436 0.20946678536528962 0.11194454430997447 0.21496099612896935 0.11057099161905455 0.22114198323810902 0.10782388623721467 0.22182875958356896 0.11469164969181432 0.2170213251653492 0.11949908411003406 0.21290066709258942 0.12293296583733392
0 0.23487751014730832 0.11812553141911411 0.22869652303816868 0.11400487334635434 0.22869652303816868 0.10851066258267461 0.23281718111092847 0.10439000450991488 0.2376246155291482 0.10507678085537484 0.23968494456552805 0.11057099161905456 0.23968494456552808 0.1160652023827343
0 0.6510639754960477 0.3200377769843441 0.6483168701142078 0.3138567898752045 0.6510639754960477 0.30561547372968484 0.6538110808778875 0.303555144693305 0.6579317389506474 0.30286836834784503 0.664112726059787 0.30561547372968484 0.6661730550961669 0.31110968449336457 0.6620523970234071 0.31523034256612437 0.6572449626051873 0.3172906716025043
0 0.439453125 0.155029296875 0.443359375 0.152099609375 0.44384765625 0.145751953125 0.439208984375 0.13916015625 0.432373046875 0.13818359375 0.42822265625 0.142333984375 0.4287109375 0.147705078125 0.432373046875 0.15283203125
0 0.5295045623496337 0.1627659938740119 0.5246971279314139 0.16482632291039184 0.519889693513194 0.16139244118309204 0.5198896935131941 0.15795855945579218 0.523323575240494 0.1558982304194123 0.5288177860041737 0.15727178311033221
0 0.543240089258833 0.1229329658373339 0.5514814054043525 0.1256800712191738 0.5562888398225724 0.12499329487371379 0.5597227215498721 0.12293296583733392 0.5652169323135519 0.12705362391009373 0.5659037086590119 0.1332346110192334 0.5604094978953321 0.14078915081929305 0.5556020634771124 0.1455965852375128 0.5487343000225127 0.14353625620113286 0.5439268656042929 0.140789150819293 0.5411797602224531 0.13529494005561327 0.5411797602224531 0.1291139529464736
0 0.562469826931712 0.12361974218279384 0.5610962742407921 0.11881230776457415 0.5610962742407922 0.11263132065543441 0.564530155968092 0.10988421527359453 0.5672772613499318 0.11331809700089437 0.5686508140408518 0.1188123077645741 0.566590485004472 0.12087263680095398
0 0.5171425881313543 0.14490980889205277 0.5150822590949744 0.1366684927465332 0.5178293644768144 0.1325478346737734 0.523323575240494 0.12980072929193354 0.5288177860041737 0.13048750563739353 0.5315648913860136 0.13460816371015333 0.5274442333132537 0.1373552690919932 0.523323575240494 0.141475927164753
0 0.58154296875 0.113525390625 0.58740234375 0.108642578125 0.5888671875 0.097900390625 0.586181640625 0.091796875 0.579833984375 0.08935546875 0.57666015625 0.091064453125 0.57568359375 0.093994140625 0.57421875 0.106689453125 0.577392578125 0.11328125
0 0.46014015145817705 0.1469701379284327 0.4601401514581771 0.1401023744738331 0.4649475858763969 0.13598171640107326 0.46975502029461663 0.13323461101923334 0.47387567836737643 0.13186105832831346 0.47662278374921635 0.1366684927465332 0.4718153493309966 0.141475927164753 0.4670079149127768 0.1449098088920528
0 0.4807434418219761 0.1263668475646337 0.4752492310582964 0.13117428198285347 0.4704417966400766 0.1291139529464736 0.46220048049455703 0.13117428198285347 0.46082692780363704 0.12705362391009373 0.4642608095309369 0.12224618949187394 0.46700791491277677 0.1174387550736542 0.47181534933099656 0.11606520238273432 0.4745624547128364 0.11400487334635433 0.48005666547651615 0.12018586045549404
0 0.4921875 0.087158203125 0.506591796875 0.07958984375 0.51123046875 0.074462890625 0.51171875 0.063720703125 0.506103515625 0.0546875 0.502197265625 0.05419921875 0.495361328125 0.05810546875 0.478515625 0.074951171875 0.478515625 0.079345703125 0.483642578125 0.08642578125
0 0.48486409989473583 0.02609750112747869 0.4848640998947359 0.018542961327419095 0.4896715343129556 0.010988421527359505 0.4931054160402555 0.00549421076367974 0.49791285045847533 0.002060329036379937 0.502720284876695 0.003433881727299878 0.5095880483312948 0.0075545398000596755 0.5075277192949148 0.013048750563739405 0.5020335085312351 0.014422303254659338 0.49653929776755534 0.013048750563739405 0.49447896873117547 0.01785618498195917 0.4924186396947955 0.02403717209109884
0 0.5329384440769335 0.02609750112747869 0.5384326548406133 0.025410724782018706 0.5404929838769932 0.030904935545698474 0.5349987731133135 0.03639914630937824 0.5315648913860136 0.03365204092753837
0 0.5810127882591312 0.04051980438213798 0.5741450248045314 0.039146251691218076 0.5734582484590715 0.03365204092753834 0.5775789065318313 0.029531382854778562 0.582386340950051 0.03433881727299833
0 0.58984375 0.078369140625 0.593505859375 0.07763671875 0.59716796875 0.073486328125 0.59765625 0.066650390625 0.595458984375 0.064453125 0.587646484375 0.0654296875 0.58447265625 0.069580078125 0.583984375 0.076416015625
0 0.664112726059787 0.13666849274653317 0.6551846335688074 0.1325478346737734 0.6510639754960478 0.1284271766010136 0.6510639754960478 0.12361974218279387 0.6544978572233475 0.11881230776457408 0.6599920679870273 0.12018586045549406 0.6682333841325468 0.12636684756463373
0 0.69873046875 0.167236328125 0.702392578125 0.16552734375 0.70458984375 0.161376953125 0.70361328125 0.156005859375 0.700439453125 0.15380859375 0.697021484375 0.154296875 0.69140625 0.160888671875 0.694091796875 0.16748046875
0 0.62060546875 0.268310546875 0.6259765625 0.266357421875 0.626953125 0.256591796875 0.619873046875 0.2509765625 0.61376953125 0.255126953125 0.6123046875 0.263427734375 0.614990234375 0.26708984375
0 0.6517507518415075 0.26715599838392673 0.644196212041448 0.2671559983839268 0.6400755539686882 0.2657824456930068 0.6387020012777682 0.2602882349293271 0.6421358830050681 0.25685435320202726 0.6483168701142078 0.2554808005111074 0.6531243045324275 0.2575411295474872
0 0.6840292400781259 0.2534204714747274 0.6757879239326064 0.2506733660928876 0.6723540422053068 0.2444923789837479 0.6764747002780666 0.24105849725644807 0.6833424637326663 0.241745273601908 0.6860895691145059 0.24861303705650767
0 0.703945754096465 0.26303534031116693 0.6977647669873253 0.25960145858386713 0.6922705562236457 0.25548080051110733 0.6936441089145656 0.24929981340196766 0.6977647669873254 0.2465527080201278 0.7011986487146252 0.2520469187838075 0.705319306787385 0.25685435320202726
0 0.722488715423884 0.261661787620247 0.7211151627329643 0.25410724782018745 0.7252358208057239 0.24861303705650767 0.7314168079148636 0.24861303705650767 0.7300432552239436 0.2541072478201874 0.7272961498421038 0.2582279058929472
0 0.8172638510973593 0.24723948436558768 0.8090225349518397 0.2465527080201278 0.8000944424608603 0.24105849725644804 0.7980341134244804 0.2335039574563884 0.8035283241881601 0.22938329938362867 0.8097093112972998 0.2280097466927087 0.8165770747518994 0.23213040476546848 0.8200109564791992 0.23831139187460815 0.8200109564791992 0.24243204994736794
0 0.80352832418816 0.26784277472938667 0.7946002316971806 0.263035340311167 0.7959737843881005 0.2575411295474872 0.7994076661154004 0.25204691878380747 0.8049018768790801 0.25822790589294714 0.8090225349518397 0.26234856396570694 0.80833575860638 0.26646922203846674
0 0.84375 0.224853515625 0.851806640625 0.22216796875 0.85791015625 0.217529296875 0.86572265625 0.203857421875 0.8662109375 0.199951171875 0.863525390625 0.19677734375 0.854248046875 0.19482421875 0.84912109375 0.198486328125 0.8427734375 0.215576171875
0 0.875 0.191162109375 0.87890625 0.189208984375 0.88037109375 0.184326171875 0.87890625 0.179443359375 0.874267578125 0.1767578125 0.869140625 0.180419921875 0.869140625 0.187744140625 0.870849609375 0.1904296875
0 0.8900621437161157 0.3076758027660647 0.8825076039160562 0.30767580276606477 0.8783869458432965 0.30149481565692504 0.8818208275705962 0.29737415758416524 0.8893753673706559 0.29943448662054517 0.8934960254434156 0.30355514469330497
0 0.9408835932801531 0.3179774479479642 0.9360761588619335 0.31385678987520443 0.9312687244437138 0.3104229081479046 0.9319555007891738 0.30424192103876485 0.9340158298255536 0.29806093392962524 0.9395100405892334 0.30149481565692504 0.9415703696256132 0.30561547372968484 0.946377804043833 0.30630225007514483 0.9498116857711327 0.30767580276606477 0.9491249094256727 0.3124832371842845
0 0.9601133309530322 0.29600060489324526 0.9546191201893526 0.2911931704750255 0.9580530019166524 0.283638630674966 0.9656075417167119 0.2774576435658262 0.9724753051713116 0.27333698549306645 0.9786562922804514 0.27265020914760646 0.9848372793895911 0.2733369854930664 0.9841505030441312 0.2795179726022061 0.9786562922804515 0.28775928874772566 0.9759091868986115 0.2911931704750255 0.9704149761349319 0.29187994682048546 0.966294318062172 0.29600060489324526
0 0.9384765625 0.250244140625 0.947265625 0.242919921875 0.947265625 0.235595703125 0.944580078125 0.23291015625 0.938232421875 0.23388671875 0.9345703125 0.239501953125 0.93359375 0.247802734375
0 0.9853515625 0.226318359375 0.995361328125 0.22265625 1 0.214111328125 1 0.207763671875 0.992431640625 0.20068359375 0.98681640625 0.203857421875 0.98193359375 0.213134765625 0.98095703125 0.223876953125
0 0.7548828125 0.201416015625 0.760986328125 0.1982421875 0.7646484375 0.193115234375 0.7646484375 0.187744140625 0.760986328125 0.18505859375 0.753662109375 0.18603515625 0.7509765625 0.188720703125 0.75146484375 0.199462890625
0 0.76904296875 0.159912109375 0.775390625 0.156494140625 0.7763671875 0.148681640625 0.768798828125 0.14013671875 0.76611328125 0.144775390625 0.765625 0.153564453125
0 0.8509158920248977 0.0727982926187564 0.8522894447158177 0.06593052916415675 0.8564101027885775 0.06180987109139696 0.8639646425886371 0.05974954205501705 0.8701456296977769 0.061809871091396934 0.8701456296977769 0.0679908582005366 0.864651418934097 0.0727982926187564 0.8577836554794973 0.07348506896421636
0 0.9518720148075126 0.1263668475646337 0.9436306986619931 0.12361974218279383 0.9408835932801531 0.120872636800954 0.944317475007453 0.1160652023827343 0.9532455674984327 0.11606520238273427 0.9559926728802726 0.12087263680095404
0 0.983463726698671 0.12774040025555364 0.9779695159349913 0.12499329487371386 0.9752224105531518 0.11743875507365421 0.9772827395895316 0.11263132065543444 0.9827769503532113 0.11125776796451446 0.987584384771431 0.11537842603727425 0.9917050428441907 0.12155941314641397 0.9903314901532707 0.12774040025555364
0 0.9697281997894718 0.13529494005561324 0.9635472126803322 0.13392138736469333 0.9594265546075723 0.12980072929193354 0.9594265546075724 0.12636684756463373 0.9635472126803322 0.120872636800954 0.9704149761349318 0.12155941314641394 0.9745356342076916 0.1277404002555536
0 0.9580530019166523 0.15383790138303235 0.9518720148075126 0.1490304669648126 0.9532455674984327 0.14147592716475305 0.9532455674984327 0.13529494005561327 0.9580530019166524 0.1325478346737734 0.9676678707530919 0.1325478346737734 0.9731620815167717 0.13872882178291313 0.9731620815167717 0.1449098088920528 0.966294318062172 0.15177757234665246
0 0.7513333219332027 0.05700243667317717 0.7513333219332028 0.04944789687311758 0.7554539800059624 0.04807434418219764 0.7609481907696423 0.0528817786004174 0.7568275326968825 0.055628883982257266
0 0.9003637888980152 0.04738756783673764 0.8941828017888757 0.04532723880035776 0.8962431308252554 0.03845947534575813 0.9037976706253151 0.03433881727299831 0.906544776007155 0.028157830163858616 0.9120389867708347 0.021976843054718927 0.9175331975345143 0.02060329036379898 0.9182199738799743 0.026784277472938683 0.9113522104253746 0.03777269900029814 0.9079183286980749 0.04395368610943784
0 0.9580530019166523 0.07073796358237647 0.9525587911529726 0.06799085820053663 0.948438133080213 0.06318342378231685 0.9511852384620528 0.05562888398225729 0.9608001072984922 0.055628883982257266 0.963547212680332 0.06180987109139696
0 0.8763266168069164 0.15383790138303235 0.8735795114250765 0.1490304669648126 0.8749530641159966 0.1455965852375128 0.8797604985342162 0.1455965852375128 0.8838811566069761 0.14628336158297273 0.8818208275705962 0.15177757234665246
0 0.8735795114250765 0.10232967547353491 0.8673985243159369 0.10301645181899491 0.8646514189340971 0.09889579374623507 0.8646514189340971 0.09477513567347531 0.867398524315937 0.08996770125525558 0.8722059587341567 0.08928092490979558 0.8763266168069164 0.09271480663709544 0.8749530641159966 0.09752224105531518
0 0.6874631218054258 0.043266909763977845 0.683342463732666 0.03983302803667803 0.6847160164235859 0.0343388172729983 0.6888366744963458 0.03090493554569848 0.6950176616054855 0.026784277472938683 0.7018854250600853 0.02541072478201873 0.7060060831328449 0.027471053818398622 0.703945754096465 0.03296526458207835 0.6991383196782452 0.03639914630937818 0.6922705562236455 0.04051980438213798
0 0.66357421875 0.092041015625 0.679931640625 0.08447265625 0.68408203125 0.079833984375 0.68359375 0.071044921875 0.679443359375 0.06689453125 0.672607421875 0.06787109375 0.666015625 0.075927734375 0.6611328125 0.089599609375
0 0.716796875 0.109619140625 0.722900390625 0.10791015625 0.72802734375 0.102294921875 0.728515625 0.094970703125 0.724365234375 0.08984375 0.713623046875 0.09033203125 0.71044921875 0.093994140625 0.71044921875 0.105224609375 0.714111328125 0.10986328125
0 0.78466796875 0.118896484375 0.803466796875 0.10888671875 0.80517578125 0.106201171875 0.80517578125 0.093505859375 0.80126953125 0.078369140625 0.796630859375 0.07421875 0.785888671875 0.078125 0.77978515625 0.087158203125 0.77685546875 0.115966796875 0.780029296875 0.119140625
0 0.83984375 0.144775390625 0.849609375 0.139892578125 0.8515625 0.132080078125 0.8505859375 0.121337890625 0.8486328125 0.117431640625 0.843017578125 0.11328125 0.839111328125 0.11376953125 0.83056640625 0.119384765625 0.82666015625 0.135009765625 0.829345703125 0.14208984375 0.835693359375 0.14501953125
0 0.8282522726247188 0.09134125394617545 0.826878719933799 0.08447349049157579 0.8289390489701789 0.07691895069151619 0.8323729306974786 0.07554539800059626 0.8399274704975384 0.080352832418816 0.8351200360793185 0.08928092490979553 0.8316861543520186 0.09477513567347529
0 0.7218052356038875 0.15658500676487222 0.7135639194583681 0.15246434869211245 0.7176845775311278 0.141475927164753 0.7259258936766475 0.13529494005561327 0.732793657131247 0.1373552690919932 0.736227538858547 0.14422303254659286 0.7314201044403272 0.15383790138303238
0 0.7458424076949864 0.14078915081929297 0.7410349732767667 0.13804204543745313 0.7417217496222267 0.1332346110192334 0.7451556313495266 0.13048750563739359 0.7506498421132062 0.12705362391009373 0.7527101711495862 0.1332346110192334
0 0.2623005181509444 0.8804791437897939 0.25139001535812583 0.878565096864071 0.24972427165368094 0.870242664257147 0.251945225980887 0.8602557507164071 0.2558319799306187 0.8552622799771147 0.260829266962034 0.8535977990432988 0.2652712315345268 0.8608106242574209 0.2647160209117656 0.8696878465918234
0 0.6927323957372798 0.6048195796334386 0.6867056189568608 0.5977182670811241 0.6928134390699597 0.5844023637349076 0.6989211473468975 0.5821830371979231 0.7066946552463608 0.5871764799993704 0.7050288556238353 0.5977182670811241 0.7000316804285813 0.6021568642794028
0 0.7311965209683992 0.4701951413245209 0.726128424995019 0.47699125646954604 0.7183549170955558 0.4775460461970246 0.7166891174730302 0.4703333047964378 0.7233520922908097 0.4636753531233295
0 0.8438414591452487 0 0.8388440658649142 0.0089414727487535 0.828294337097403 0.01559941045293925 0.8210760957387816 0.012825273235092492 0.8238523166068296 0.007831809480261277 0.8305152914246092 0.0028383527098913355
0 0.5214754572082485 0.5608605793693022 0.5129125598091042 0.5588802203109666 0.5095810724002142 0.5505577877040426 0.5140230369727071 0.5444546816341029 0.5206860677085674 0.5483384891049031
0 0.1734667051171688 0.6130618921829641 0.1681025505454776 0.6224598938804133 0.16255005289130106 0.6202405673434289 0.1658815962182715 0.6091439905341969
0 0.7467653335619474 0.6341255798095295 0.7394544864667395 0.6374402781604458 0.7344571994353243 0.6335564706896455 0.7372334203033722 0.6235695571489055 0.7438963951211518 0.6213502306119211 0.7472278825300416 0.6274533366818608
0 0.443631394240507 0.18904070213514856 0.4373986028959193 0.18426733325271533 0.44073009030480903 0.17760938157960704 0.4473931210406693 0.18038352578191508 0.45016934190871727 0.18537696858336247