0 0.32568359375 0.961669921875 0.336669921875 0.9599609375 0.343505859375 0.9560546875 0.34814453125 0.950439453125 0.35107421875 0.944091796875 0.3515625 0.937255859375 0.345458984375 0.92578125 0.338623046875 0.92626953125 0.326904296875 0.931640625 0.31640625 0.941650390625 0.314453125 0.947998046875 0.31494140625 0.957763671875 0.317626953125 0.96142578125
0 0.25107508623085684 0.9733458822374315 0.24213268589934692 0.969906497494543 0.23387816251641463 0.9575247124201447 0.23800542420788076 0.9485823120886346 0.2428205628479246 0.9506459429343678 0.24625994759081307 0.9575247124201447 0.2517629631794346 0.9637156049573439 0.25795385571663376 0.9705943744431208
0 0.00825452338293228 0.8467765236991365 0.013757538971553806 0.8440250159048257 0.01857267761159763 0.8405856311619372 0.01857267761159763 0.8364583694704713 0.013069662022976108 0.8337068616761605 0.006878769485776905 0.8350826155733158 0.005503015588621516 0.8405856311619373
0 0.01100603117724304 0.8171978149102959 0.01719692371444225 0.8151341840645627 0.019948431508753008 0.8082554145787859 0.017884800663019947 0.8020645220415867 0.01238178507439842 0.8055039067844751 0.00825452338293228 0.8096311684759412
0 0.16852985240153406 0.8020645220415867 0.16096320596717945 0.803440275938742 0.15614806732713565 0.8013766450930091 0.1595874520700241 0.7944978756072321 0.16646622155580099 0.7931221217100768
0 0.3666384135919088 0.9602762202144555 0.3776444447691519 0.9568368354715668 0.3831474603577734 0.9527095737801008 0.3824595834091957 0.9444550503971685 0.3742050600262634 0.9437671734485908 0.36870204443764193 0.94995806598579
0 0.4436806318326101 0.9953579445919176 0.439553370141144 0.9905428059518737 0.44092912403829937 0.98572766731183 0.44436850878118783 0.9843519134146745 0.44849577047265393 0.9864155442604077 0.4491836474212316 0.9919185598490291
0 0.60009765625 0.999755859375 0.6123046875 0.988525390625 0.6162109375 0.980712890625 0.6171875 0.974365234375 0.612548828125 0.96923828125 0.606689453125 0.96875 0.597900390625 0.9716796875 0.58251953125 0.985107421875 0.58056640625 0.992431640625 0.584716796875 0.99951171875
0 0.6204650076170765 0.9623398510601884 0.6190892537199211 0.9540853276772563 0.6204650076170765 0.9465186812429016 0.623904392359965 0.9403277887057024 0.6273437771028534 0.9396399117571247 0.6314710387943195 0.9396399117571247 0.6314710387943194 0.9492701890372124 0.6287195310000087 0.9575247124201447 0.6259680232056979 0.9616519741116107
0 1 0.999755859375 0.999755859375 0.96142578125 0.990234375 0.968505859375 0.98486328125 0.982177734375 0.9892578125 0.996826171875 0.992431640625 1
0 0.9760973900317421 0.9616519741116107 0.9871034212089853 0.9609640971630331 0.9932943137461845 0.9527095737801008 0.9891670520547184 0.9492701890372124 0.9850397903632522 0.9465186812429016 0.9781610208774754 0.9465186812429016 0.9747216361345868 0.9520216968315232 0.9760973900317422 0.9575247124201447
0 0.960964097163033 0.969906497494543 0.9547732046258339 0.9692186205459654 0.9492701890372123 0.9671549897002323 0.9492701890372124 0.9589004663173001 0.94995806598579 0.9485823120886346 0.9547732046258339 0.9430792965000132 0.9616519741116106 0.9444550503971685 0.9664671127516545 0.9492701890372124 0.9712822513916983 0.956836835471567 0.9705943744431207 0.9630277280087661 0.9685307435973876 0.9678428666488099
0 0.9300096344770369 0.978848897826053 0.9382641578599693 0.9809125286717861 0.9437671734485908 0.9774731439288977 0.9437671734485908 0.9726580052888538 0.9403277887057024 0.9664671127516546 0.9348247731170809 0.965779235803077 0.9286338805798817 0.9719701283402762
0 0.5049016802560244 0.9850397903632522 0.5021501724617137 0.9760973900317423 0.5055895572046023 0.9705943744431207 0.5104046958446461 0.9685307435973878 0.5145319575361121 0.9767852669803199 0.5104046958446461 0.9816004056203638
0 0.5888671875 0.945556640625 0.59619140625 0.939697265625 0.5986328125 0.928955078125 0.588134765625 0.91748046875 0.584228515625 0.91650390625 0.57666015625 0.926025390625 0.5771484375 0.939208984375 0.580322265625 0.94482421875
0 0.5000865416159807 0.9245066188884155 0.49389564907878153 0.9231308649912601 0.49183201823304834 0.9162520955054833 0.4959592799245145 0.910061202968284 0.5042138033074468 0.9121248338140171 0.5049016802560244 0.9196914802483716
0 0.5269137426105106 0.9059339412768179 0.5351682659934428 0.9038703104310848 0.5392955276849091 0.8990551717910411 0.5344803890448653 0.8956157870481525 0.5296652504048215 0.8969915409453079 0.5269137426105107 0.901118802636774
0 0.45881392470131926 0.8708522168993557 0.4588139247013193 0.8639734474135787 0.46156543249563003 0.8577825548763796 0.4656926941870962 0.8605340626706903 0.4670684480842515 0.8632855704650011 0.46569269418709613 0.8694764630022003
0 0.14376628225273722 0.754601012589726 0.13619963581838265 0.7552888895383038 0.1313844971783388 0.7518495047954152 0.13138449717833883 0.7456586122582162 0.13826326666411573 0.7394677197210169 0.1458299130984703 0.7387798427724391 0.14995717478993645 0.7408434736181722 0.1513329286870918 0.7477222431039491 0.15064505173851414 0.7518495047954152
0 0.48908051043873757 0.9533974507286784 0.4835774948501161 0.9513338198829455 0.4828896179015385 0.9451429273457461 0.48426537179869383 0.9348247731170809 0.48976838738731543 0.9286338805798817 0.4945835260273591 0.9293217575284594 0.49458352602735917 0.9348247731170809 0.49045626433589307 0.9417035426028577 0.49183201823304845 0.9478944351400569
0 0.5255379887133552 0.8199493227046066 0.517283465330423 0.8151341840645627 0.5152198344846898 0.8061917837330529 0.5186592192275783 0.8000008911958536 0.5220986039704667 0.799313014247276 0.5269137426105106 0.7986251372986983 0.5310410043019768 0.7972493834015428 0.5379197737877537 0.7972493834015428 0.5392955276849091 0.8000008911958536 0.5399834046334868 0.803440275938742 0.5399834046334867 0.8048160298358975 0.5365440198905982 0.8082554145787859 0.5351682659934428 0.8110069223730967 0.5337925120962874 0.8144463071159851 0.5310410043019766 0.8178856918588735
0 0.3171112732943151 0.799313014247276 0.3122961346542713 0.7951857525558098 0.3150476424485821 0.7876191061214552 0.32330216583151433 0.7821160905328337 0.3274294275229805 0.7841797213785668 0.32742942752298043 0.7917463678129214
0 0.32536579667724735 0.7573525203840368 0.32192641193435895 0.75047375089826 0.32605367362582505 0.7456586122582161 0.3288051814201359 0.7422192275153277 0.33018093531729126 0.7387798427724392 0.3349960739573351 0.7380919658238615 0.3377475817516459 0.74153135056675 0.3391233356488012 0.743594981412483 0.33843545870022357 0.7497858739496823 0.3343081970087574 0.7552888895383038 0.33086881226586895 0.7580403973326145
0 0.388671875 0.727294921875 0.39794921875 0.719970703125 0.40185546875 0.712646484375 0.40234375 0.705810546875 0.396728515625 0.70068359375 0.388916015625 0.70166015625 0.380859375 0.710205078125 0.3779296875 0.716064453125 0.37939453125 0.725830078125
0 0.676870917400447 0.8261402152418058 0.6679285170689371 0.8275159691389613 0.6631133784288933 0.823388707447495 0.6624255014803156 0.8178856918588735 0.6644891323260487 0.810319045424519 0.6693042709660925 0.8096311684759412 0.6754951635032918 0.8130705532188297 0.6782466712976025 0.8151341840645627 0.6782466712976024 0.8199493227046066
0 0.7421875 0.942626953125 0.748779296875 0.94140625 0.7568359375 0.935302734375 0.7587890625 0.923583984375 0.755615234375 0.9189453125 0.741455078125 0.91845703125 0.734375 0.924560546875 0.732421875 0.933349609375 0.7333984375 0.938720703125 0.736572265625 0.94189453125
0 0.8247644613446503 0.9141884646597502 0.8185735688074512 0.9141884646597502 0.8123826762702521 0.9121248338140171 0.8116947993216743 0.9073096951739732 0.8137584301674075 0.9052460643282403 0.8171978149102959 0.9038703104310848 0.8206371996531844 0.9045581873796624 0.823388707447495 0.9073096951739732
0 0.881170371128021 0.94995806598579 0.879106740282288 0.9430792965000132 0.8777309863851325 0.9355126500656586 0.8777309863851325 0.9313853883741924 0.8784188633337102 0.9258823727855708 0.8784188633337102 0.9251944958369933 0.8832340019737541 0.9224429880426825 0.8873612636652203 0.9279460036313041 0.8880491406137978 0.9341368961685033 0.8887370175623756 0.9348247731170809 0.8908006484081086 0.9410156656542801 0.8880491406137978 0.9465186812429016 0.8866733867166424 0.947894435140057
0 0.8804824941794432 0.9231308649912602 0.8763552324879771 0.9169399724540609 0.8791067402822879 0.9121248338140171 0.8839218789223318 0.9093733260197063 0.885297632819487 0.9093733260197063 0.8873612636652203 0.9121248338140171 0.8880491406137979 0.9141884646597502 0.8873612636652202 0.9203793571969494 0.8866733867166424 0.921067234145527
0 0.836458369470471 1 0.841273508110515 0.9891670520547184 0.8467765236991366 0.9836640364660969 0.8522795392877579 0.9822882825689414 0.8557189240306465 0.9829761595175192 0.8612219396192681 0.9857276673118299 0.8619098165678457 0.9864155442604077 0.8619098165678457 0.9912306829004515 0.8612219396192681 0.9960458215404953 0.8570946779278019 1 0.8529674162363358 1 0.8509037853906027 1
0 0.9458308042943238 0.9238187419398378 0.9348247731170809 0.9245066188884155 0.9293217575284594 0.921067234145527 0.9293217575284592 0.9148763416083279 0.9313853883741923 0.9093733260197063 0.9375762809113916 0.907997572122551 0.9430792965000131 0.907997572122551 0.9472065581914793 0.9128127107625947 0.947894435140057 0.9155642185569055
0 0.8178856918588735 1 0.8165099379617182 0.9905428059518738 0.8199493227046066 0.9754095130831646 0.8275159691389612 0.96784286664881 0.8350826155733158 0.9623398510601884 0.841273508110515 0.9609640971630331 0.8447128928534033 0.9630277280087661 0.8460886467505588 0.9719701283402762 0.8454007698019812 0.9802246517232084 0.841273508110515 0.9864155442604077 0.8350826155733159 0.9946700676433399 0.8337068616761605 0.9974215754376506 0.8261402152418058 1 0.8240765843960728 1
0 0.8467765236991365 0.9829761595175192 0.8440250159048258 0.9767852669803199 0.8440250159048258 0.9664671127516546 0.8454007698019812 0.9595883432658778 0.850215908442025 0.9589004663173 0.8577825548763796 0.9630277280087661 0.8605340626706902 0.9692186205459654 0.8612219396192682 0.9795367747746306 0.859158308773535 0.9829761595175192 0.8557189240306466 0.9836640364660969 0.8502159084420251 0.9836640364660969
0 0.7435949814124829 0.9045581873796624 0.7346525810809731 0.9038703104310849 0.7263980576980408 0.8997430487396186 0.7202071651608416 0.8963036639967302 0.71470414957222 0.8942400331509971 0.7043859953435546 0.8901127714595312 0.7009466106006662 0.8866733867166426 0.6975072258577777 0.881170371128021 0.6975072258577778 0.8742916016422441 0.6995708567035108 0.8681007091050449 0.7030102414463993 0.8660370782593119 0.7078253800864431 0.8639734474135787 0.712640518726487 0.861221939619268 0.7153920265207977 0.859158308773535 0.7222707960065746 0.850215908442025 0.73258895023524 0.8536552931849135 0.7401555966695946 0.8570946779278019 0.743594981412483 0.8598461857221127 0.7463464892067938 0.8625976935164235 0.7484101200525268 0.8667249552078896 0.75047375089826 0.8736037246936665 0.7504737508982599 0.8797946172308657 0.7504737508982599 0.8852976328194873 0.7504737508982599 0.8901127714595312 0.7504737508982599 0.8956157870481526 0.7490979970011045 0.9031824334825072
0 0.863285570465001 0.903182433482507 0.857094677927802 0.8997430487396187 0.8591583087735349 0.8914885253566864 0.8639734474135788 0.8839218789223318 0.8681007091050449 0.8866733867166425 0.8694764630022003 0.8956157870481525 0.8694764630022003 0.9004309256881964
0 0.69091796875 0.932861328125 0.695556640625 0.931640625 0.701171875 0.927001953125 0.70166015625 0.921142578125 0.698974609375 0.91796875 0.694091796875 0.91748046875 0.6884765625 0.924560546875 0.6875 0.929931640625
0 0.7662949207155467 0.989854929003296 0.7614797820755029 0.9891670520547184 0.756664643435459 0.9843519134146745 0.756664643435459 0.9774731439288977 0.7607919051269252 0.9733458822374315 0.7669827976641244 0.9760973900317422 0.7690464285098576 0.9809125286717861
0 0.7477222431039491 0.9905428059518737 0.74153135056675 0.9857276673118299 0.7435949814124829 0.9781610208774754 0.7463464892067937 0.9754095130831646 0.7497858739496821 0.9740337591860093 0.7539131356411483 0.9740337591860093 0.7546010125897261 0.9788488978260531 0.7532252586925706 0.9850397903632523
0 0.7490979970011045 1 0.7497858739496822 0.9926064367976069 0.7539131356411483 0.9884791751061408 0.7587282742811923 0.987791298157563 0.7621676590240807 0.9898549290032961 0.7656070437669691 0.9926064367976069 0.7669827976641245 0.998797329334806 0.7649191668183914 1
0 0.763543412921236 0.9162520955054831 0.7587282742811923 0.9093733260197063 0.7532252586925706 0.901118802636774 0.7587282742811922 0.8942400331509972 0.7628555359726582 0.8914885253566864 0.7711100593555905 0.890112771459531 0.7766130749442122 0.8887370175623757 0.7807403366356783 0.8908006484081086 0.7807403366356782 0.8990551717910409 0.7773009518927897 0.9066218182253956 0.7738615671499013 0.9121248338140171 0.7697343054584351 0.9148763416083279
0 0.40309589186652633 0.7587282742811922 0.39552924543217177 0.7621676590240806 0.390714106792128 0.7607919051269252 0.3900262298435503 0.7552888895383036 0.39415349153501644 0.7511616278468376 0.399656507123638 0.7497858739496821 0.4030958918665264 0.752537381743993
0 0.599140822211168 0.9018066795853517 0.5915741757768135 0.8969915409453079 0.5881347910339251 0.8908006484081087 0.5874469140853474 0.8839218789223318 0.5922620527253911 0.8797946172308657 0.5977650683140127 0.8770431094365548 0.6053317147483672 0.8770431094365548 0.6094589764398334 0.8770431094365548 0.6142741150798772 0.8818582480765986 0.6135862381312995 0.8894248945109533 0.6122104842341441 0.8928642792538417 0.6094589764398334 0.8976794178938856 0.606019591696945 0.8990551717910409 0.6039559608512118 0.8997430487396186
0 0.6190892537199211 0.8852976328194871 0.6259680232056979 0.8832340019737541 0.6294074079485865 0.8763552324879771 0.6273437771028534 0.8687885860536227 0.6211528845656542 0.8674128321564673 0.6163377459256103 0.8687885860536226 0.6135862381312996 0.8708522168993555 0.6128983611827219 0.872227970796511 0.6122104842341441 0.8797946172308656 0.6149619920284549 0.8825461250251764
0 0.6294074079485864 0.9045581873796624 0.6294074079485865 0.8956157870481526 0.6321589157428973 0.8887370175623756 0.636974054382941 0.888049140613798 0.6383498082800964 0.8935521562024195 0.6362861774343633 0.8997430487396187
0 0.6053317147483672 0.9245066188884155 0.6108347303369889 0.9238187419398378 0.6156498689770326 0.9231308649912602 0.6225286384628096 0.9203793571969493 0.6245922693085425 0.9176278494026385 0.6225286384628095 0.9141884646597502 0.6184013767713433 0.9121248338140171 0.6128983611827218 0.9135005877111725 0.6087710994912556 0.9162520955054831 0.606019591696945 0.9183157263512163
0 0.7098890109321762 0.9850397903632522 0.7016344875492438 0.9850397903632522 0.6968193489092 0.9816004056203638 0.6975072258577777 0.9760973900317422 0.7036981183949769 0.974721636134587 0.707825380086443 0.9767852669803199
0 0.6961314719606223 0.9754095130831646 0.6926920872177339 0.9705943744431208 0.6940678411148893 0.9644034819059215 0.6988829797549332 0.9630277280087661 0.7023223644978215 0.9685307435973877 0.7030102414463993 0.9740337591860092
0 0.7092011339835984 0.9561489585229892 0.7023223644978215 0.9520216968315232 0.7036981183949769 0.9430792965000131 0.7126405187264869 0.9444550503971686 0.7140162726236423 0.9492701890372124
0 0.67919921875 0.905029296875 0.685546875 0.900146484375 0.6875 0.892333984375 0.683349609375 0.8857421875 0.674560546875 0.8818359375 0.6689453125 0.886474609375 0.66943359375 0.890380859375 0.6748046875 0.903076171875
0 0.6748072865547139 0.8687885860536226 0.6686163940175148 0.8632855704650011 0.672743655708981 0.8543431701334911 0.6782466712976024 0.8536552931849135 0.6803103021433355 0.8625976935164235
0 0.3818359375 0.532470703125 0.389404296875 0.529296875 0.3955078125 0.521728515625 0.39794921875 0.512939453125 0.394775390625 0.5048828125 0.384033203125 0.50390625 0.376708984375 0.50537109375 0.3720703125 0.510986328125 0.36865234375 0.519775390625 0.369140625 0.525634765625 0.375732421875 0.5322265625
0 0.365234375 0.644287109375 0.374267578125 0.6396484375 0.3779296875 0.634033203125 0.37841796875 0.628173828125 0.372314453125 0.62158203125 0.361572265625 0.623046875 0.35546875 0.631103515625 0.35888671875 0.642333984375
0 0.34619140625 0.695556640625 0.351318359375 0.69287109375 0.35595703125 0.685791015625 0.35498046875 0.679443359375 0.349365234375 0.6748046875 0.339111328125 0.6787109375 0.333984375 0.685791015625 0.336181640625 0.6923828125 0.342529296875 0.69580078125
0 0.361328125 0.673583984375 0.36669921875 0.670654296875 0.36865234375 0.664794921875 0.36767578125 0.658935546875 0.363037109375 0.65625 0.35693359375 0.658447265625 0.35009765625 0.670654296875 0.352783203125 0.67333984375
0 0.9506459429343677 0.852279539287758 0.9423914195514355 0.8543431701334911 0.9382641578599693 0.8543431701334911 0.9334490192199255 0.8529674162363358 0.9334490192199255 0.8495280314934474 0.9355126500656585 0.8460886467505588 0.9375762809113917 0.8440250159048257 0.9396399117571247 0.8405856311619373 0.9417035426028578 0.8378341233676265 0.9492701890372124 0.8350826155733158 0.9513338198829454 0.8350826155733158 0.9540853276772562 0.8385220003162042 0.9540853276772562 0.8398977542133595 0.9540853276772562 0.8467765236991365
0 0.9616519741116106 0.8302674769332719 0.9595883432658778 0.8247644613446503 0.956836835471567 0.8206371996531844 0.9561489585229892 0.8137584301674073 0.9595883432658776 0.8082554145787859 0.9650913588544991 0.8041281528873198 0.9719701283402761 0.8110069223730967 0.9726580052888538 0.8227008304989174 0.9692186205459654 0.8282038460875389
0 0.9802246517232084 0.783491844429989 0.9726580052888538 0.783491844429989 0.9685307435973877 0.7793645827385229 0.969906497494543 0.7662949207155468 0.9760973900317422 0.7594161512297699 0.9836640364660969 0.763543412921236 0.9864155442604078 0.7724858132527459 0.9864155442604078 0.7814282135842558
0 0.9802246517232084 0.734652581080973 0.978848897826053 0.7298374424409292 0.978848897826053 0.7263980576980408 0.9829761595175192 0.7229586729551523 0.9891670520547184 0.7229586729551523 0.9891670520547183 0.7270859346466184 0.9864155442604076 0.7339647041323953
0 0.9561489585229892 0.7869312291728774 0.9527095737801007 0.783491844429989 0.9478944351400571 0.7821160905328336 0.9430792965000131 0.7766130749442122 0.9417035426028577 0.7752373210470567 0.9396399117571246 0.7724858132527461 0.9382641578599693 0.7669827976641246 0.9382641578599692 0.7614797820755029 0.9389520348085469 0.7559767664868814 0.9472065581914791 0.7573525203840368 0.9499580659857899 0.7601040281783475 0.9568368354715668 0.7683585515612799 0.9595883432658776 0.7752373210470568 0.9595883432658776 0.7807403366356782
0 0.9018066795853517 0.8144463071159851 0.8983672948424631 0.8089432915273636 0.8997430487396185 0.8034402759387421 0.9059339412768179 0.7965615064529652 0.912124833814017 0.8000008911958536 0.9114369568654395 0.8082554145787859
0 0.910061202968284 0.7931221217100766 0.9052460643282402 0.7876191061214552 0.9073096951739733 0.7800524596871006 0.9114369568654394 0.7731736902013236 0.9196914802483717 0.7662949207155468 0.9245066188884156 0.7656070437669691 0.9245066188884156 0.7793645827385229 0.921067234145527 0.7883069830700329 0.9169399724540609 0.790370613915766
0 0.903182433482507 0.7738615671499014 0.896991540945308 0.7759251979956345 0.8942400331509972 0.7766130749442122 0.8887370175623757 0.7759251979956345 0.8873612636652203 0.770422182407013 0.8859855097680649 0.7649191668183914 0.8928642792538418 0.7621676590240807 0.8983672948424632 0.7621676590240807 0.901118802636774 0.7621676590240807 0.9066218182253956 0.7656070437669691 0.9066218182253956 0.7697343054584354
0 0.861221939619268 0.8082554145787859 0.8577825548763796 0.7972493834015428 0.8605340626706902 0.7896827369671883 0.8660370782593119 0.7876191061214552 0.8708522168993557 0.7917463678129213 0.8681007091050449 0.7986251372986982
0 0.8598461857221126 0.7814282135842558 0.8598461857221126 0.7731736902013236 0.8639734474135788 0.7683585515612797 0.8667249552078896 0.75941615122977 0.872227970796511 0.7601040281783477 0.872227970796511 0.7669827976641246 0.8708522168993557 0.7759251979956345 0.8660370782593119 0.7786767057899453
0 0.8061917837330527 0.8178856918588735 0.7986251372986982 0.8151341840645628 0.7972493834015427 0.8089432915273636 0.7986251372986982 0.801376645093009 0.8055039067844751 0.7944978756072321 0.8110069223730967 0.7965615064529651 0.8130705532188297 0.7972493834015428 0.8116947993216742 0.8068796606816304
0 0.78466796875 0.789794921875 0.79248046875 0.781005859375 0.79296875 0.776611328125 0.788330078125 0.771484375 0.781005859375 0.77392578125 0.7763671875 0.782470703125 0.777099609375 0.78857421875
0 0.8048160298358974 0.7649191668183913 0.7986251372986983 0.7621676590240807 0.7979372603501206 0.754601012589726 0.8027523989901644 0.7497858739496821 0.8082554145787858 0.7490979970011045 0.8110069223730966 0.7518495047954152 0.8110069223730966 0.7587282742811923
0 0.78515625 0.697509765625 0.792236328125 0.69384765625 0.79833984375 0.686767578125 0.79931640625 0.682373046875 0.796142578125 0.6796875 0.788818359375 0.67822265625 0.7763671875 0.687744140625 0.77587890625 0.694580078125 0.780517578125 0.69775390625
0 0.636974054382941 0.7731736902013236 0.6307831618457419 0.774549444098479 0.6280316540514311 0.7642312898698137 0.6335346696400527 0.7601040281783475 0.6362861774343634 0.7649191668183913
0 0.5874469140853473 0.7814282135842558 0.5785045137538374 0.781428213584256 0.5771287598566819 0.7766130749442122 0.5798802676509927 0.7717979363041683 0.5853832832396142 0.770422182407013 0.5888226679825027 0.7738615671499015
0 0.46337890625 0.798583984375 0.470458984375 0.79638671875 0.474609375 0.788330078125 0.470458984375 0.78125 0.463134765625 0.77978515625 0.45556640625 0.784423828125 0.455078125 0.790771484375 0.458740234375 0.79736328125
0 0.4208984375 0.727783203125 0.423828125 0.725830078125 0.42578125 0.719482421875 0.422607421875 0.7138671875 0.418701171875 0.71337890625 0.4130859375 0.717529296875 0.4130859375 0.722900390625 0.416748046875 0.7275390625
0 0.4429927548840324 0.7656070437669691 0.4361139853982555 0.7642312898698137 0.4312988467582117 0.7594161512297699 0.4354261084496778 0.7532252586925707 0.4436806318326101 0.7552888895383038 0.44849577047265393 0.7594161512297699
0 0.57763671875 0.706298828125 0.582763671875 0.705078125 0.58740234375 0.698486328125 0.587890625 0.694091796875 0.584228515625 0.68994140625 0.577880859375 0.68994140625 0.572265625 0.694580078125 0.57275390625 0.703857421875
0 0.6142578125 0.731689453125 0.619140625 0.726318359375 0.6171875 0.718994140625 0.612060546875 0.7158203125 0.604248046875 0.71826171875 0.6015625 0.721435546875 0.6015625 0.727783203125 0.607666015625 0.73193359375
0 0.6775587943490247 0.7126405187264869 0.6720557787604031 0.7064496261892876 0.6775587943490247 0.7002587336520886 0.6844375638348017 0.6954435950120448 0.692692087217734 0.6940678411148893 0.6933799641663115 0.7030102414463992 0.6865011946805346 0.712640518726487
0 0.6617376245317378 0.7401555966695945 0.6569224858916941 0.7277738115951962 0.6569224858916941 0.7195192882122639 0.6617376245317379 0.7153920265207978 0.6686163940175148 0.7133283956750647 0.6720557787604032 0.7153920265207978 0.6727436557089809 0.7222707960065746 0.6699921479146701 0.7250223038008854 0.6672406401203593 0.7270859346466185 0.6686163940175147 0.73258895023524 0.6706800248632477 0.7367162119267061
0 0.21533203125 0.619873046875 0.220458984375 0.61865234375 0.2275390625 0.611572265625 0.23046875 0.604248046875 0.23046875 0.599365234375 0.228271484375 0.59619140625 0.220947265625 0.59521484375 0.216064453125 0.5966796875 0.2099609375 0.603271484375 0.20654296875 0.611572265625 0.20703125 0.615966796875 0.211181640625 0.6201171875
0 0.2799659180711198 0.6025802069540565 0.2717113946881876 0.5984529452625904 0.26895988689387684 0.5888226679825027 0.2737750255339207 0.5860711601881919 0.2792780411225422 0.5901984218796581 0.2847810567111637 0.5943256835711244
0 0.28662109375 0.554931640625 0.29150390625 0.552001953125 0.29541015625 0.545166015625 0.2958984375 0.540771484375 0.293701171875 0.53759765625 0.287353515625 0.5380859375 0.2763671875 0.545654296875 0.278076171875 0.55078125
0 0.4482421875 0.594970703125 0.453369140625 0.59228515625 0.458984375 0.585205078125 0.458740234375 0.576171875 0.450439453125 0.57568359375 0.44140625 0.581787109375 0.43994140625 0.585693359375 0.44091796875 0.593017578125 0.443603515625 0.59521484375
0 0.49951171875 0.581787109375 0.511962890625 0.57666015625 0.51416015625 0.573974609375 0.5126953125 0.565673828125 0.508056640625 0.56201171875 0.498291015625 0.5634765625 0.486328125 0.576416015625 0.493896484375 0.58203125
0 0.9073096951739732 0.6878769485776901 0.896991540945308 0.6830618099376462 0.8908006484081086 0.6789345482461802 0.8852976328194871 0.6720557787604032 0.8846097558709095 0.663801255377471 0.8949279100995748 0.6603618706345825 0.9024945565339294 0.6644891323260487 0.9086854490711287 0.6686163940175147 0.9114369568654394 0.6761830404518694 0.9114369568654395 0.6796224251947578
0 0.8859855097680648 0.7043859953435546 0.8756673555393995 0.7043859953435547 0.8660370782593119 0.6995708567035108 0.8646613243621565 0.6892527024748454 0.8694764630022003 0.6796224251947578 0.879106740282288 0.6830618099376462 0.8852976328194871 0.6844375638348017 0.890112771459531 0.6899405794234232 0.8908006484081086 0.6975072258577777
0 0.8956157870481525 0.6472922086116064 0.8914885253566864 0.6362861774343633 0.8901127714595309 0.628031654051431 0.8935521562024193 0.6245922693085426 0.9004309256881963 0.6245922693085426 0.9052460643282402 0.6307831618457418 0.9066218182253954 0.636974054382941 0.9066218182253954 0.643852823868718 0.9024945565339293 0.645916454714451
0 0.9499580659857899 0.6342225465886302 0.9458308042943239 0.6287195310000088 0.9472065581914793 0.6218407615142318 0.94995806598579 0.6163377459256104 0.9533974507286787 0.614961992028455 0.956836835471567 0.6211528845656542 0.9554610815744116 0.628031654051431
0 0.6170256228741879 0.6624255014803155 0.6142741150798773 0.6541709780973832 0.6177134998227658 0.6486679625087618 0.6218407615142317 0.647980085560184 0.6252801462571203 0.6507315933544948 0.6245922693085425 0.6576103628402719
0 0.6335346696400526 0.6245922693085426 0.6321589157428973 0.6190892537199211 0.6376619313315186 0.6142741150798773 0.6383498082800964 0.608083222542678 0.6424770699715626 0.6073953455941004 0.6452285777658734 0.6108347303369888 0.6431649469201403 0.6204650076170765 0.6383498082800965 0.6232165154113872
0 0.6397255621772517 0.5950135605197019 0.6328467926914748 0.5922620527253912 0.6342225465886302 0.5860711601881919 0.6417891930229849 0.5826317754453034 0.6472922086116064 0.5867590371367697 0.6452285777658734 0.5901984218796581
0 0.7408434736181722 0.5798802676509927 0.7367162119267061 0.577128759856682 0.7353404580295507 0.5736893751137935 0.7374040888752839 0.5681863595251719 0.7429071044639054 0.5674984825765943 0.7470343661553714 0.5674984825765943 0.7470343661553714 0.5743772520623713
0 0.7628555359726582 0.5461742971706859 0.7559767664868815 0.5496136819135744 0.7511616278468375 0.5468621741192636 0.7511616278468376 0.5392955276849091 0.7573525203840369 0.5365440198905982 0.7628555359726583 0.5372318968391759
0 0.9637156049573438 0.6018923300054788 0.9540853276772562 0.6032680839026343 0.9513338198829454 0.5977650683140127 0.9540853276772561 0.5922620527253912 0.9595883432658776 0.5881347910339251 0.9650913588544993 0.5881347910339251 0.9671549897002323 0.5915741757768136 0.9664671127516546 0.5977650683140128
0 0.9685307435973876 0.5936378066225465 0.9664671127516546 0.5867590371367697 0.9650913588544993 0.5798802676509928 0.9650913588544993 0.5709378673194828 0.9671549897002323 0.5654348517308613 0.9692186205459654 0.559243959193662 0.9733458822374316 0.5544288205536182 0.9809125286717861 0.5523651897078852 0.9829761595175192 0.5599318361422397 0.9809125286717861 0.5688742364737497 0.9802246517232085 0.575065129010949 0.9795367747746306 0.5840075293424589 0.9781610208774754 0.5915741757768135 0.9740337591860092 0.595013560519702
0 0.9190036032997939 0.5888226679825027 0.9107490799168617 0.5860711601881919 0.9079975721225509 0.5778166368052597 0.9114369568654395 0.5709378673194827 0.9169399724540609 0.5709378673194828 0.9217551110941048 0.5730014981652158 0.9251944958369932 0.5771287598566821 0.9238187419398378 0.5798802676509928 0.9217551110941048 0.5812560215481481 0.921067234145527 0.5853832832396143
0 0.8994140625 0.589599609375 0.9033203125 0.587158203125 0.90283203125 0.580322265625 0.894775390625 0.576171875 0.888427734375 0.5771484375 0.88671875 0.579345703125 0.88720703125 0.584716796875 0.893310546875 0.58984375
0 0.06741194096061362 0.3466899820831558 0.05846954062910366 0.35012936682604423 0.052278648091904446 0.3494414898774666 0.04746350945186062 0.3446263512374228 0.04952714029759368 0.3370597048030682 0.0557180328347929 0.3343081970087574 0.06190892537199211 0.3370597048030682 0.06534831011488056 0.3398112125973789
0 0.3652626596947534 0.3900262298435503 0.35838389020897654 0.3934656145864387 0.35219299767177736 0.392777737637861 0.3515051207231996 0.3872747220492395 0.3556323824146657 0.38383533730635105 0.36044752105470956 0.38383533730635105
0 0.5458984375 0.538818359375 0.548583984375 0.5380859375 0.55517578125 0.530029296875 0.5556640625 0.523681640625 0.550048828125 0.51904296875 0.544921875 0.523193359375 0.541015625 0.530029296875 0.541015625 0.535888671875
0 0.63671875 0.524658203125 0.650390625 0.511962890625 0.65185546875 0.505126953125 0.650146484375 0.50244140625 0.640869140625 0.50244140625 0.6328125 0.508544921875 0.62939453125 0.515380859375 0.62939453125 0.521728515625 0.632080078125 0.5244140625
0 0.6816860560404908 0.5234743578676222 0.6741194096061364 0.5289773734562437 0.6672406401203594 0.528289496507666 0.6665527631717818 0.5193470961761559 0.6727436557089809 0.5131562036389568 0.6816860560404908 0.510404695844646 0.6871890716291124 0.5131562036389568 0.6858133177319571 0.5172834653304229
0 0.892578125 0.546630859375 0.903076171875 0.54296875 0.9072265625 0.537841796875 0.90380859375 0.523681640625 0.898681640625 0.51904296875 0.89013671875 0.524169921875 0.8837890625 0.535888671875 0.8857421875 0.544677734375 0.888916015625 0.546875
0 0.9637156049573438 0.5124683266903791 0.9582125893687223 0.5062774341531799 0.9575247124201448 0.499398664667403 0.9637156049573439 0.4966471568730923 0.9685307435973876 0.4966471568730923 0.9712822513916985 0.4980229107702477 0.969906497494543 0.5062774341531799 0.9692186205459654 0.5104046958446461
0 0.854343170133491 0.4718835867242954 0.8474644006477141 0.468444201981407 0.8474644006477142 0.4629411863927855 0.8515916623391804 0.45675029385558624 0.8605340626706903 0.4533109091126978 0.8667249552078895 0.45606241690700855 0.8667249552078896 0.4615654324956301 0.8625976935164235 0.46775632503282927
0 0.610146853388411 0.5007744185645584 0.6018923300054789 0.49802291077024763 0.5977650683140128 0.49114414128447076 0.5977650683140128 0.4849532487472715 0.5998286991597458 0.47669872536433927 0.603955960851212 0.47119570977571773 0.6094589764398335 0.46844420198140696 0.6128983611827219 0.47119570977571773 0.6122104842341443 0.47738660231291696 0.6115226072855665 0.4856411256958492 0.6087710994912557 0.49527140297593686
0 0.9086854490711286 0.3054173651684944 0.9024945565339294 0.3012901034770282 0.9018066795853518 0.2909719492483629 0.9038703104310848 0.2827174258654307 0.9093733260197062 0.2806537950196976 0.9141884646597501 0.28134167196827525 0.9190036032997939 0.28271742586543064 0.9203793571969494 0.2861568106083191 0.921067234145527 0.28890831840262987 0.9203793571969494 0.29303558009409597 0.9176278494026386 0.29853859568271746 0.9169399724540609 0.3006022265284506 0.9141884646597501 0.30472948821991674
0 1 0.429443359375 0.999267578125 0.40576171875 0.9892578125 0.413818359375 0.98583984375 0.419189453125 0.98583984375 0.422607421875 0.988525390625 0.42578125
0 0.8474644006477141 0.4030958918665264 0.8378341233676265 0.40103226102079337 0.8371462464190489 0.3907141067921279 0.8433371389562481 0.3845232142549288 0.850215908442025 0.3858989681520842 0.8515916623391804 0.39415349153501644
0 0.87939453125 0.379150390625 0.88671875 0.372314453125 0.88818359375 0.364501953125 0.885009765625 0.36083984375 0.878173828125 0.35986328125 0.87158203125 0.364013671875 0.8701171875 0.372802734375 0.874267578125 0.37890625
0 0.9589004663172999 0.38521109120350644 0.9527095737801007 0.3790201986663072 0.9547732046258339 0.3700777983347973 0.9575247124201447 0.3687020444376419 0.9609640971630331 0.37076567528337495 0.9657792358030768 0.37214142918053034 0.9671549897002323 0.3776444447691518 0.9637156049573439 0.38245958340919567
0 0.9699064974945429 0.37626869087199644 0.9754095130831646 0.3680141674890642 0.978848897826053 0.361823274951865 0.9836640364660969 0.36663841359190885 0.9816004056203638 0.3742050600262634 0.9740337591860092 0.3790201986663072
0 0.88330078125 0.343017578125 0.888916015625 0.3408203125 0.8955078125 0.334716796875 0.89697265625 0.328369140625 0.894775390625 0.32421875 0.888427734375 0.32373046875 0.8779296875 0.327392578125 0.8759765625 0.333740234375 0.87744140625 0.341552734375
0 0.78466796875 0.294677734375 0.798095703125 0.287109375 0.8046875 0.280029296875 0.80712890625 0.274658203125 0.80712890625 0.266357421875 0.803955078125 0.26171875 0.800048828125 0.26123046875 0.793701171875 0.2646484375 0.78466796875 0.274658203125 0.77685546875 0.289306640625 0.779541015625 0.29443359375
0 0.6053317147483672 0.4099746613523033 0.599140822211168 0.4065352766094149 0.5936378066225465 0.4037837688151041 0.5943256835711243 0.39621712238074946 0.5977650683140128 0.39346561458643875 0.6060195916969451 0.39346561458643875 0.6087710994912556 0.39828075322648254 0.6094589764398335 0.401720137969371
0 0.6064453125 0.359619140625 0.611572265625 0.35791015625 0.6171875 0.349365234375 0.6162109375 0.341552734375 0.608154296875 0.3369140625 0.6015625 0.341552734375 0.59716796875 0.351806640625 0.600341796875 0.35888671875
0 0.656922485891694 0.32261428888293664 0.6651770092746263 0.32192641193435895 0.6686163940175148 0.3191749041400482 0.6665527631717818 0.310920380757116 0.6569224858916941 0.31504764244858213
0 0.6871890716291124 0.34462635123742275 0.6789345482461802 0.3411869664945343 0.6782466712976024 0.3343081970087574 0.6796224251947578 0.3246779197286697 0.6837496868862238 0.31917490414004823 0.6892527024748455 0.3191749041400482 0.6926920872177339 0.3274294275229805 0.6940678411148894 0.33086881226586895 0.6933799641663116 0.3384354587002235
0 0.3576960132603988 0.22906302387637079 0.36801416748906424 0.2269993930306377 0.3735171830776857 0.22356000828774927 0.3762686908719965 0.2166812388019724 0.38039595256346265 0.21186610016192858 0.37970807561488495 0.204299453727574 0.3735171830776857 0.20773883847046237 0.36526265969475347 0.21049034626477314 0.3542566285175104 0.21805699269912776 0.35356875156893275 0.21805699269912776 0.3542566285175104 0.22562363913348232
0 0.291015625 0.211669921875 0.298095703125 0.20947265625 0.2998046875 0.206298828125 0.3017578125 0.195556640625 0.298583984375 0.1875 0.294677734375 0.1884765625 0.29052734375 0.192626953125 0.2861328125 0.200439453125 0.28515625 0.208251953125 0.286376953125 0.21044921875
0 0.39896863017506023 0.15958745207002406 0.39277773763786106 0.15408443648140255 0.39621712238074946 0.14789354394420334 0.4010322610207933 0.1458299130984703 0.40584739966083716 0.14995717478993642 0.4030958918665264 0.15683594427571335
0 0.43473823150110014 0.13069662022976114 0.42785946201532327 0.13688751276696032 0.42166856947812403 0.1382632666641157 0.41960493863239096 0.13413600497264955 0.4237322003238571 0.13000874328118342 0.42854733896390096 0.12863298938402803
0 0.49462890625 0.072509765625 0.49853515625 0.068603515625 0.50244140625 0.055419921875 0.498291015625 0.04833984375 0.493896484375 0.04833984375 0.48876953125 0.053466796875 0.4833984375 0.065673828125 0.487548828125 0.0712890625
0 0.47669872536433916 0.14582991309847032 0.4677563250328293 0.14858142089278104 0.46362906334136317 0.1444541592013149 0.4636290633413631 0.1396390205612711 0.46981995587856235 0.13344812802407188 0.48288961790153845 0.13551175886980493
0 0.5771484375 0.112060546875 0.5791015625 0.108642578125 0.57763671875 0.101318359375 0.573974609375 0.09716796875 0.570068359375 0.0966796875 0.56787109375 0.099365234375 0.56787109375 0.107177734375 0.572021484375 0.11181640625
0 0.6644891323260486 0.24350843979650227 0.6555467319945387 0.24557207064223538 0.6500437164059172 0.2462599475908131 0.6452285777658734 0.23869330115645848 0.645916454714451 0.23525391641357 0.6493558394573395 0.23112665472210392 0.654858855045961 0.23250240861925928 0.6576103628402717 0.23319028556783697 0.6644891323260487 0.23456603946499235
0 0.68787694857769 0.206363084573307 0.6865011946805346 0.20017219203610784 0.6892527024748455 0.1912297917045978 0.6940678411148893 0.1884782839102871 0.6988829797549332 0.18916616085886478 0.6995708567035107 0.18985403780744248 0.701634487549244 0.19260554560175325 0.701634487549244 0.1974206842417971 0.6995708567035108 0.20361157677899633 0.6954435950120448 0.2077388384704624
0 0.78857421875 0.213623046875 0.79443359375 0.209716796875 0.79638671875 0.205322265625 0.794921875 0.192138671875 0.790771484375 0.189453125 0.782958984375 0.19140625 0.77880859375 0.196044921875 0.77685546875 0.201904296875 0.7783203125 0.210205078125 0.784423828125 0.2138671875
0 0.76171875 0.230224609375 0.7666015625 0.227294921875 0.76953125 0.221923828125 0.76806640625 0.212646484375 0.766357421875 0.21142578125 0.760986328125 0.21337890625 0.7548828125 0.222900390625 0.75537109375 0.227783203125
0 0.7697343054584351 0.1788480066301994 0.7621676590240806 0.17265711409300022 0.7649191668183914 0.16784197545295637 0.7704221824070129 0.16852985240153406 0.7759251979956343 0.1747207449387332
0 0.9038703104310847 0.18916616085886473 0.9038703104310847 0.18228739137308791 0.9045581873796624 0.17609649883588863 0.9086854490711286 0.175408621887311 0.91418846465975 0.175408621887311 0.9155642185569054 0.18159951442451022 0.9093733260197062 0.18710253001313176
0 0.98486328125 0.180908203125 0.988525390625 0.17919921875 0.9970703125 0.168701171875 0.9970703125 0.162353515625 0.992431640625 0.158203125 0.97705078125 0.172119140625 0.9775390625 0.177490234375 0.980712890625 0.1806640625
0 0.8158220610131404 0.015821169817286873 0.8247644613446504 0.01513329286870918 0.8295795999846942 0.008942400331509975 0.8288917230361166 0.002063630845733076 0.8199493227046067 0.006190892537199219 0.817197814910296 0.01031815422866536
0 0.93994140625 0.083740234375 0.942138671875 0.08349609375 0.94482421875 0.079345703125 0.94482421875 0.059326171875 0.941650390625 0.05419921875 0.93359375 0.063232421875 0.9296875 0.073974609375 0.931396484375 0.08251953125
0 0.9451429273457462 0.1251936046411396 0.9547732046258339 0.12106634294967344 0.9589004663173001 0.11418757346389657 0.9589004663173001 0.1052451731323866 0.9520216968315233 0.1031815422866535 0.9451429273457463 0.10662092702954196 0.9444550503971684 0.11556332736105193
0 0.9891670520547186 0.09630277280087658 0.9802246517232083 0.09217551110941047 0.9760973900317422 0.08460886467505588 0.978848897826053 0.07360283349781283 0.9822882825689414 0.08048160298358975 0.9871034212089853 0.08392098772647821 0.9912306829004514 0.0852967416236336 0.9912306829004515 0.08873612636652203
0 0.96337890625 0.019287109375 0.969970703125 0.0166015625 0.9736328125 0.012451171875 0.9755859375 0.007080078125 0.973388671875 0 0.961181640625 0 0.9580078125 0.002685546875 0.9541015625 0.011962890625 0.959228515625 0.0185546875
0 0.4892594685056796 0.27998498051711884 0.4821169945128959 0.27498524872217034 0.4806884997143393 0.26712852733010833 0.4885452211064013 0.26427153773299483 0.4978304372970199 0.2699855169272218 0.495687695099185 0.2778422383192838
0 0.38783633780815185 0.2628430429344381 0.38497934821103846 0.2549863215423761 0.3856935956103168 0.24855809494887082 0.38783633780815185 0.2478438475495925 0.39283606960310036 0.24641535275103577 0.3964073065994923 0.2478438475495925 0.3964073065994922 0.2514150845459843 0.3956930592002139 0.2614145481358814
0 0.35640945223990383 0.2971269180997996 0.35212396784423355 0.29498417590196446 0.34998122564639855 0.29284143370412946 0.3471242360492851 0.28712745450990246 0.34855273084784183 0.2821277227149539 0.352838215243512 0.2806992279163972 0.3585521944377389 0.2835562175135106 0.3621234314341308 0.2885559493084592 0.36140918403485234 0.292127186304851
0 0.41997747077567826 0.2885559493084592 0.41426349158145137 0.2828419701142323 0.41497773898072965 0.2785564857185621 0.4221202129735134 0.2728425065243352 0.4249772025706268 0.26855702212866506 0.4299769343655754 0.27784223831928373 0.4271199447684619 0.2835562175135106
0 0.7687485555630678 0.3778637328674357 0.7497455641696005 0.37269156255699964 0.7420178589910361 0.36566650849795906 0.741315366065441 0.35091389733223705 0.7518531372787252 0.34810388514167395 0.7659035617846631 0.3551289392007145 0.7736312669632274 0.3628564963073959 0.7764413329979472 0.37690660442547713
0 0.5614705738493369 0.6795960482378689 0.5642806398840567 0.6908361205827543 0.5558504417798971 0.7076962644740313 0.5474202436757375 0.7133162888551577 0.5326673262442041 0.7147212949504393 0.5221295550309198 0.7168288276759944 0.5186169960706047 0.7098037500343208 0.5172119158870755 0.7006712104149908 0.5193194889962001 0.6908361205827542 0.5256421139912351 0.6852160962016279 0.5410975243483638 0.6817035573807912 0.5523378828195818 0.6802985512855096
0 0.5640281089923058 0.7656737863712944 0.5537428686707727 0.7631941703160827 0.5530403757451772 0.7568716193046829 0.5607680809237415 0.7554666132094013 0.5663882129931813 0.7568716193046829
0 0.8011948150195659 0.8823258144172756 0.7918967433550759 0.8804899606507194 0.7883840900624223 0.8741674096393194 0.7933017292062666 0.8699523913534747 0.7996244485336402 0.8706548708184827
0 0.5872040086040902 0.49915094083577394 0.5769259842064656 0.5012274252365214 0.5663882129931814 0.502632431331803 0.561470573849337 0.4977149335809503 0.5691982790279013 0.4913923825695505 0.5811411304247148 0.4885823703789874 0.5888688356032791 0.4913923825695505
0 0.5145861898204992 0.40026710249216063 0.5080791776911513 0.3944917765599955 0.5144018498523556 0.3839542072627511 0.5228320479565153 0.38254920116746954 0.5284522743582936 0.3853592133580327 0.5298572602094843 0.3937892970949876 0.5235346352144492 0.39800431538083236
0 0.9912371918361977 0.0394955985353839 0.9850893728191841 0.03625930576645303 0.985089372819184 0.027829245612130814 0.9921144907398143 0.026424239516849267 0.9963296369580636 0.029234251707412395 0.9977347171415927 0.034151796623530656
0 0.7934695151489711 0.43580348189689666 0.7855740240277024 0.4351919500972256 0.7841690381765117 0.43027442876374006 0.7890866773203561 0.4232493747046995 0.7975168754245159 0.4225468716570587 0.8010294343848309 0.424654380799981 0.7996244485336401 0.4316794348590216
0 0.925572142936142 0.5663610497099487 0.9218626512071402 0.5588102914432619 0.9253752101674554 0.5524877404318621 0.9281853705345139 0.552487740431862 0.9302928493112997 0.5574052853479803
0 0.9078039532337739 0.7401802967983315 0.901489601706167 0.734436572171379 0.9050022549988209 0.7288165477902527 0.9106223870682607 0.7316265599808157 0.9127299601773851 0.7365441048969339
0 0.26969418392264427 0.20713460572729087 0.25938757895973297 0.20273045093174105 0.2572800530167777 0.19500289382505964 0.2636027251779821 0.19149037858685572 0.2706278902647818 0.1921928816344965 0.2734379562995017 0.19921793569353713
0 0.4497701423891212 0.37552417069106153 0.44344747022791675 0.38114419507218794 0.4350172721237571 0.38465673389302457 0.42799205987078814 0.38254920116746943 0.4286945999625527 0.3741191645957801 0.4364223051411171 0.3692016196796618 0.4448525032452767 0.3684990930493882
0 0.6605943573747407 0.37786373286743574 0.6605257553194824 0.3663464627673665 0.6626333284286071 0.35791637903041157 0.6675508732401128 0.3544038637922077 0.6717660194583619 0.3600239117559667 0.6724685123839573 0.3677514688626481 0.6703610336071714 0.3747765229216887
0 0.5532126891734731 0.6552019982217887 0.5474202436757375 0.6522209309928462 0.5481227366013328 0.6388733023397729 0.5530403757451773 0.632550751328373 0.5565529347054925 0.6311457452330915 0.5607680809237415 0.6346582840539282 0.5635781469584614 0.6444933738861648 0.5607680809237416 0.6536259370881277
0 0.9286622628843799 0.7224121070959635 0.9267802903509847 0.7161488734065868 0.9288878634601091 0.7084213162999056 0.9338055026039537 0.7056113041093424 0.9387231417477981 0.7077188368348974 0.9373180615642687 0.7126363817510157 0.9331029153460196 0.7182564061321419
0 0.9425678026514506 0.645931638377075 0.9366155686386735 0.6409808350653281 0.9324004224204243 0.6339558045889202 0.934507995529549 0.6269307269472468 0.9394256346733934 0.626228223899606 0.9450457667428331 0.6339558045889202 0.9485583257031482 0.6466008594464543
0 0.5485775092511163 0.887733524326692 0.5432050974574884 0.884704978936564 0.5446101776410177 0.8769774218298825 0.5509328026360527 0.8776799484601563 0.5530403757451772 0.8818949667460009
0 0.7015384466888931 0.5176916605252014 0.6928415618849304 0.5117876140598976 0.6893290029246152 0.5054650630484978 0.6942466420684595 0.49703497931154283 0.7019743472470239 0.4935224404907062 0.708296972242059 0.4928199610256981 0.7160246774206233 0.4949274465859877 0.7188347434553433 0.5026550036926691 0.7146196915694328 0.5082750752390609 0.7104045453511837 0.5138950996201872
0 0.7061736266112499 0.5787215295029003 0.6998667741378993 0.5841230678497273 0.6921390689593351 0.586230553410017 0.6879239227410859 0.5820155351241723 0.6893290029246152 0.5714779658269277 0.6921390689593351 0.567965427006091 0.6963542151775841 0.5672629475410829 0.7033793330982145 0.5672629475410829 0.7068919863908685 0.5728829719222092
0 0.832096014501945 0.7679913763324727 0.824212549920524 0.7639192221419568 0.8221049768113993 0.757596671130557 0.8249150428461193 0.7547866589399939 0.8326427480246834 0.7582991977608305 0.8382629744264619 0.7611092099513938 0.8389654673520572 0.7688367670580751
0 0.501453180040488 0.5447302100722833 0.500351472512587 0.5356050477623515 0.5052691116564313 0.5257699815127479 0.5094842107085111 0.5257699815127479 0.5136993569267603 0.5285800172859438 0.5115917838176357 0.5363075743926252 0.5094842107085111 0.5440351314993066
0 0.9541557524573427 0.9163171338478926 0.9541785521049267 0.9071851707916002 0.9605011770999619 0.8994576136849187 0.9633112431346816 0.8945400687688004 0.9703364553876507 0.8889199972224088 0.9759565874570904 0.8889199972224088 0.9773616676406198 0.8952425482338087 0.9731465214223707 0.9015650992452084 0.9668238964273356 0.9085901768868818 0.9597986841743664 0.9149127278982816 0.9562860308817127 0.9184252195538528
0 0.24883587427203838 0.752540776591283 0.24463470869436899 0.7638741010028576 0.23690700351580463 0.7666841131934206 0.22917929833724032 0.7666841131934206 0.2305843313546002 0.7575515499914576 0.23690700351580463 0.7533365317056129 0.24252713558524436 0.7505264959324169
0 0.5887490685782091 0.8452443750384206 0.5839511964594345 0.8397446423917571 0.5860587695685591 0.8341246180106309 0.5930839818215281 0.8320170852850759 0.5972990337074386 0.8355296241059125 0.5972990337074386 0.839042162926749
0 0.7571606057571756 0.8143431755560414 0.7567707764225696 0.8046193956791869 0.7602833353828846 0.7997018507630687 0.7666060547102584 0.7975943652027789 0.7687136278193829 0.800404377393342 0.768011040561449 0.8074294078697499 0.7652009745267291 0.8116444261555946
0 0.5153587198075587 0.18550376608962543 0.5165094229614802 0.17531018896498607 0.5207245691797293 0.16688012881066389 0.5249396210656398 0.17601269201262684 0.5242371281400445 0.18865779403542648
0 0.07733421714483402 0.47288492127575166 0.07181512873123397 0.48083221732880715 0.06338490704398968 0.4822372470067215 0.059872300917505186 0.4766171990429624 0.06970755562210942 0.4674846358409995 0.0760302277833138 0.4674846358409995
0 0.3832560920203877 0.03408788862596754 0.3774107297473224 0.044689365920775236 0.3731956306952426 0.05030941388453429 0.3640628924993184 0.047499378111338315 0.36406289249931834 0.03836681490937539 0.36968302456875807 0.032044263897975586 0.37881576276468226 0.02923425170741238
0 0.6111524382029341 0.13142666699546188 0.6134569369901626 0.12336994308287075 0.6169695902828164 0.1156423859761894 0.621184642168727 0.11353487683326707 0.6268048685705052 0.11493988292854858 0.6296149346052251 0.11634488902383018 0.6239948025357852 0.12477494917815236 0.6218872294266607 0.13039499714191138
0 0.649778937555908 0.21022472567552877 0.6443677577044198 0.19853798142412965 0.6471779180714784 0.18870293875715866 0.651392969957389 0.18870293875715866 0.6549056232500426 0.19643049586383998 0.6549056232500426 0.20556305906580297
0 0.5184488397557966 0.6451591083900156 0.5129968168349957 0.6521757862711139 0.5073766847655559 0.6542832954140363 0.5017565055299469 0.6535807923663955 0.4996489795869917 0.6479607444026365 0.5031615385473069 0.6430431994865183 0.5080791776911514 0.6395306842483143 0.5115917838176358 0.6374231751053919 0.515104342777951 0.6423406964388775
0 0.7378473560806886 0.7788067961513054 0.7356952339960009 0.7723041611571797 0.738505300030721 0.7666841131934206 0.744827925025756 0.7659816101457799 0.7483405783184098 0.7701966520142574 0.7462330052092853 0.774411670300102
0 0.7378028071051257 0.8383396362964757 0.7328851679612813 0.834124618010631 0.731480087777752 0.8292070730945126 0.7371002198471918 0.8263970609039494 0.7420178589910361 0.8299095997247861 0.7434229391745655 0.8355296241059124
0 0.9247996129490825 0.884643404378454 0.9162425191377004 0.8861099850318456 0.9085148139591362 0.8825974933762744 0.9057047479244164 0.8776799484601563 0.9106223870682606 0.8706548708184827 0.9197550780980156 0.8685473852581931 0.9253752101674554 0.8699523913534748 0.928185370534514 0.8762749423648746
0 0.8058299949419228 0.10902329737073702 0.7897891702459513 0.11772732275824564 0.7771438259235424 0.1205373585314416 0.765200974526729 0.12194236462672313 0.765200974526729 0.1177273227582456 0.779251399032667 0.10999976565156419 0.7834664509185775 0.10789225650864187 0.7876815971368267 0.10648725041336035 0.7968143824989203 0.10437974127043798
0 0.8714950438419785 0.11056835734485596 0.863553568738941 0.1071897534610011 0.8607435027042208 0.1029747351751564 0.8635535687389408 0.09805719025903817 0.8684712078827852 0.09805719025903814 0.8740914342845635 0.0994621963543197 0.8769015003192835 0.10367723822279716
0 0.9201644330267257 0.21099725566258826 0.9204576653559494 0.20343295397938188 0.9211601582815448 0.19781292959825553 0.9267802903509846 0.19500289382505961 0.9316979294948292 0.1957053968727004 0.9331029153460197 0.19992043874117787 0.931697929494829 0.20554048670493696 0.9295903563857043 0.2111605110860632
0 0.832096014501945 0.32378663377327216 0.8270226159552438 0.32918140041183935 0.8192949107766794 0.3348014247929656 0.812269792856049 0.3369089575185208 0.8080546466378 0.33480142479296554 0.8087571395633952 0.3228588494004395 0.8164848447419596 0.3179413044843213 0.8221049768113994 0.31723877785404764 0.828427696138773 0.31794130448432123
0 0.8436839643078372 0.31992398383797477 0.8361554013173373 0.31794130448432123 0.8333453352826174 0.31372628619847653 0.835452908391742 0.3067012085568032 0.8417755333867771 0.3031887169012319 0.8488007456397461 0.303188716901232 0.8537183847835906 0.3052962024615216 0.8523133046000613 0.313023759568203
0 0.94334033263851 0.5269620203699152 0.9394256346733935 0.5328176079326545 0.9324004224204243 0.5391401589440543 0.9267802903509845 0.5405451650393359 0.9232677313906693 0.5384376558964136 0.9225651441327356 0.531412601837373 0.9302928493112997 0.5257925538736139 0.9359130757130781 0.5215775355877692 0.9401281275989886 0.5208750089574956
0 0.9587909323796996 0.5462752700464022 0.9492609129610821 0.549677728241299 0.940830620524584 0.552487740431862 0.9345079955295491 0.552487740431862 0.928185370534514 0.548975225193658 0.934507995529549 0.5391401589440543 0.9443432738172378 0.5356276201232177 0.9527734719213974 0.5356276201232177 0.9569886181396466 0.5377351528487728
0 0.9950998417714951 0.5308246703052126 0.9871968515959699 0.5279000630165362 0.9836842926356548 0.5222800386354101 0.9829817997100594 0.5152549845763694 0.9864943586703747 0.5124449488031735 0.9928170779977483 0.5145524815287286 0.9970321298836587 0.5201725059098549
0 0.3716681422144955 0.7054164473806549 0.3619553193901937 0.7154012492198467 0.35352507411986483 0.7189137644580508 0.34509487601570515 0.721021273600973 0.3415822698892207 0.7146987461722059 0.349309975067785 0.7034586502446878 0.3584427132637093 0.6992436319588431 0.3633603524075537 0.7006486380541247
0 0.5045432999887259 0.8653301547019671 0.49543383336874247 0.8657373259023644 0.48840866828194274 0.8615223076165197 0.49121873431666263 0.8530922710448303 0.49754140647786704 0.8530922710448305 0.5052691116564313 0.8573072893306751
0 0.4373331911145512 0.7417253567724504 0.4315046659972726 0.735773884766695 0.4329096990146326 0.7294513337552953 0.44063740419319686 0.7273438246123729 0.44625753626263664 0.7329638725761318 0.4434474702279168 0.7399889266351725
0 0.30445803334032084 0.8954588241972867 0.29662107183519465 0.893837542138527 0.29240597278311486 0.8889199972224088 0.28819087373103497 0.8804899606507193 0.29662107183519465 0.8790849545554378 0.30364628408816363 0.8818949667460008 0.3085638760658388 0.884704978936564 0.30996895624936804 0.8882175177574008
0 0.34153947271917584 0.8715103945984428 0.3380696637627361 0.8804899606507193 0.33315207178506095 0.8854075055668376 0.3296394656585765 0.886812511662119 0.3240192864229674 0.8861099850318455 0.32050672746265224 0.8790849545554377 0.32682939962385665 0.8741674096393194 0.33104449867593644 0.8713573974487563
0 0.4311529512180754 0.886188464352573 0.4237769608187083 0.884704978936564 0.4195618617666285 0.8825974933762744 0.41604925564014394 0.875572415734601 0.4181567815830992 0.8685473852581931 0.4265870268534282 0.8664398525326381 0.43361219194022793 0.8685473852581931 0.4364223051411171 0.8734648830090459 0.43712479806671234 0.8811924401157274
0 0.851409264178432 0.6312535686229449 0.8473956654562169 0.6234407604872761 0.8495032385653415 0.6136057178203053 0.8537183847835906 0.6107956584644765 0.8565284508183105 0.6150107239155868 0.8586360239274349 0.620630748296713 0.857933436669501 0.629763311498676
0 0.649778937555908 0.8375190751678259 0.6422602789276338 0.836912057840328 0.6422602789276339 0.8228619733048794 0.648582903922669 0.8228619733048794 0.6535005430665134 0.8284819976860058
0 0.059566027442465995 0.7610386064489374 0.0535496287563008 0.7582991977608305 0.052847112247620814 0.7540841794749858 0.05706223488278528 0.7484641079285941 0.06127733393486513 0.7533816528447124
0 0.683770256986525 0.6837856077429895 0.6745760854930818 0.6859411716101349 0.6654433944633269 0.6873461777054164 0.6640383142797975 0.6838336388845797 0.6661458873889223 0.6782136145034534 0.671766019458362 0.6761060817778983 0.678791231711331 0.6739985962176088 0.6837088708551755 0.67751108787318
0 0.964198642289116 0.23649074523555108 0.9597986841743663 0.24485820292511862 0.954881045030522 0.24766821511568177 0.9492609129610822 0.24556070597275936 0.950665898812273 0.23853565191371878 0.960501177099962 0.23361810699760058
0 0.6768174871029897 0.022499938820075366 0.6710635265327668 0.01799417936252712 0.671766019458362 0.01307663444640881 0.6738735925674866 0.00886159257793135 0.6773861515278018 0.0074565864826498 0.6823037906716461 0.006754083435008969 0.6872214298154906 0.006051580387368194 0.687923922741086 0.013076634446408816 0.6865189368898954 0.020804191553090226
0 0.5833413586687928 0.29597555423913097 0.5734134252461504 0.2947360608034109 0.5699008662858351 0.294736060803411 0.5684957861023059 0.28771100674437033 0.5748184110973409 0.28490099455380724 0.57903355731559 0.28419849150616644 0.5846536893850298 0.28700850369672953 0.5874637554197497 0.2919260486128478
0 0.38248356203332823 0.11752112722839128 0.37038551749435344 0.11421480752004176 0.3668729585340382 0.1085947595562827 0.3668729585340382 0.10297473517515644 0.3668729585340382 0.09735468721139734 0.37179059767788264 0.09454465143820148 0.3760056967299625 0.09875969330667894 0.3823283688911669 0.10508224431807875 0.38724596086884194 0.11491731056768253
0 0.7486627758995213 0.23803580520967 0.7385053000307209 0.23785572122694415 0.7328851679612812 0.23574821208402177 0.7293725146686274 0.23364067935846666 0.7279675288174368 0.23083066716790346 0.7272650358918414 0.22521061920414442 0.7314800877777521 0.21888806819274464 0.7356952339960011 0.21678055904982224 0.7427204462489702 0.21748306209746304 0.7483405783184099 0.22169810396594053 0.7511506443531298 0.22591312225178523 0.7532582174622543 0.2336406793584666
0 0.5718451450109048 0.8594154561632285 0.5618034008027101 0.8590392607047168 0.5612480783437875 0.8501620383703142 0.5673557866207253 0.8479426838954848 0.5723530736521406 0.8523813369694537
0 0.7687448336940157 0.5150699540941601 0.7650247478438749 0.5046258438115833 0.7683562352527646 0.4857616520607506 0.7716877226616546 0.471336141321732 0.77668500969307 0.46523297937610225 0.7861240935427362 0.47632958412317944 0.78390313921553 0.4907550948621981 0.7827926061338463 0.5018516716714302 0.7766850096930699 0.5112837954846916
0 0.6339857584708438 0.752182971104679 0.6245465627850164 0.7505184901708633 0.6184388545080787 0.7477443739064003 0.6189940092127592 0.7399767310269547 0.6262122505713806 0.7360929794318445 0.6295437379802705 0.733873624957015 0.6356515580933695 0.7383122500931388 0.6373172458797337 0.7455250194315707
0 0.5535288949008479 0.49858532899510893 0.5407038314315262 0.4990775274691222 0.5329303235320629 0.49574856560149055 0.5373723440226366 0.48576165206075067 0.5495878164945927 0.48243266225527404 0.5551403700668499 0.4846520167301035 0.5540298369851662 0.489645487469396