0 0.57080078125 0.987548828125 0.57763671875 0.984619140625 0.58154296875 0.976318359375 0.58056640625 0.969482421875 0.573486328125 0.96533203125 0.563720703125 0.9677734375 0.5576171875 0.976318359375 0.5576171875 0.980712890625 0.562255859375 0.986328125
0 0.341796875 0.999755859375 0.347900390625 0.99658203125 0.353515625 0.989013671875 0.35546875 0.982666015625 0.353515625 0.974365234375 0.345458984375 0.9697265625 0.325927734375 0.97216796875 0.3212890625 0.975830078125 0.31787109375 0.982666015625 0.3173828125 0.989501953125 0.31982421875 0.998779296875
0 0.1826171875 0.995361328125 0.1875 0.991943359375 0.189453125 0.982666015625 0.185302734375 0.9765625 0.179931640625 0.974609375 0.1748046875 0.977783203125 0.1728515625 0.985595703125 0.1748046875 0.991455078125
0 0.34033203125 0.938720703125 0.352294921875 0.9326171875 0.35888671875 0.922607421875 0.35888671875 0.916748046875 0.352783203125 0.9111328125 0.344482421875 0.91015625 0.338134765625 0.9130859375 0.3291015625 0.925537109375 0.328125 0.930419921875 0.330078125 0.935302734375 0.333740234375 0.9384765625
0 0.26416015625 0.838623046875 0.267822265625 0.8369140625 0.27587890625 0.827392578125 0.2763671875 0.822509765625 0.271240234375 0.8173828125 0.260986328125 0.8203125 0.255859375 0.826904296875 0.25634765625 0.835205078125 0.259033203125 0.837890625
0 0.080078125 0.993896484375 0.0849609375 0.988525390625 0.0830078125 0.983642578125 0.083984375 0.972900390625 0.08154296875 0.969482421875 0.069091796875 0.9580078125 0.062744140625 0.95556640625 0.052978515625 0.95703125 0.05078125 0.961669921875 0.0546875 0.971435546875 0.067138671875 0.9765625 0.07763671875 0.992919921875
0 0.45654296875 0.935302734375 0.46240234375 0.930908203125 0.466796875 0.921630859375 0.46533203125 0.914306640625 0.460205078125 0.90966796875 0.454833984375 0.91015625 0.451171875 0.912841796875 0.447265625 0.923583984375 0.4482421875 0.932861328125 0.450927734375 0.935546875
0 0.48876953125 0.915771484375 0.49462890625 0.912841796875 0.49609375 0.906005859375 0.491455078125 0.8984375 0.485595703125 0.8974609375 0.47998046875 0.901611328125 0.47900390625 0.909912109375 0.483154296875 0.9150390625
0 0.53466796875 0.941162109375 0.5380859375 0.937744140625 0.5380859375 0.932373046875 0.533447265625 0.92529296875 0.529541015625 0.92529296875 0.5263671875 0.928955078125 0.5263671875 0.933349609375 0.530029296875 0.93994140625
0 0.5501078527134327 0.9223406319527341 0.544613641949753 0.9189067502254342 0.5411797602224531 0.9161596448435945 0.5404929838769931 0.9086051050435349 0.5411797602224531 0.905857999661695 0.5514814054043525 0.9106654340799148 0.5590359452044122 0.9154728684981346 0.5569756161680323 0.9216538556072742
0 0.5810546875 0.924560546875 0.59326171875 0.913818359375 0.6015625 0.902587890625 0.596435546875 0.8955078125 0.583251953125 0.89599609375 0.5791015625 0.898193359375 0.57763671875 0.907470703125 0.5791015625 0.922119140625
0 0.642822659350528 0.962173659989412 0.6345813432050086 0.9539323438438927 0.6277135797504089 0.946377804043833 0.622906145332189 0.9374497115528535 0.6215325926412691 0.9292083954073338 0.624966474368569 0.9237141846436541 0.6304606851322487 0.9250877373345741 0.6393887776232283 0.9285216190618739 0.6469433174232878 0.9292083954073338 0.6531243045324276 0.9250877373345741 0.6599920679870273 0.923027408298194 0.6634259497143271 0.9257745136800339 0.6634259497143271 0.9353893825164734 0.6627391733688671 0.947064580389293 0.6572449626051874 0.9580530019166523 0.6517507518415077 0.9601133309530323
0 0.6318342378231686 0.923714184643654 0.6332077905140886 0.9175331975345145 0.6387020012777683 0.9120389867708347 0.6455697647323679 0.9092918813889949 0.6510639754960477 0.9140993158072146 0.6496904228051278 0.9216538556072742 0.644882988386908 0.9271480663709539 0.6414491066596082 0.9285216190618739 0.6373284485868483 0.9271480663709539
0 0.6290871324413287 0.9182199738799742 0.6263400270594889 0.9127257631162946 0.6277135797504088 0.9072315523526149 0.6311474614777086 0.9031108942798551 0.6380152249323083 0.8983034598616353 0.6421358830050681 0.9003637888980153 0.643509435695988 0.9072315523526149 0.6407623303141481 0.9106654340799147 0.6352681195504684 0.9154728684981346
0 0.71484375 0.921630859375 0.72216796875 0.914306640625 0.7275390625 0.902099609375 0.7275390625 0.893310546875 0.722900390625 0.888671875 0.704345703125 0.890625 0.69775390625 0.895751953125 0.69580078125 0.899658203125 0.697265625 0.914794921875 0.701416015625 0.91796875
0 0.7753704940243014 0.8790737221887561 0.7705630596060817 0.8742662877705365 0.7643820724969421 0.8694588533523168 0.7616349671151021 0.8653381952795569 0.7636952961514821 0.8570968791340374 0.7719366122970017 0.8543497737521974 0.7767440467152215 0.8564101027885775 0.7815514811334411 0.8577836554794974 0.7829250338243611 0.8598439845158773 0.7842985865152811 0.8667117479704769 0.7829250338243612 0.8701456296977768 0.7815514811334412 0.8728927350796166
0 0.744465558478603 0.9086051050435346 0.7437787821331431 0.9037976706253151 0.7424052294422232 0.8955563544797955 0.7424052294422232 0.8886885910251959 0.7430920057876831 0.8818208275705962 0.7472126638604428 0.8756398404614565 0.7527068746241226 0.8749530641159965 0.7595746380787222 0.8763266168069165 0.7643820724969421 0.8790737221887563 0.766442401533322 0.8893753673706558 0.7636952961514821 0.8955563544797955 0.7630085198060221 0.9010505652434753 0.7575143090423424 0.907918328698075 0.7533936509695827 0.9086051050435349 0.7499597692422828 0.9086051050435349
0 0.7238622681148039 0.9999463589897102 0.7314168079148637 0.9923918191896507 0.7375977950240034 0.9917050428441907 0.7424052294422231 0.9951389245714906 0.7424052294422232 0.9999463589897103 0.7341639132967036 1
0 0.7746837176788415 0.9965124772624103 0.7691895069151617 0.9923918191896507 0.766442401533322 0.9903314901532707 0.764382072496942 0.986210832080511 0.766442401533322 0.9834637266986711 0.7698762832606217 0.9834637266986712 0.7753704940243015 0.987584384771431 0.7760572703697615 0.9910182664987308
0 0.7904795736244207 0.9903314901532707 0.7904795736244207 0.9834637266986712 0.7932266790062605 0.9800298449713714 0.7966605607335605 0.9793430686259115 0.8007812188063201 0.9827769503532112 0.8007812188063201 0.987584384771431 0.7987208897699403 0.9930785955351107 0.7959737843881004 0.9944521482260307 0.7925399026608005 0.9951389245714906
0 0.8426745758793781 0.9910182664987306 0.8351200360793185 0.985524055735051 0.8330597070429386 0.9800298449713714 0.8337464833883986 0.9759091868986116 0.8419877995339182 0.9752224105531515 0.845421681261218 0.9765959632440715 0.848168786643058 0.9793430686259113 0.847482010297598 0.9868976084259709 0.8454216812612181 0.987584384771431
0 0.9566794492257323 0.9175331975345142 0.9518720148075128 0.9147860921526745 0.9518720148075127 0.9113522104253746 0.9518720148075127 0.903110894279855 0.9566794492257324 0.8962431308252554 0.9697281997894719 0.8948695781343355 0.9745356342076916 0.8969299071707155 0.9711017524803917 0.9072315523526149 0.9662943180621719 0.9127257631162946 0.963547212680332 0.9168464211890545
0 0.87255859375 0.948974609375 0.879150390625 0.947265625 0.8876953125 0.933837890625 0.8876953125 0.927978515625 0.883056640625 0.92236328125 0.874755859375 0.9228515625 0.86572265625 0.933837890625 0.865234375 0.945556640625 0.868408203125 0.94873046875
0 0.844048128570298 0.9395100405892332 0.8385539178066185 0.9353893825164734 0.8378671414611584 0.9305819480982537 0.8385539178066184 0.9244009609891141 0.8413010231884582 0.9195935265708943 0.848168786643058 0.9237141846436541 0.8516026683703577 0.9278348427164138 0.8509158920248978 0.9353893825164734 0.8488555629885178 0.9381364878983134
0 0.8117696403336796 0.9587397782621122 0.8117696403336797 0.9532455674984327 0.8110828639882196 0.945691027698373 0.8117696403336796 0.9395100405892334 0.8158902984064395 0.9347026061710136 0.826191943588339 0.9381364878983134 0.8282522726247189 0.9401968169346933 0.8316861543520189 0.946377804043833 0.8309993780065588 0.9498116857711328 0.8268787199337989 0.9511852384620527 0.8213845091701192 0.9498116857711328 0.8200109564791993 0.9553058965348126 0.8193241801337393 0.9587397782621123
0 0.5260706806223339 0.8934960254434154 0.5253839042768739 0.8845679329524361 0.5205764698586542 0.8742662877705365 0.524010351585954 0.866024971625017 0.525383904276874 0.8584704318249572 0.5322516677314735 0.8495423393339778 0.5363723258042334 0.844734904915758 0.544613641949753 0.8440481285702981 0.5521681817498125 0.8467952339521378 0.5556020634771125 0.8495423393339778 0.5549152871316525 0.8570968791340374 0.5514814054043526 0.8598439845158772 0.5487343000225128 0.8619043135522572 0.543240089258833 0.8667117479704769 0.543240089258833 0.8722059587341566 0.543926865604293 0.8777001694978364 0.545300418295213 0.8818208275705961 0.5404929838769932 0.8907489200615757 0.5370591021496934 0.8921224727524957 0.5322516677314736 0.8941828017888755 0.525383904276874 0.8934960254434157
0 0.61865234375 0.888916015625 0.631103515625 0.88232421875 0.63623046875 0.874755859375 0.63427734375 0.864501953125 0.623779296875 0.85498046875 0.615478515625 0.8564453125 0.6083984375 0.864990234375 0.6064453125 0.870361328125 0.60791015625 0.884033203125 0.615966796875 0.88916015625
0 0.6139780528412094 0.8440481285702979 0.6071102893866099 0.8419877995339182 0.6064235130411498 0.8371803651156984 0.6098573947684497 0.8303126016610987 0.6187854872594293 0.8303126016610988 0.622219368986729 0.8344332597338586 0.6208458162958091 0.8419877995339182
0 0.50732421875 0.851806640625 0.512939453125 0.849609375 0.51806640625 0.843017578125 0.51806640625 0.835205078125 0.514404296875 0.8310546875 0.504638671875 0.83154296875 0.49609375 0.839599609375 0.49755859375 0.848876953125 0.502197265625 0.85205078125
0 0.4512120589671976 0.8220712855155791 0.45258561165811756 0.8172638510973594 0.4608269278036371 0.8110828639882197 0.4642608095309369 0.8103960876427598 0.46838146760369676 0.8158902984064393 0.4656343622218569 0.8234448382064992 0.462887256840017 0.8255051672428789 0.46014015145817716 0.8275654962792589 0.4553327170399574 0.8282522726247188 0.4532723880035775 0.8275654962792589
0 0.4264881105306388 0.8461084576066777 0.4209938997669591 0.8419877995339181 0.4189335707305792 0.8344332597338584 0.4189335707305792 0.8282522726247188 0.4271748868760987 0.8296258253156388 0.4312955449488585 0.8330597070429386 0.43472942667615844 0.8364935887702385 0.43472942667615844 0.8426745758793781
0 0.5390625 0.816650390625 0.547119140625 0.81298828125 0.5556640625 0.802490234375 0.55615234375 0.792236328125 0.552978515625 0.7880859375 0.548095703125 0.78759765625 0.541259765625 0.791015625 0.529296875 0.807861328125 0.52880859375 0.812744140625 0.530517578125 0.814453125
0 0.5899408807501106 0.8090225349518396 0.5858202226773509 0.80627542957 0.583759893640971 0.8021547714972402 0.585820222677351 0.7966605607335604 0.5892541044046508 0.7946002316971804 0.5947483151683304 0.7980341134244804 0.5968086442047102 0.80421510053362 0.5954350915137904 0.8090225349518398
0 0.64892578125 0.787353515625 0.653564453125 0.78515625 0.65869140625 0.777587890625 0.6591796875 0.772216796875 0.65576171875 0.764892578125 0.647216796875 0.7626953125 0.632568359375 0.7685546875 0.62841796875 0.776611328125 0.63134765625 0.784423828125
0 0.73828125 0.822021484375 0.7431640625 0.819580078125 0.74365234375 0.811767578125 0.739990234375 0.80615234375 0.732666015625 0.80322265625 0.7294921875 0.805419921875 0.72900390625 0.816650390625 0.733642578125 0.8212890625
0 0.78466796875 0.807861328125 0.796630859375 0.806640625 0.8056640625 0.800048828125 0.80810546875 0.792724609375 0.8076171875 0.780517578125 0.8095703125 0.777099609375 0.806396484375 0.77099609375 0.801025390625 0.76904296875 0.792724609375 0.77001953125 0.78564453125 0.778564453125 0.77783203125 0.796142578125 0.7783203125 0.805908203125 0.781005859375 0.80810546875
0 0.8687720770068568 0.8138299693700595 0.8598439845158773 0.8131431930245996 0.8557233264431177 0.8090225349518398 0.8557233264431175 0.8055886532245399 0.8591572081704173 0.7994076661154002 0.8612175372067973 0.7973473370790204 0.8680853006613969 0.7946002316971804 0.8715191823886966 0.7946002316971805 0.8756398404614565 0.7966605607335604 0.8763266168069165 0.80490187687908 0.8749530641159966 0.8124564166791396
0 0.876953125 0.874267578125 0.8857421875 0.869384765625 0.88623046875 0.858642578125 0.88330078125 0.851806640625 0.878662109375 0.84716796875 0.871337890625 0.8466796875 0.86376953125 0.851806640625 0.86376953125 0.866943359375 0.866943359375 0.873046875
0 0.8928092490979556 0.8646514189340969 0.887315038334276 0.8598439845158772 0.8900621437161159 0.8543497737521974 0.8941828017888757 0.8522894447158176 0.8989902362070954 0.8536629974067376 0.9010505652434753 0.8598439845158773 0.8976166835161753 0.8673985243159369
0 0.9209670792618142 0.8447349049157579 0.9182199738799746 0.8399274704975384 0.9168464211890544 0.8351200360793185 0.9202803029163542 0.8303126016610987 0.9244009609891141 0.8303126016610987 0.9278348427164138 0.8351200360793184 0.9271480663709538 0.8399274704975381
0 0.9814453125 0.865966796875 0.989501953125 0.861328125 1 0.847900390625 0.999755859375 0.81298828125 0.996337890625 0.81298828125 0.9853515625 0.819580078125 0.9814453125 0.835205078125 0.9765625 0.842041015625 0.97314453125 0.858154296875 0.975830078125 0.8642578125
0 0.9752224105531515 0.7101267412056046 0.9752224105531516 0.7018854250600851 0.9779695159349915 0.6950176616054855 0.9882711611168912 0.6977647669873253 0.9930785955351105 0.7018854250600851 0.9930785955351107 0.7115002938965247 0.989644713807811 0.7169945046602043 0.9882711611168911 0.7183680573511243 0.9820901740077514 0.7190548336965843 0.9779695159349915 0.7149341756238246
0 0.9738488578622315 0.8076489822609197 0.9731620815167716 0.7994076661154004 0.9772827395895315 0.7897927972789607 0.9875843847714307 0.784298586515281 0.9930785955351106 0.7856721392062009 0.9930785955351105 0.7911663499698807 0.9923918191896506 0.7959737843881004 0.9882711611168908 0.8021547714972401 0.9855240557350509 0.80421510053362 0.9800298449713711 0.8062754295699999
0 0.95751953125 0.760009765625 0.96142578125 0.757568359375 0.9658203125 0.750732421875 0.96484375 0.745849609375 0.961669921875 0.7431640625 0.953369140625 0.7451171875 0.94921875 0.749267578125 0.9482421875 0.753173828125 0.952392578125 0.75927734375
0 0.95751953125 0.794677734375 0.972412109375 0.787109375 0.97998046875 0.780517578125 0.98095703125 0.773681640625 0.976806640625 0.7646484375 0.968505859375 0.7626953125 0.964111328125 0.7646484375 0.957763671875 0.77197265625 0.95068359375 0.774658203125 0.951171875 0.787353515625
0 0.94189453125 0.813720703125 0.94970703125 0.808837890625 0.95361328125 0.799072265625 0.948974609375 0.79833984375 0.945068359375 0.794921875 0.929931640625 0.79345703125 0.92724609375 0.803466796875 0.9296875 0.809814453125 0.934326171875 0.8134765625
0 0.9298951717527937 0.7877324682425807 0.9312687244437138 0.7767440467152213 0.9340158298255535 0.7733101649879215 0.9388232642437734 0.7685027305697019 0.9422571459710732 0.7671291778787819 0.9436306986619931 0.7685027305697019 0.946377804043833 0.7739969413333816 0.945691027698373 0.7788043757516013 0.9422571459710732 0.7829250338243612 0.9388232642437734 0.7856721392062009 0.9319555007891738 0.7884192445880407
0 0.6503771991505877 0.742405229442223 0.644882988386908 0.7382845713694632 0.6435094356959881 0.7362242423330834 0.6428226593505281 0.7279829261875639 0.6490036464596678 0.7259225971511838 0.6551846335688074 0.7307300315694037 0.6586185152961074 0.7348506896421636 0.6572449626051874 0.7403449004058433
0 0.34912109375 0.797607421875 0.34619140625 0.776611328125 0.342529296875 0.7734375 0.337646484375 0.77294921875 0.33349609375 0.776611328125 0.3330078125 0.784423828125 0.345458984375 0.7978515625
0 0.3111096844933645 0.6716672658598465 0.3049286973842249 0.6661730550961669 0.3049286973842249 0.6593052916415671 0.31110968449336457 0.6565581862597274 0.3166038952570443 0.6551846335688074 0.3200377769843441 0.6606788443324871 0.3200377769843441 0.6654862787507069 0.31660389525704424 0.6689201604780067
0 0.2953138285477853 0.6771614766235263 0.2918799468204855 0.6730408185507666 0.2973741575841652 0.6689201604780068 0.30698902642060477 0.6675466077870869 0.30904935545698464 0.6696069368234667 0.30904935545698464 0.6716672658598466 0.3028683683478449 0.6771614766235263 0.30080803931146505 0.6778482529689863
0 0.7259225971511839 0.782925033824361 0.7190548336965843 0.7794911520970613 0.7190548336965842 0.7698762832606217 0.7204283863875042 0.763008519806022 0.721801939078424 0.7595746380787222 0.7293564788784838 0.7575143090423424 0.7375977950240032 0.7575143090423424 0.743778782133143 0.7595746380787223 0.7437787821331431 0.764382072496942 0.7417184530967632 0.7691895069151617 0.7355374659876235 0.7733101649879215 0.7314168079148637 0.7767440467152213
0 0.7307300315694036 0.7918531263153405 0.7293564788784838 0.7856721392062009 0.7362242423330834 0.7781175994061413 0.7444655584786031 0.7712498359515417 0.7499597692422828 0.7671291778787819 0.7554539800059624 0.765068848842402 0.7575143090423424 0.7705630596060817 0.7554539800059625 0.7781175994061413 0.7499597692422828 0.7822382574789011 0.7465258875149829 0.7863589155516609 0.7410316767513032 0.7891060209335008 0.7355374659876235 0.7904795736244208
0 0.92626953125 0.999755859375 0.93017578125 0.992919921875 0.9306640625 0.984619140625 0.92626953125 0.973876953125 0.921630859375 0.97021484375 0.914794921875 0.970703125 0.898681640625 0.97998046875 0.89013671875 0.987060546875 0.888671875 0.991455078125 0.890869140625 1
0 0.99658203125 0.980224609375 1 0.978759765625 1 0.942138671875 0.996826171875 0.93701171875 0.992431640625 0.93505859375 0.980712890625 0.94091796875 0.97216796875 0.949462890625 0.970703125 0.958740234375 0.9765625 0.971435546875 0.980712890625 0.9755859375 0.986572265625 0.97900390625
0 0.903797670625315 0.8007812188063201 0.8996770125525553 0.7939134553517206 0.9024241179343951 0.7856721392062009 0.9079183286980749 0.7794911520970611 0.9127257631162948 0.7788043757516012 0.9175331975345145 0.7856721392062009 0.9134125394617546 0.7897927972789607 0.9127257631162947 0.7952870080426404
0 0.90625 0.765380859375 0.90869140625 0.759033203125 0.9052734375 0.744873046875 0.896728515625 0.74072265625 0.887939453125 0.74267578125 0.880859375 0.753173828125 0.88134765625 0.757080078125 0.885986328125 0.7607421875 0.901611328125 0.765625
0 0.8880018146797358 0.7327903606057835 0.8859414856433561 0.7266093734966439 0.8880018146797359 0.7204283863875042 0.8914356964070357 0.7156209519692844 0.8941828017888758 0.7142473992783644 0.9024241179343951 0.7197416100420442 0.9010505652434753 0.7266093734966439 0.8976166835161754 0.7300432552239438 0.8928092490979557 0.7341639132967035
0 0.7822382574789011 0.704632530441925 0.7794911520970612 0.6984515433327854 0.7815514811334411 0.6936441089145655 0.784985362860741 0.6908970035327258 0.7904795736244207 0.6908970035327257 0.7932266790062605 0.6957044379509454 0.7904795736244207 0.7005118723691652
0 0.49853515625 0.698974609375 0.505615234375 0.697265625 0.509765625 0.694091796875 0.51806640625 0.672607421875 0.517578125 0.660400390625 0.510986328125 0.65234375 0.506591796875 0.65087890625 0.498291015625 0.65283203125 0.486328125 0.661376953125 0.478515625 0.673583984375 0.47607421875 0.682373046875 0.480224609375 0.6904296875 0.492431640625 0.6982421875
0 0.6083984375 0.656494140625 0.61376953125 0.652587890625 0.6142578125 0.642822265625 0.611083984375 0.63671875 0.603759765625 0.63671875 0.6005859375 0.639404296875 0.60009765625 0.647705078125
0 0.81005859375 0.612548828125 0.814453125 0.608642578125 0.82080078125 0.593505859375 0.8203125 0.591064453125 0.815673828125 0.587890625 0.802978515625 0.59326171875 0.79833984375 0.599365234375 0.80078125 0.609619140625 0.806396484375 0.61279296875
0 0.82177734375 0.590576171875 0.82861328125 0.586669921875 0.83154296875 0.577880859375 0.8310546875 0.570068359375 0.823974609375 0.56201171875 0.815185546875 0.56396484375 0.810546875 0.568115234375 0.8095703125 0.571533203125 0.81201171875 0.586181640625 0.818115234375 0.5908203125
0 0.442283966476218 0.7204283863875041 0.4409104137852981 0.7149341756238244 0.4395368610943782 0.7115002938965246 0.4395368610943782 0.703945754096465 0.4395368610943782 0.6998250960237052 0.4464046245489778 0.6984515433327854 0.45052528262173763 0.6984515433327854 0.45670626973087736 0.7005118723691652 0.4573930460763373 0.706006083132845 0.45670626973087736 0.7080664121692248 0.4539591643490375 0.7156209519692844 0.4498385062762777 0.7211151627329642
0 0.44775390625 0.689208984375 0.454345703125 0.6875 0.45947265625 0.679443359375 0.45849609375 0.674072265625 0.452392578125 0.669921875 0.445068359375 0.67236328125 0.44091796875 0.677978515625 0.4423828125 0.686767578125
0 0.4716796875 0.660888671875 0.4775390625 0.656005859375 0.47802734375 0.650146484375 0.474365234375 0.64599609375 0.469482421875 0.64501953125 0.46435546875 0.647705078125 0.4619140625 0.655029296875 0.465576171875 0.66064453125
0 0.54638671875 0.651611328125 0.55126953125 0.648681640625 0.5576171875 0.636962890625 0.5654296875 0.627685546875 0.5634765625 0.622314453125 0.558349609375 0.61669921875 0.549560546875 0.61376953125 0.545166015625 0.61376953125 0.5205078125 0.627685546875 0.52099609375 0.631591796875 0.529052734375 0.63671875 0.539306640625 0.64990234375
0 0.587890625 0.615966796875 0.59375 0.611572265625 0.59423828125 0.599853515625 0.5888671875 0.587158203125 0.579833984375 0.58349609375 0.578125 0.586669921875 0.57861328125 0.612060546875 0.582763671875 0.6162109375
0 0.533203125 0.575927734375 0.54833984375 0.564697265625 0.54833984375 0.558837890625 0.545166015625 0.55419921875 0.533447265625 0.55419921875 0.52587890625 0.561767578125 0.52392578125 0.568115234375 0.52490234375 0.572998046875 0.528564453125 0.576171875
0 0.56591796875 0.531982421875 0.572509765625 0.52978515625 0.578125 0.521728515625 0.57470703125 0.512939453125 0.568115234375 0.50927734375 0.556884765625 0.51123046875 0.54931640625 0.519775390625 0.54931640625 0.526611328125 0.552001953125 0.5302734375 0.556884765625 0.5322265625
0 0.453125 0.625244140625 0.465087890625 0.62158203125 0.47607421875 0.609619140625 0.4794921875 0.599853515625 0.478515625 0.590087890625 0.475341796875 0.5849609375 0.460693359375 0.5830078125 0.448486328125 0.58642578125 0.44140625 0.592041015625 0.435546875 0.600341796875 0.43310546875 0.607177734375 0.4345703125 0.617919921875 0.440185546875 0.62353515625
0 0.3818359375 0.702392578125 0.388671875 0.698974609375 0.390625 0.689697265625 0.384521484375 0.68310546875 0.375732421875 0.6826171875 0.37109375 0.686279296875 0.3701171875 0.694580078125 0.374755859375 0.70166015625
0 0.357421875 0.673095703125 0.365234375 0.669189453125 0.36669921875 0.662353515625 0.363037109375 0.65625 0.356689453125 0.6533203125 0.3486328125 0.659423828125 0.34716796875 0.664794921875 0.349853515625 0.67138671875
0 0.310546875 0.627685546875 0.313720703125 0.62646484375 0.3173828125 0.621337890625 0.31884765625 0.609130859375 0.314208984375 0.60107421875 0.305908203125 0.59912109375 0.29443359375 0.605712890625 0.29248046875 0.614501953125 0.2939453125 0.621826171875 0.298095703125 0.626953125
0 0.166015625 0.560791015625 0.171142578125 0.55908203125 0.177734375 0.553466796875 0.18505859375 0.538818359375 0.1845703125 0.531494140625 0.17919921875 0.519775390625 0.173583984375 0.51611328125 0.165283203125 0.517578125 0.16064453125 0.522216796875 0.15380859375 0.532470703125 0.15087890625 0.541259765625 0.15087890625 0.547607421875 0.15478515625 0.556884765625 0.159423828125 0.560546875
0 0.0595703125 0.555908203125 0.071044921875 0.5537109375 0.076171875 0.550048828125 0.080078125 0.543212890625 0.08154296875 0.532958984375 0.080078125 0.527099609375 0.075927734375 0.5234375 0.058349609375 0.51806640625 0.0439453125 0.525634765625 0.04150390625 0.542724609375 0.04248046875 0.548583984375 0.046142578125 0.552734375
0 0.0205078125 0.593017578125 0.0302734375 0.587158203125 0.03125 0.581298828125 0.027099609375 0.576171875 0.017333984375 0.57373046875 0.01220703125 0.578857421875 0.01220703125 0.585205078125 0.015869140625 0.59228515625
0 0.1064453125 0.505615234375 0.110595703125 0.5048828125 0.1162109375 0.497802734375 0.11669921875 0.491455078125 0.114013671875 0.48779296875 0.108154296875 0.48779296875 0.10205078125 0.496337890625 0.1015625 0.502197265625
0 0.197265625 0.475830078125 0.20361328125 0.471435546875 0.2060546875 0.464599609375 0.205078125 0.451416015625 0.200927734375 0.4462890625 0.195556640625 0.447265625 0.19140625 0.453857421875 0.19140625 0.473388671875 0.193115234375 0.47607421875
0 0.89501953125 0.697021484375 0.8984375 0.694580078125 0.90625 0.678466796875 0.90380859375 0.676025390625 0.89892578125 0.661376953125 0.890380859375 0.65283203125 0.88671875 0.656494140625 0.88232421875 0.666259765625 0.8837890625 0.672119140625 0.8828125 0.682861328125 0.89013671875 0.694091796875
0 0.9175331975345143 0.6579317389506472 0.9147860921526746 0.6531243045324275 0.9147860921526746 0.6462565410778278 0.9168464211890545 0.6393887776232282 0.9195935265708943 0.6366416722413883 0.926461290025494 0.6366416722413883 0.9292083954073338 0.644882988386908 0.9271480663709539 0.6524375281869677
0 0.578125 0.477783203125 0.58349609375 0.474853515625 0.58349609375 0.469482421875 0.578857421875 0.4638671875 0.572998046875 0.46240234375 0.56494140625 0.467041015625 0.571533203125 0.47607421875
0 0.66357421875 0.482666015625 0.66650390625 0.478759765625 0.66650390625 0.471923828125 0.662841796875 0.46728515625 0.656982421875 0.46630859375 0.65283203125 0.469970703125 0.65185546875 0.476318359375 0.655029296875 0.4814453125
0 0.67236328125 0.454833984375 0.6767578125 0.451416015625 0.6748046875 0.440185546875 0.671142578125 0.4375 0.662841796875 0.43896484375 0.658203125 0.443115234375 0.65966796875 0.452880859375
0 0.8062754295699999 0.4464046245489778 0.8055886532245399 0.4395368610943782 0.8076489822609199 0.4354162030216183 0.8076489822609199 0.43198232129431857 0.8076489822609199 0.42580133418517885 0.8097093112973 0.423054228803339 0.8179506274428194 0.4244277814942589 0.8193241801337393 0.4278616632215587 0.8206977328246593 0.4312955449488586 0.8206977328246593 0.43472942667615844 0.8200109564791993 0.44022363743983817 0.8165770747518994 0.4436575191671379 0.8131431930245996 0.4464046245489778
0 0.8798828125 0.508544921875 0.888916015625 0.50634765625 0.89501953125 0.501220703125 0.8994140625 0.491455078125 0.8994140625 0.487548828125 0.896728515625 0.4833984375 0.887939453125 0.482421875 0.87451171875 0.491943359375 0.8720703125 0.497802734375 0.8720703125 0.504638671875 0.874755859375 0.5078125
0 0.8426745758793781 0.7197416100420442 0.8399274704975385 0.7108135175510647 0.8426745758793783 0.705319306787385 0.8488555629885177 0.7025722014055451 0.8550365500976576 0.7032589777510051 0.8619043135522572 0.7101267412056047 0.8570968791340374 0.7149341756238246 0.8522894447158177 0.7197416100420442 0.846795233952138 0.7211151627329642
0 0.861904313552257 0.7066928594783048 0.8570968791340373 0.7025722014055451 0.8591572081704172 0.6970779906418654 0.8605307608613372 0.6895234508418058 0.8564101027885774 0.6792218056599062 0.8529762210612777 0.6792218056599062 0.848168786643058 0.6778482529689862 0.8413010231884582 0.6778482529689862 0.8378671414611583 0.6737275948962265 0.8351200360793185 0.6661730550961669 0.8344332597338586 0.663425949714327 0.8385539178066184 0.6606788443324871 0.8440481285702981 0.6593052916415671 0.8529762210612777 0.6593052916415671 0.8646514189340969 0.6572449626051873 0.869458853352317 0.6565581862597274 0.8735795114250766 0.6544978572233475 0.8763266168069165 0.6613656206779472 0.8763266168069165 0.6709804895143867 0.8770133931523765 0.6812821346962863 0.8770133931523765 0.6874631218054259 0.8749530641159966 0.6915837798781856 0.8722059587341567 0.6970779906418654 0.8708324060432368 0.6991383196782454 0.8687720770068569 0.7025722014055451
0 0.8206977328246592 0.6915837798781856 0.8138299693700596 0.6922705562236455 0.8124564166791396 0.6929573325691055 0.8117696403336797 0.6970779906418654 0.8152035220609796 0.7011986487146251 0.8200109564791993 0.703258977751005 0.8220712855155792 0.704632530441925 0.8275654962792588 0.7039457540964651 0.8289390489701789 0.7025722014055451 0.8289390489701789 0.6998250960237054
0 0.8309993780065587 0.6970779906418653 0.825505167242879 0.6902102271872657 0.8220712855155793 0.6867763454599658 0.8179506274428193 0.6826556873872061 0.8145167457155196 0.6799085820053662 0.8124564166791397 0.6723540422053066 0.8138299693700596 0.6675466077870869 0.8186374037882793 0.664799502405247 0.8213845091701192 0.663425949714327 0.826191943588339 0.6682333841325467 0.8316861543520188 0.6737275948962265 0.8337464833883985 0.6792218056599062 0.8344332597338586 0.6854027927690459 0.8351200360793184 0.6908970035327257 0.8344332597338585 0.6936441089145655
0 0.8110828639882196 0.6860895691145058 0.8028415478427002 0.684029240078126 0.8007812188063201 0.6805953583508262 0.8014679951517802 0.6751011475871465 0.80558865322454 0.6716672658598466 0.80696220591546 0.6716672658598466 0.8145167457155197 0.6730408185507666 0.8145167457155196 0.6792218056599062 0.8131431930245996 0.6847160164235859
0 0.95361328125 0.610595703125 0.95751953125 0.608154296875 0.958984375 0.604248046875 0.95947265625 0.584716796875 0.953369140625 0.57861328125 0.941650390625 0.578125 0.93408203125 0.586181640625 0.9345703125 0.595458984375
0 0.89111328125 0.647216796875 0.904541015625 0.6396484375 0.90869140625 0.631591796875 0.90869140625 0.627685546875 0.906005859375 0.625 0.894287109375 0.6201171875 0.8896484375 0.626220703125 0.88671875 0.639404296875 0.88916015625 0.646728515625
0 0.89453125 0.604736328125 0.90283203125 0.601806640625 0.90576171875 0.592529296875 0.9111328125 0.585205078125 0.907958984375 0.56884765625 0.902099609375 0.56982421875 0.89794921875 0.572998046875 0.888671875 0.592529296875 0.88916015625 0.601318359375
0 0.8419877995339181 0.6380152249323082 0.8371803651156985 0.6345813432050085 0.8351200360793185 0.6297739087867887 0.8344332597338586 0.6263400270594888 0.8337464833883986 0.622906145332189 0.8337464833883986 0.6146648291866694 0.8358068124247785 0.6105441711139097 0.8392406941520784 0.6091706184229897 0.8488555629885178 0.6153516055321295 0.8502291156794378 0.6194722636048893 0.8509158920248978 0.624279698023109 0.8509158920248979 0.6304606851322487 0.8495423393339778 0.6332077905140885 0.8454216812612181 0.6373284485868483
0 0.8660249716250169 0.5487343000225127 0.8619043135522572 0.5439268656042929 0.8632778662431771 0.5404929838769932 0.866024971625017 0.5398062075315332 0.8701456296977769 0.5404929838769932 0.8722059587341567 0.5439268656042929 0.8715191823886966 0.5494210763679727
0 0.861904313552257 0.5288177860041736 0.8632778662431773 0.524010351585954 0.8680853006613968 0.5233235752404939 0.8694588533523168 0.524010351585954 0.8728927350796165 0.5315648913860136 0.8728927350796165 0.5356855494587733 0.8715191823886966 0.5370591021496933 0.8667117479704769 0.5370591021496933 0.8646514189340969 0.5329384440769335 0.861904313552257 0.5295045623496336
0 0.7275390625 0.607666015625 0.733642578125 0.60546875 0.7373046875 0.600830078125 0.73681640625 0.596435546875 0.733154296875 0.59326171875 0.727294921875 0.59326171875 0.72119140625 0.598876953125 0.7216796875 0.604736328125
0 0.70654296875 0.606201171875 0.71044921875 0.604248046875 0.70849609375 0.594970703125 0.695556640625 0.5859375 0.690185546875 0.587890625 0.6904296875 0.595458984375 0.6953125 0.601806640625 0.701904296875 0.6064453125
0 0.9532455674984326 0.502720284876695 0.945691027698373 0.4972260741130153 0.9443174750074531 0.4896715343129556 0.9436306986619931 0.4834905472038159 0.9504984621165928 0.47799633644013617 0.9525587911529727 0.4779963364401363 0.9587397782621124 0.4821169945128961 0.9635472126803322 0.4855508762401959 0.9642339890257922 0.48761120527657575 0.9621736599894122 0.49447896873117547 0.9594265546075723 0.5034070612221551
0 0.9608001072984922 0.45670626973087725 0.9498116857711328 0.45533271703995737 0.947751356734753 0.4484649535853577 0.9491249094256728 0.44022363743983806 0.9525587911529727 0.4354162030216183 0.9559926728802726 0.43404265033069844 0.9594265546075723 0.43404265033069844 0.964920765371252 0.43472942667615844 0.9676678707530919 0.4367897557125383 0.9711017524803919 0.4395368610943782 0.9738488578622316 0.4409104137852981 0.9759091868986114 0.442970742821678 0.9759091868986114 0.44983850627627764 0.9724753051713116 0.4525856116581175 0.9697281997894718 0.45533271703995737 0.963547212680332 0.4594533751127171
0 0.56298828125 0.498779296875 0.568359375 0.494873046875 0.568359375 0.489501953125 0.562255859375 0.4853515625 0.553466796875 0.48681640625 0.55078125 0.489990234375 0.55224609375 0.496826171875 0.556396484375 0.4990234375
0 0.38671875 0.535888671875 0.392578125 0.531005859375 0.39404296875 0.526611328125 0.392578125 0.519287109375 0.389404296875 0.517578125 0.384521484375 0.51904296875 0.37939453125 0.525634765625 0.3818359375 0.533935546875 0.384033203125 0.5361328125
0 0.4228515625 0.487060546875 0.42919921875 0.481689453125 0.43115234375 0.473876953125 0.427734375 0.465576171875 0.419677734375 0.4609375 0.411865234375 0.46435546875 0.4052734375 0.470947265625 0.40380859375 0.475341796875 0.410400390625 0.484375
0 0.42822265625 0.450927734375 0.43798828125 0.446044921875 0.43896484375 0.439697265625 0.436279296875 0.43603515625 0.430419921875 0.43505859375 0.42138671875 0.439697265625 0.42041015625 0.448486328125 0.423583984375 0.451171875
0 0.37744140625 0.489501953125 0.38037109375 0.487060546875 0.37841796875 0.477783203125 0.372802734375 0.4716796875 0.367431640625 0.47021484375 0.36279296875 0.477783203125 0.36376953125 0.483154296875 0.372314453125 0.4892578125
0 0.3271484375 0.461181640625 0.341552734375 0.45751953125 0.34765625 0.451904296875 0.35205078125 0.444091796875 0.3525390625 0.432861328125 0.345458984375 0.421875 0.341552734375 0.421875 0.325439453125 0.4296875 0.31591796875 0.440185546875 0.314453125 0.446044921875 0.31591796875 0.455322265625 0.320068359375 0.45947265625
0 0.296875 0.434814453125 0.306396484375 0.4296875 0.31201171875 0.421142578125 0.31201171875 0.412841796875 0.306884765625 0.40625 0.292236328125 0.40771484375 0.28271484375 0.419677734375 0.2822265625 0.427001953125 0.28466796875 0.430908203125 0.290771484375 0.4345703125
0 0.8330078125 0.393310546875 0.8369140625 0.388427734375 0.83544921875 0.369384765625 0.83203125 0.361083984375 0.826416015625 0.35791015625 0.8203125 0.361572265625 0.8173828125 0.373779296875 0.81494140625 0.376708984375 0.827880859375 0.39306640625
0 0.7712498359515416 0.3770402136575213 0.765755625187862 0.3694856738574616 0.7698762832606216 0.3660517921301618 0.7726233886424616 0.3646782394392419 0.7767440467152213 0.36673856847562175 0.7788043757516012 0.3687988975120017 0.7794911520970613 0.3722327792393015 0.7767440467152216 0.3763534373120613 0.7733101649879217 0.3770402136575213
0 0.921875 0.341064453125 0.940673828125 0.3291015625 0.952880859375 0.32421875 0.9580078125 0.318603515625 0.95947265625 0.314208984375 0.9580078125 0.310302734375 0.945556640625 0.29736328125 0.936279296875 0.29638671875 0.926513671875 0.30078125 0.908203125 0.318603515625 0.9072265625 0.325927734375 0.90966796875 0.334716796875 0.914306640625 0.33935546875
0 0.5810546875 0.424560546875 0.587158203125 0.42138671875 0.591796875 0.414306640625 0.5927734375 0.407958984375 0.589111328125 0.40380859375 0.582763671875 0.404296875 0.5751953125 0.411865234375 0.5751953125 0.420654296875 0.577392578125 0.423828125
0 0.55419921875 0.427490234375 0.560302734375 0.42578125 0.5654296875 0.421142578125 0.5673828125 0.411376953125 0.565185546875 0.408203125 0.561767578125 0.40673828125 0.556396484375 0.40771484375 0.546875 0.415771484375 0.54541015625 0.424072265625 0.549072265625 0.42724609375
0 0.466796875 0.441162109375 0.478515625 0.427490234375 0.478515625 0.420166015625 0.473388671875 0.41650390625 0.462646484375 0.419921875 0.4580078125 0.427001953125 0.458984375 0.438720703125 0.462158203125 0.44140625
0 0.4931640625 0.408935546875 0.499755859375 0.40576171875 0.50439453125 0.397705078125 0.50390625 0.388916015625 0.498779296875 0.38427734375 0.484130859375 0.38671875 0.48046875 0.389404296875 0.4775390625 0.395751953125 0.4775390625 0.404052734375 0.480224609375 0.4072265625 0.485595703125 0.4091796875
0 0.45947265625 0.400634765625 0.466552734375 0.39892578125 0.470703125 0.395751953125 0.47119140625 0.388427734375 0.465576171875 0.38232421875 0.455322265625 0.38134765625 0.45068359375 0.385498046875 0.44970703125 0.393310546875 0.452880859375 0.3984375
0 0.5458984375 0.366943359375 0.556396484375 0.36572265625 0.56201171875 0.361083984375 0.56591796875 0.351806640625 0.56591796875 0.345458984375 0.563720703125 0.34130859375 0.550048828125 0.34033203125 0.538818359375 0.34423828125 0.53369140625 0.348388671875 0.5341796875 0.353271484375 0.5390625 0.361572265625 0.542236328125 0.36572265625
0 0.56298828125 0.332763671875 0.56884765625 0.327880859375 0.56884765625 0.309326171875 0.564208984375 0.30224609375 0.560302734375 0.30126953125 0.54931640625 0.308837890625 0.54443359375 0.322998046875 0.549560546875 0.32958984375
0 0.52734375 0.314697265625 0.536865234375 0.30859375 0.54150390625 0.301513671875 0.541015625 0.293212890625 0.53857421875 0.288818359375 0.534423828125 0.28662109375 0.523681640625 0.28759765625 0.51904296875 0.291259765625 0.51513671875 0.299072265625 0.51708984375 0.309326171875 0.521728515625 0.3134765625
0 0.49462890625 0.329833984375 0.499755859375 0.328125 0.50439453125 0.322998046875 0.5078125 0.318115234375 0.506591796875 0.3134765625 0.502197265625 0.31201171875 0.493896484375 0.31298828125 0.48583984375 0.319091796875 0.48486328125 0.325927734375 0.487548828125 0.32861328125
0 0.48681640625 0.291748046875 0.49267578125 0.288818359375 0.494140625 0.282470703125 0.488525390625 0.27734375 0.482666015625 0.27685546875 0.47802734375 0.281005859375 0.47607421875 0.286865234375 0.479736328125 0.29150390625
0 0.52294921875 0.261962890625 0.529541015625 0.25927734375 0.533203125 0.253662109375 0.53271484375 0.247314453125 0.526611328125 0.23974609375 0.521240234375 0.23974609375 0.51806640625 0.242431640625 0.51513671875 0.252197265625 0.517578125 0.261474609375
0 0.5926879861319505 0.24792626071104765 0.5920012097864906 0.241745273601908 0.5968086442047102 0.23831139187460815 0.6009293022774702 0.241058497256448 0.6064235130411498 0.24311882629282794 0.6077970657320697 0.24380560263828788 0.6077970657320697 0.2513601424383476 0.6064235130411498 0.2534204714747274 0.6016160786229301 0.25685435320202726 0.5988689732410902 0.2561675768565672
0 0.70654296875 0.197998046875 0.712646484375 0.1953125 0.72119140625 0.184326171875 0.72265625 0.173095703125 0.718017578125 0.16845703125 0.702880859375 0.16943359375 0.6953125 0.176513671875 0.693359375 0.188232421875 0.69482421875 0.195068359375 0.699951171875 0.1982421875
0 0.75732421875 0.230712890625 0.7646484375 0.224365234375 0.76708984375 0.219482421875 0.7666015625 0.209716796875 0.762451171875 0.2060546875 0.75244140625 0.208251953125 0.75244140625 0.220947265625
0 0.7259225971511839 0.2431188262928279 0.7224887154238843 0.23968494456552808 0.7204283863875042 0.23075685207454855 0.722488715423884 0.22526264131086887 0.7245490444602639 0.22320231227448895 0.7279829261875639 0.221828759583569 0.7300432552239438 0.22251553592902895 0.7321035842603235 0.2300700757290886 0.7321035842603235 0.23144362842000854 0.7321035842603235 0.23693783918368821 0.7266093734966438 0.24311882629282794
0 0.8831943802615161 0.23213040476546845 0.8687720770068569 0.22800974669270868 0.8694588533523169 0.22251553592902895 0.8749530641159966 0.22045520689264908 0.8811340512251362 0.21839487785626915 0.886628261988816 0.2177081015108092 0.8928092490979557 0.21839487785626915 0.8989902362070954 0.22457586496540888 0.8955563544797955 0.2300700757290886 0.8928092490979557 0.23213040476546848
0 0.44091796875 0.302001953125 0.44775390625 0.298095703125 0.44873046875 0.293701171875 0.43994140625 0.280029296875 0.435302734375 0.27783203125 0.4267578125 0.284912109375 0.427734375 0.298583984375 0.430908203125 0.30224609375
0 0.46728515625 0.247802734375 0.472412109375 0.24609375 0.4833984375 0.233154296875 0.4833984375 0.227783203125 0.478759765625 0.22314453125 0.474853515625 0.22314453125 0.468505859375 0.22705078125 0.4609375 0.236083984375 0.46142578125 0.244384765625
0 0.49853515625 0.213134765625 0.5166015625 0.199462890625 0.51708984375 0.196044921875 0.513671875 0.189208984375 0.513671875 0.179931640625 0.509033203125 0.17529296875 0.505615234375 0.1748046875 0.496337890625 0.17822265625 0.48681640625 0.189697265625 0.4892578125 0.199951171875 0.48876953125 0.207763671875 0.493896484375 0.21337890625
0 0.51513671875 0.162841796875 0.519775390625 0.1611328125 0.52392578125 0.155517578125 0.5234375 0.150634765625 0.518798828125 0.14697265625 0.511474609375 0.1494140625 0.5078125 0.154541015625 0.50830078125 0.159423828125
0 0.37497988462114135 0.1991651401833901 0.3708592265483816 0.1936709294197104 0.36879889751200173 0.1854296132741908 0.3770402136575213 0.17993540251051104 0.3839079771121209 0.1847428369287308 0.38459475345758093 0.18611638961965074 0.38459475345758093 0.19229737672879044 0.38116087173028107 0.19847836383793013
0 0.21015356171074956 0.28363863067496586 0.2074064563289097 0.27814441991128624 0.20740645632890972 0.2712766564566865 0.21084033805620955 0.2664692220384668 0.2177081015108092 0.26509566934754686 0.22045520689264902 0.2712766564566866 0.22045520689264902 0.2753973145294464 0.21633454881988926 0.28157830163858605 0.21496099612896932 0.282951854329506
0 0.34033203125 0.304931640625 0.34521484375 0.301025390625 0.345703125 0.293212890625 0.341552734375 0.287109375 0.337158203125 0.287109375 0.33056640625 0.292724609375 0.330078125 0.299560546875 0.332763671875 0.3037109375
0 0.349609375 0.283447265625 0.356689453125 0.2802734375 0.361328125 0.275634765625 0.3623046875 0.270751953125 0.357666015625 0.263671875 0.343505859375 0.2607421875 0.33837890625 0.264892578125 0.33740234375 0.275634765625 0.344482421875 0.283203125
0 0.1142578125 0.314208984375 0.124755859375 0.31005859375 0.138671875 0.297607421875 0.14208984375 0.284912109375 0.137451171875 0.27734375 0.127685546875 0.27490234375 0.121826171875 0.27587890625 0.107421875 0.288818359375 0.10107421875 0.301025390625 0.10107421875 0.305908203125 0.106201171875 0.3125
0 0.0537109375 0.369873046875 0.063232421875 0.365234375 0.0673828125 0.359130859375 0.06689453125 0.350830078125 0.062255859375 0.345703125 0.050048828125 0.34521484375 0.04248046875 0.352294921875 0.041015625 0.357177734375 0.04248046875 0.365478515625 0.047119140625 0.369140625
0 0.1064453125 0.203369140625 0.11328125 0.199951171875 0.11376953125 0.194091796875 0.102783203125 0.18798828125 0.098388671875 0.1884765625 0.095703125 0.192138671875 0.095703125 0.197509765625 0.100830078125 0.20263671875
0 0.06787109375 0.109130859375 0.0703125 0.106689453125 0.06982421875 0.098388671875 0.066650390625 0.09375 0.063232421875 0.09375 0.0595703125 0.097900390625 0.05908203125 0.102783203125 0.062744140625 0.1083984375
0 0.28369140625 0.131591796875 0.290283203125 0.1298828125 0.29833984375 0.119384765625 0.2978515625 0.111572265625 0.293701171875 0.10693359375 0.279052734375 0.10791015625 0.2744140625 0.114013671875 0.2724609375 0.121337890625 0.27392578125 0.129638671875 0.278076171875 0.1318359375
0 0.306640625 0.065673828125 0.32275390625 0.058837890625 0.32080078125 0.045654296875 0.31884765625 0.041748046875 0.314208984375 0.03857421875 0.302978515625 0.041015625 0.29541015625 0.051513671875 0.29541015625 0.059326171875 0.29736328125 0.062744140625
0 0.37353515625 0.111083984375 0.38037109375 0.105224609375 0.380859375 0.099853515625 0.37841796875 0.093505859375 0.372314453125 0.08837890625 0.361083984375 0.08935546875 0.35595703125 0.097412109375 0.35693359375 0.106689453125 0.363037109375 0.1103515625
0 0.43212890625 0.085205078125 0.443115234375 0.08251953125 0.4482421875 0.075439453125 0.44873046875 0.055908203125 0.447265625 0.049560546875 0.443603515625 0.04541015625 0.433837890625 0.046875 0.42626953125 0.054931640625 0.4189453125 0.069091796875 0.41796875 0.075927734375 0.419921875 0.081787109375 0.425048828125 0.0849609375
0 0.4841773235492759 0.021976843054718906 0.48486409989473606 0.014422303254659301 0.48898475796749563 0.008241316145519609 0.4937921923857156 0.008928092490979575 0.4951657450766354 0.014422303254659305 0.49653929776755545 0.021290066709258954 0.4965392977675554 0.026097501127478693 0.49241863969479555 0.03159171189115843 0.4862376525856558 0.02678427747293867
0 0.47799633644013617 0.04738756783673766 0.47662278374921624 0.039833028036678035 0.47868311278559617 0.02884460650931856 0.48143021816743603 0.02403717209109882 0.48898475796749563 0.03502559361845827 0.48623765258565577 0.045327238800357765 0.482116994512896 0.04876112052765761
0 0.6256532507140289 0.09340158298255537 0.6229061453321891 0.08653381952795575 0.6256532507140289 0.08241316145519595 0.6304606851322487 0.07966605607335606 0.6352681195504684 0.07966605607335606 0.6366416722413883 0.08584704318249575 0.6332077905140885 0.09202803029163545 0.6311474614777086 0.09271480663709541
0 0.71875 0.129150390625 0.72607421875 0.122802734375 0.7265625 0.110595703125 0.7216796875 0.101806640625 0.714111328125 0.09814453125 0.70947265625 0.101806640625 0.7099609375 0.111083984375 0.70703125 0.122802734375 0.711181640625 0.12841796875
0 0.89599609375 0.085693359375 0.907470703125 0.07861328125 0.91259765625 0.069580078125 0.9111328125 0.060791015625 0.902099609375 0.05517578125 0.89501953125 0.060302734375 0.8876953125 0.073974609375 0.88818359375 0.083740234375 0.890380859375 0.0859375
0 0.990234375 0.114013671875 1 0.108154296875 0.999755859375 0.08154296875 0.9814453125 0.103759765625 0.98193359375 0.110107421875 0.986572265625 0.11376953125
0 0.9285216190618738 0.17306763905591138 0.925087737334574 0.16826020463769165 0.9230274082981942 0.16070566483763202 0.9285216190618739 0.15521145407395232 0.9305819480982538 0.1538379013830324 0.9326422771346335 0.1538379013830324 0.9340158298255536 0.1538379013830324 0.9388232642437734 0.15795855945579218 0.9401968169346934 0.16139244118309204 0.9401968169346934 0.1675734282922317 0.9360761588619335 0.1716940863649915 0.9340158298255536 0.17375441540137138
0 0.9793430686259113 0.18817671865603064 0.9745356342076917 0.180622178855971 0.9759091868986116 0.17306763905591144 0.9800298449713714 0.16619987560131172 0.9841505030441313 0.16688665194677166 0.9882711611168911 0.16894698098315158 0.9889579374623507 0.17444119174683131 0.983463726698671 0.1826825078923509
0 0.6795483152346447 0.9098240237166473 0.6701493067251751 0.9088841228657003 0.6607502982157056 0.9023048169090717 0.6645099016194934 0.8947856101014962 0.672969009278016 0.8900861058467614 0.6776685135327507 0.8900861058467614 0.6804882160855916 0.898545213505284 0.6814281169365386 0.9032447177600187
0 0.13218384622605703 0.660609708131205 0.12450403196382431 0.6586112281249453 0.12450403196382431 0.6515861976485374 0.1294216711076687 0.6494786649229822 0.13363677015974856 0.6508836710182639 0.13714937628623303 0.6536936832088271
0 0.2890074335991313 0.5841292394123166 0.28257069449542593 0.5855506989266088 0.2762480223342216 0.582038160105772 0.2790581355351107 0.5771206387722866 0.28467826760455045 0.5750131060467315 0.2860833006219104 0.5743106029990906 0.2888933666566303 0.5757156090943722
0 0.4373331911145512 0.6552019982217887 0.4286945999625527 0.6550986893041085 0.42518199383606825 0.6558012159343821 0.4195618617666285 0.6543962098391005 0.41815678158309927 0.6466686527324192 0.4279920598707882 0.6396435750907459 0.4343147320319925 0.6396435750907459 0.4378273381584771 0.6445611200068642
0 0.35544501248624644 0.644386578402956 0.3500125151595496 0.6396435750907458 0.3528225811942695 0.6361310598525419 0.35703768024634924 0.6375360659478235 0.35984774628106914 0.6410485811860274
0 0.4002517517356962 0.8537422048960749 0.4012963382086107 0.8447525529547063 0.4055114844268598 0.8426450202291511 0.409024043387175 0.8433474996941592 0.41113161649629953 0.849670050705559 0.4097265834789396 0.8524801100613877
0 0.3121833332109156 0.8977764141584652 0.30083617088727443 0.8953329138806395 0.29662107183519465 0.8932253811550842 0.2917034326913502 0.8862003506786765 0.29662107183519465 0.8805802791322848 0.3022412510708037 0.879175273037003 0.30786138314024347 0.8784727935719951 0.3106714491749633 0.8784727935719951 0.3141840553014479 0.8819852852275663 0.3162915812444031 0.887605356773958
0 0.2874623736250123 0.8568323248443128 0.2776530553515815 0.8510750568008406 0.2755455294086262 0.8440500263244327 0.281165661478066 0.8391324814083146 0.2860833006219104 0.8412400141338698 0.29170343269135024 0.8440500263244328 0.29310846570871013 0.8475625651452696
0 0.06265614739070391 0.6474766983511939 0.05916978440882521 0.6578861527164385 0.052847112247620814 0.6642087037278382 0.04371437405169657 0.6670187159184013 0.03809421839917215 0.662101194584916 0.04230934103433663 0.6571836496687977 0.046524440086416444 0.6550761405258754 0.04792949668686104 0.6515636017050386 0.051442079230260895 0.6487535895144755 0.054954661773660735 0.6445385476459979
0 0.7231692863265585 0.5756314095546624 0.7146196915694328 0.5700730123523798 0.7146196915694327 0.5595354430551354 0.7216448094900632 0.5588329164248618 0.7258599557083122 0.5616429521980577 0.7286700217430321 0.5658579704839024
0 0.8112377048513391 0.5223268404475583 0.8249150428461193 0.5230051666646507 0.8347503211338081 0.5152776095579693 0.8368578942429328 0.5131700886237306 0.8410730404611817 0.4977149744103678 0.8452880923470923 0.4850698841788845 0.8410730404611818 0.48015235105408266 0.8333453352826176 0.48998741730368645 0.8228075640693332 0.497012471362727 0.8178899249254888 0.5012275014398881 0.8101622197469245 0.511765082528449
0 0.9734690021338297 0.5833567094252572 0.9675263893529308 0.5749905572684981 0.9682288822785261 0.5651554674362617 0.9738490143479659 0.5637504613409801 0.9801717336753395 0.5679655032094575 0.9822793067844638 0.5770980664114205
0 0.8270226159552438 0.8735101039341446 0.8333453352826176 0.869997565113308 0.8361554013173373 0.8678900559703857 0.8361554013173373 0.8622700315892593 0.831237762173493 0.8580549897207819 0.825617630104053 0.8615675049589857 0.8235100569949284 0.8650800437798225 0.8235100569949285 0.8692950620656672
0 0.8714950438419785 0.4674772113663353 0.8825216323887233 0.46478749091023497 0.8874392715325677 0.45705993380355364 0.8867366842746338 0.4493323766968722 0.881116552205194 0.4493323766968722 0.8754964201357543 0.45986999315938226
0 0.9724440284967752 0.02576692202035813 0.9815767195265301 0.025064418972717335 0.9871968515959699 0.02084938889555625 0.9914119978142191 0.016634358818395173 0.9935195709233439 0.008906801711713777 0.9914119978142191 0.00469177163455268 0.9864943586703747 0.0018817476526731547 0.9808742266009349 0.00609677772983426 0.9745516016058997 0.013121831788874869 0.9703364553876507 0.018039364913676734
0 0.3963891018003988 0.17546087625785223 0.39075856699532646 0.17329299830362915 0.39146110708709103 0.16697047087486205 0.3921636000126864 0.15994541681582145 0.39778377924829544 0.15573037494734387 0.40129633820861066 0.15573037494734387 0.4062139773524551 0.15924291376818062 0.40621397735245507 0.16907798001778435
0 0.5879765385911496 0.08275727781071472 0.6001090997421585 0.08266984574900746 0.6050267388860029 0.07564479168996682 0.6050267388860029 0.06721473153564467 0.5994066068165632 0.06370219271480795 0.5895713285288743 0.0728347794994037 0.5839511964594345 0.07704979778524843
0 0.7494353058865808 0.09820787755190431 0.7602833353828846 0.09742245691472948 0.7652009745267291 0.09531492418917434 0.7673085476358538 0.09390991809389279 0.7687136278193829 0.08828989371276647 0.7616884155664139 0.09039740285568884 0.7532582174622543 0.09109990590332961
0 0.9348425027808558 0.13683437690487826 0.9387231417477981 0.1402752607339811 0.9478558327775531 0.1381677515910588 0.9506658988122729 0.13676274549577722 0.9520709789958022 0.1346552127702221 0.9520709789958022 0.1276301822938143 0.9443432738172379 0.1262251526158999 0.9380205544898643 0.12973769143673664
0 0.5254016096393318 0.34309988344975917 0.5144018498523556 0.34184910383360617 0.5101867508002759 0.33482404977456554 0.5108892437258712 0.3256914865726026 0.5207245691797294 0.32779899571552495 0.529154767283889 0.3327165406316432 0.5305597531350795 0.339039091643043
0 0.24806334428497892 0.28129748448500086 0.24603974171172893 0.2737061195513879 0.2523624138729333 0.26387102971915133 0.2572800530167777 0.2631685266715106 0.2621976449944528 0.26808607158762887 0.257982545942373 0.28002864698015495 0.2537674468902932 0.2828386827533509
0 0.24651828431085995 0.3539153032685919 0.23620446342404 0.3488741578926468 0.23409693748108473 0.3376340855477614 0.24252713558524436 0.33552655282220634 0.24744477472908885 0.3362290794524799 0.2502548407638087 0.3369315825001206 0.25587501999941775 0.34044409773832457 0.2523624138729333 0.3474691517973652
0 0.7888343352266142 0.5516829799558185 0.777846318849138 0.5602830672418755 0.7687136278193829 0.5581755580989531 0.7630934957499432 0.5504480009922718 0.7680110405614491 0.5420179408379495 0.7722261867796982 0.5420179408379495 0.7792513990326673 0.540612934742668 0.7848715311021071 0.5420179408379495
0 0.9989624917067925 0.4636145614310379 0.9886019317794992 0.457717315712095 0.9857918657447795 0.4478822494624913 0.987899438853904 0.4415596984510914 0.9928170779977485 0.43945218930816904 1 0.43945218930816904
0 0.7556155457830566 0.8375190751678258 0.744827925025756 0.8334898846663221 0.744827925025756 0.8257623275596409 0.7483405783184098 0.820142256013249 0.7532582174622543 0.8173322438226858 0.7595808424572895 0.8159272377274043 0.7623909084920093 0.8222497887388042 0.7602833353828846 0.8292748663804775
0 0.9325249128196773 0.44893649167690775 0.9253752101674554 0.4493098279186389 0.9155400262121052 0.4507148340139204 0.9078123210335408 0.4486073248709982 0.9028946818896963 0.44158227081195744 0.911324879993856 0.4352597198005577 0.9204576653559494 0.43385471370527606 0.9281853705345139 0.43525971980055767 0.9324004224204243 0.4422847738595983
0 0.9139841931302498 0.42267047211688547 0.9260777974253893 0.42191213831274993 0.9295903563857045 0.4113745454328726 0.9232677313906694 0.4064570240993872 0.9169450120632958 0.40575452105174636 0.9155400262121052 0.4141845812060685