0 0.97509765625 0.999755859375 0.98681640625 0.988525390625 0.9873046875 0.978759765625 0.981201171875 0.97314453125 0.976806640625 0.97314453125 0.966064453125 0.97900390625 0.9609375 0.987548828125 0.961181640625 1
0 0.9765959632440713 0.8907489200615757 0.9711017524803918 0.886628261988816 0.9711017524803919 0.8790737221887563 0.9745356342076916 0.8735795114250766 0.9807166213168313 0.8715191823886967 0.9814033976622913 0.8797604985342163 0.9814033976622913 0.8852547092978961
0 0.9738488578622315 0.9175331975345143 0.9786562922804511 0.9106654340799148 0.9820901740077512 0.9092918813889947 0.9834637266986712 0.9134125394617545 0.9807166213168315 0.9175331975345142
0 0.8873150383342758 0.9539323438438925 0.8818208275705963 0.9498116857711327 0.8790737221887563 0.9436306986619931 0.8804472748796762 0.9381364878983134 0.885254709297896 0.9347026061710135 0.8907489200615758 0.9340158298255536 0.8983034598616354 0.9333290534800937 0.8996770125525554 0.9388232642437734 0.8989902362070954 0.947064580389293 0.8921224727524958 0.9518720148075127
0 0.27196343280214647 0.9608001072984923 0.26509566934754686 0.9566794492257324 0.26509566934754686 0.9511852384620528 0.26921632742030666 0.9484381330802129 0.27471053818398633 0.9511852384620527 0.2753973145294464 0.9539323438438927
0 0.6650390625 0.017822265625 0.674560546875 0.01416015625 0.68212890625 0.005126953125 0.68359375 0.000244140625 0.660400390625 0 0.6591796875 0.015869140625
0 0.86328125 0.024658203125 0.876708984375 0.021484375 0.880859375 0.018310546875 0.885498046875 0 0.853515625 0.000732421875 0.85205078125 0.008544921875 0.8544921875 0.016357421875 0.859619140625 0.0234375
0 0.8124564166791395 0.11949908411003407 0.80490187687908 0.11743875507365421 0.8035283241881601 0.10919743892813459 0.80627542957 0.10370322816445485 0.8131431930245996 0.10301645181899492 0.8172638510973593 0.10576355720083477 0.8179506274428193 0.10988421527359457 0.8172638510973593 0.11469164969181433
0 0.5768921301863712 0.9683546470985518 0.5707111430772317 0.965607541716712 0.5693375903863117 0.9587397782621123 0.5707111430772317 0.9546191201893526 0.5748318011499914 0.9525587911529727 0.5789524592227512 0.9504984621165926 0.5810127882591313 0.9518720148075126 0.5810127882591313 0.9573662255711923 0.5796392355682113 0.964233989025792 0.5789524592227514 0.9690414234440119
0 0.70751953125 0.965576171875 0.71337890625 0.961181640625 0.71484375 0.953369140625 0.712158203125 0.94873046875 0.703857421875 0.947265625 0.69775390625 0.952392578125 0.69677734375 0.957763671875 0.701416015625 0.9638671875
0 0.7520200982786626 0.9704149761349317 0.7478994402059027 0.9635472126803322 0.7520200982786627 0.9580530019166524 0.7561407563514224 0.9635472126803322 0.7561407563514224 0.966981094407632
0 0.7939134553517204 0.9559926728802723 0.7877324682425809 0.9566794492257324 0.7801779284425213 0.9559926728802725 0.7739969413333815 0.9518720148075126 0.7767440467152213 0.945691027698373 0.7794911520970612 0.9408835932801534 0.7829250338243611 0.9395100405892334 0.7870456918971209 0.9401968169346934 0.7897927972789608 0.9436306986619931 0.7925399026608007 0.9491249094256728
0 0.5789524592227512 0.8694588533523167 0.5762053538409114 0.864651418934097 0.5713979194226916 0.8612175372067972 0.5700243667317716 0.8570968791340373 0.5727714721136115 0.8529762210612776 0.5768921301863712 0.8481687866430578 0.5803260119136712 0.8461084576066779 0.5851334463318909 0.844734904915758 0.5878805517137308 0.8488555629885177 0.5885673280591907 0.8557233264431174 0.5885673280591907 0.862591089897717 0.5885673280591908 0.8660249716250169 0.5844466699864309 0.8687720770068568
0 0.34375 0.854736328125 0.34765625 0.852783203125 0.3603515625 0.831787109375 0.36328125 0.823486328125 0.360595703125 0.818359375 0.350341796875 0.81787109375 0.34716796875 0.822021484375 0.337890625 0.847412109375 0.33837890625 0.853271484375
0 0.40087890625 0.879638671875 0.40380859375 0.878173828125 0.40576171875 0.873779296875 0.404296875 0.862548828125 0.399169921875 0.85546875 0.391357421875 0.8544921875 0.38134765625 0.862548828125 0.3798828125 0.871826171875 0.387451171875 0.87841796875
0 0.13427734375 0.976318359375 0.13720703125 0.968017578125 0.13623046875 0.948974609375 0.1337890625 0.942138671875 0.129638671875 0.9404296875 0.119140625 0.952392578125 0.11865234375 0.959716796875 0.123046875 0.968994140625 0.130615234375 0.9755859375
0 0.05837598936409709 0.9731620815167715 0.053568554945877325 0.9724753051713116 0.05082144956403748 0.9711017524803917 0.04807434418219762 0.9662943180621719 0.04807434418219762 0.9608001072984922 0.049447896873117556 0.9587397782621123 0.05150822590949744 0.9580530019166524 0.05562888398225724 0.9573662255711926 0.06180987109139693 0.9649207653712519 0.061809871091396934 0.9711017524803918
0 0.0961486883643952 0.8330597070429385 0.08928092490979557 0.8303126016610988 0.08447349049157579 0.8255051672428789 0.0844734904915758 0.8200109564791992 0.08584704318249574 0.8145167457155196 0.08996770125525554 0.8117696403336797 0.09202803029163543 0.8110828639882197 0.09614868836439522 0.8124564166791397 0.09958257009169505 0.8179506274428194 0.10095612278261498 0.8234448382064992 0.10164289912807495 0.8289390489701789
0 0.0961486883643952 0.9896447138078107 0.08928092490979557 0.987584384771431 0.08309993780065587 0.9848372793895911 0.07829250338243611 0.9779695159349915 0.07623217434605621 0.9717885288258516 0.07829250338243611 0.9628604363348721 0.08241316145519591 0.9566794492257324 0.0865338195279557 0.9566794492257324 0.0906544776007155 0.9621736599894122 0.0968354647098552 0.966294318062172 0.10026934643715502 0.9717885288258518 0.10026934643715502 0.9779695159349915 0.09820901740077512 0.9834637266986712
0 0.09202803029163542 0.964233989025792 0.08584704318249574 0.9594265546075722 0.08378671414611584 0.9498116857711327 0.08790737221887564 0.947064580389293 0.09408835932801533 0.9463778040438331 0.09958257009169505 0.9463778040438329 0.10576355720083475 0.9491249094256728 0.10439000450991481 0.9573662255711923 0.10095612278261498 0.9628604363348721 0.09752224105531515 0.964233989025792
0 0.03365204092753833 0.9978860299533303 0.03365204092753834 0.987584384771431 0.03365204092753834 0.9800298449713712 0.0363991463093782 0.9772827395895314 0.03983302803667802 0.9752224105531515 0.04395368610943782 0.9800298449713712 0.04532723880035776 0.9834637266986711 0.04532723880035776 0.9896447138078108 0.043953686109437826 0.9937653718805706 0.04189335707305793 0.9978860299533303 0.040519804382137994 0.9999463589897103 0.03777269900029813 1
0 0.20259902191068993 0.9759091868986114 0.19641803480155023 0.9724753051713116 0.1916106003833305 0.9697281997894719 0.1895502713469506 0.964920765371252 0.19023704769241057 0.9601133309530323 0.1936709294197104 0.9559926728802726 0.19847836383793016 0.9559926728802726 0.20122546921977003 0.9587397782621123 0.20328579825614992 0.9621736599894122 0.20465935094706986 0.9683546470985519
0 0.17581474443775125 0.9999463589897102 0.17306763905591138 0.9951389245714906 0.17306763905591138 0.9889579374623509 0.1765015207832112 0.9855240557350511 0.180622178855971 0.987584384771431 0.18611638961965074 0.9910182664987308 0.18611638961965074 0.9951389245714906 0.18611638961965077 0.9985728062987904 0.18336928423781088 1
0 0.24792626071104767 0.984837279389591 0.23899816822006814 0.9841505030441311 0.2355642864927683 0.9793430686259115 0.23831139187460815 0.9731620815167716 0.24449237898374782 0.9731620815167716 0.2492998134019676 0.9745356342076915 0.24998658974742755 0.9786562922804514
0 0.26646922203846674 0.9937653718805706 0.25960145858386713 0.9910182664987308 0.2554808005111073 0.986210832080511 0.25822790589294714 0.9814033976622911 0.2596014585838671 0.9772827395895314 0.26372211665662687 0.9759091868986116 0.26715599838392673 0.9738488578622316 0.2712766564566866 0.9731620815167716 0.2740237618385264 0.9724753051713118 0.2802047489476661 0.9738488578622317 0.2829518543295059 0.9765959632440715 0.2829518543295059 0.9786562922804514 0.28089152529312605 0.9848372793895912 0.2774576435658262 0.9855240557350511 0.2733369854930664 0.987584384771431 0.27058988011122653 0.9889579374623509
0 0.21290066709258942 0.9814033976622911 0.21152711440166952 0.9765959632440715 0.21358744343804942 0.9704149761349317 0.21633454881988926 0.9676678707530919 0.221141983238109 0.966981094407632 0.22251553592902895 0.9704149761349318 0.22114198323810902 0.9752224105531515 0.21908165420172912 0.9772827395895314
0 0.423828125 0.999755859375 0.410888671875 0.9833984375 0.394287109375 0.982421875 0.387451171875 0.98388671875 0.372802734375 0.98193359375 0.36865234375 0.985107421875 0.3642578125 0.999267578125
0 0.32141132967526403 0.9793430686259113 0.31797744794796423 0.9759091868986115 0.31866422429342417 0.9690414234440119 0.32484521140256384 0.9662943180621719 0.32759231678440376 0.9704149761349317 0.3269055404389437 0.9772827395895314
0 0.22526264131086882 0.9463778040438329 0.2197684305471891 0.9484381330802127 0.21358744343804942 0.9463778040438329 0.21427421978350938 0.9415703696256131 0.21908165420172912 0.9388232642437735 0.22388908861994888 0.9381364878983134 0.2280097466927087 0.9395100405892334
0 0.25067336609288754 0.9367629352073934 0.24243204994736794 0.9319555007891738 0.23899816822006809 0.9285216190618738 0.24037172091098802 0.9237141846436541 0.2451791553292078 0.9237141846436541 0.24998658974742755 0.9285216190618738 0.25548080051110733 0.9326422771346337 0.2561675768565672 0.9360761588619335
0 0.23968494456552808 0.9058579996616949 0.23831139187460817 0.8948695781343354 0.2506733660928876 0.8742662877705366 0.26028823492932707 0.8591572081704173 0.2657824456930068 0.8481687866430578 0.27471053818398633 0.8392406941520782 0.281578301638586 0.8323729306974785 0.2898196177841056 0.8268787199337989 0.2946270522023253 0.825505167242879 0.2994344866205451 0.8316861543520186 0.30012126296600505 0.8406142468429982 0.2946270522023253 0.8516026683703577 0.28844606509318566 0.8632778662431771 0.28020474894766606 0.8770133931523765 0.2733369854930664 0.8831943802615161 0.26784277472938667 0.8880018146797359 0.260975011274787 0.8941828017888755 0.25410724782018734 0.9017373415889351 0.24998658974742755 0.905171223316235 0.24311882629282788 0.905171223316235
0 0.24723948436558768 0.8783869458432962 0.24037172091098807 0.8770133931523765 0.23693783918368821 0.8728927350796166 0.23693783918368821 0.8680853006613969 0.24037172091098802 0.8612175372067972 0.24449237898374782 0.8577836554794973 0.24929981340196758 0.8577836554794973 0.25342047147472746 0.8598439845158772 0.2561675768565673 0.862591089897717 0.25410724782018734 0.8722059587341566
0 0.40107738574862006 0.8296258253156387 0.3976435040213202 0.824818390897419 0.39901705671224014 0.8206977328246592 0.40039060940316007 0.8179506274428194 0.4051980438213799 0.8124564166791395 0.41000547823959965 0.8165770747518993 0.4086319255486797 0.8213845091701191 0.40588482016683985 0.8248183908974189
0 0.2980609339296252 0.883194380261516 0.2960006048932453 0.8763266168069164 0.2925667231659455 0.8722059587341566 0.29325349951140545 0.864651418934097 0.29737415758416524 0.8591572081704173 0.30080803931146505 0.8584704318249573 0.30492869738422484 0.8598439845158772 0.3090493554569847 0.863964642588637 0.30904935545698464 0.8715191823886966 0.3069890264206047 0.8790737221887562 0.30492869738422484 0.8845679329524361
0 0.41275258362143946 0.844048128570298 0.4072583728577598 0.8413010231884581 0.4100054782395996 0.8351200360793185 0.4148129126578194 0.8330597070429386 0.421680676112419 0.8316861543520186 0.4271748868760988 0.8351200360793184 0.4244277814942589 0.841987799533918 0.41824679438511925 0.844048128570298
0 0.42099389976695906 0.8309993780065587 0.42030712342149906 0.8234448382064992 0.42030712342149906 0.8179506274428192 0.42099389976695906 0.8152035220609795 0.42236745245787904 0.8117696403336796 0.42580133418517885 0.8103960876427597 0.42923521591247865 0.8103960876427597 0.43060876860339864 0.8145167457155196 0.43060876860339864 0.8220712855155792 0.4285484395670187 0.8275654962792589 0.42580133418517885 0.8330597070429385
0 0.4381633084034582 1 0.44297074282167803 0.9917050428441906 0.44777817723989777 0.9903314901532708 0.4512120589671976 0.9917050428441907 0.4525856116581175 0.9971992536078704 0.45258561165811756 1
0 0.41687324169419926 0.9793430686259113 0.4120658072759796 0.9779695159349915 0.41069225458505965 0.9711017524803918 0.4154996890032794 0.9690414234440118 0.4196203470760392 0.963547212680332 0.423741005148799 0.964920765371252 0.423741005148799 0.9711017524803918 0.4203071234214991 0.9745356342076916
0 0.4869244289311158 0.9978860299533303 0.483490547203816 0.9910182664987308 0.484177323549276 0.9848372793895911 0.48829798162203575 0.9807166213168312 0.49173186334933566 0.9786562922804514 0.49791285045847533 0.9793430686259114 0.49928640314939515 0.9827769503532111 0.4972260741130152 0.9889579374623509 0.49447896873117536 0.9917050428441907 0.4917318633493355 0.9937653718805706
0 0.4958525214220953 0.9772827395895314 0.4944789687311754 0.9704149761349317 0.49516574507663547 0.9642339890257922 0.4992864031493952 0.964233989025792 0.5054673902585349 0.965607541716712 0.5089012719858347 0.9690414234440119 0.5089012719858347 0.9724753051713118 0.5040938375676149 0.9731620815167716 0.5020335085312351 0.9738488578622316
0 0.5295045623496336 0.9738488578622315 0.5233235752404941 0.9717885288258518 0.5185161408222743 0.9676678707530919 0.5164558117858944 0.964233989025792 0.5164558117858944 0.9594265546075723 0.5185161408222743 0.9553058965348125 0.522636798895034 0.9532455674984326 0.5274442333132539 0.9525587911529727 0.5322516677314736 0.9559926728802726 0.5356855494587736 0.9608001072984922 0.5349987731133135 0.966981094407632
0 0.5226367988950339 0.9985728062987902 0.5212632462041141 0.9923918191896507 0.522636798895034 0.9820901740077511 0.5212632462041141 0.9752224105531515 0.523323575240494 0.9724753051713118 0.5267574569677939 0.9738488578622316 0.5281310096587137 0.9786562922804514 0.5288177860041736 0.986897608425971 0.5295045623496337 0.9923918191896507 0.5295045623496337 0.9965124772624105
0 0.6297739087867886 0.984837279389591 0.6277135797504089 0.9772827395895314 0.6297739087867887 0.9697281997894718 0.6352681195504685 0.968354647098552 0.6414491066596082 0.9704149761349319 0.6435094356959881 0.9745356342076916 0.6435094356959881 0.9807166213168313 0.6373284485868483 0.9827769503532112
0 0.6270268034049488 0.9662943180621719 0.6180987109139693 0.9628604363348721 0.6153516055321294 0.9539323438438926 0.6208458162958091 0.9498116857711327 0.624966474368569 0.9498116857711327 0.6290871324413287 0.9546191201893526 0.6311474614777086 0.9587397782621123 0.6325210141686286 0.9621736599894122
0 0.5899408807501105 0.9978860299533303 0.5871937753682709 0.9889579374623509 0.5871937753682709 0.9820901740077512 0.5920012097864906 0.9800298449713714 0.5974954205501704 0.9800298449713714 0.6002425259320102 0.9827769503532111 0.60436318400477 0.9848372793895911 0.60504996035023 0.9903314901532707 0.6029896313138501 0.9944521482260306 0.6002425259320102 0.9958257009169504 0.5954350915137904 0.9971992536078704
0 0.5507946290588925 0.9463778040438329 0.5453004182952129 0.9422571459710731 0.5446136419497529 0.9367629352073934 0.5446136419497529 0.9312687244437137 0.5494210763679727 0.9278348427164138 0.5535417344407325 0.9353893825164734 0.5535417344407325 0.9401968169346933
0 0.6359548958959282 0.9202803029163542 0.6338945668595486 0.9134125394617545 0.6284003560958688 0.9099786577344547 0.6270268034049489 0.9044844469707751 0.6352681195504685 0.9044844469707751 0.6393887776232282 0.906544776007155 0.6421358830050682 0.9113522104253747 0.6414491066596082 0.9161596448435945
0 0.661365620677947 0.8955563544797954 0.6572449626051874 0.8928092490979557 0.6565581862597274 0.886628261988816 0.6593052916415673 0.8831943802615161 0.6620523970234071 0.8831943802615161 0.665486278750707 0.883881156606976 0.6689201604780066 0.8873150383342758 0.6682333841325467 0.8914356964070357 0.6654862787507069 0.8941828017888755
0 0.8049018768790799 0.9395100405892332 0.80490187687908 0.9312687244437137 0.80696220591546 0.9271480663709538 0.8097093112972997 0.9244009609891141 0.8152035220609795 0.9237141846436541 0.8193241801337393 0.9292083954073338 0.8158902984064395 0.9353893825164734 0.8117696403336796 0.9367629352073934
0 0.8206977328246591 0.9195935265708942 0.8165770747518994 0.9161596448435945 0.8179506274428193 0.9106654340799146 0.8193241801337393 0.9058579996616949 0.8227580618610391 0.9031108942798551 0.8268787199337989 0.903797670625315 0.8337464833883986 0.9058579996616949 0.8364935887702384 0.9086051050435349 0.8364935887702384 0.9134125394617545 0.8351200360793185 0.9161596448435945 0.8309993780065587 0.9168464211890544 0.8289390489701788 0.9154728684981345 0.824818390897419 0.9175331975345143
0 0.8234448382064989 0.964233989025792 0.8152035220609796 0.9608001072984923 0.8117696403336796 0.9518720148075128 0.8138299693700596 0.943630698661993 0.8186374037882793 0.9367629352073935 0.8261919435883389 0.9312687244437137 0.8337464833883986 0.926461290025494 0.845421681261218 0.9257745136800339 0.8543497737521976 0.9250877373345741 0.8529762210612777 0.9353893825164735 0.8467952339521381 0.947064580389293 0.8399274704975384 0.9573662255711924 0.8316861543520188 0.964233989025792
0 0.90771484375 0.718994140625 0.916259765625 0.7177734375 0.941650390625 0.70458984375 0.9482421875 0.695068359375 0.94580078125 0.686279296875 0.936279296875 0.6796875 0.929443359375 0.67919921875 0.914794921875 0.685546875 0.904541015625 0.69287109375 0.89990234375 0.698974609375 0.89794921875 0.711669921875 0.903076171875 0.71826171875
0 0.7053193067873849 0.9182199738799743 0.6970779906418653 0.9175331975345145 0.6902102271872658 0.9140993158072146 0.6908970035327257 0.9072315523526149 0.6957044379509454 0.9010505652434753 0.7005118723691652 0.8969299071707155 0.707379635823765 0.8962431308252554 0.7108135175510648 0.9003637888980152 0.7108135175510648 0.9072315523526149 0.7094399648601448 0.9120389867708347
0 0.68798828125 0.805908203125 0.69189453125 0.803466796875 0.69482421875 0.795654296875 0.689697265625 0.7861328125 0.682373046875 0.78564453125 0.6787109375 0.790283203125 0.6787109375 0.800048828125 0.682373046875 0.80517578125
0 0.7224887154238839 0.8825076039160561 0.7190548336965843 0.8749530641159966 0.7197416100420443 0.8680853006613969 0.7224887154238842 0.862591089897717 0.7259225971511839 0.8591572081704173 0.7321035842603236 0.8577836554794974 0.7300432552239438 0.8715191823886967 0.7307300315694036 0.8783869458432965
0 0.8673985243159368 0.9120389867708346 0.8667117479704769 0.8969299071707155 0.8701456296977768 0.8797604985342162 0.8756398404614566 0.8735795114250765 0.885254709297896 0.8687720770068568 0.8914356964070358 0.8694588533523169 0.8914356964070358 0.8770133931523765 0.8907489200615758 0.886628261988816 0.8886885910251959 0.8989902362070954 0.8845679329524362 0.905171223316235 0.8790737221887565 0.9086051050435349 0.8701456296977769 0.9120389867708347
0 0.47318890202191644 0.9601133309530322 0.4718153493309966 0.9518720148075128 0.47524923105829636 0.9422571459710731 0.48143021816743614 0.9408835932801534 0.48692442893111587 0.9429439223165331 0.48761120527657575 0.9491249094256728 0.48143021816743614 0.9573662255711923
0 0.8248183908974189 0.7987208897699403 0.8165770747518994 0.8000944424608603 0.8076489822609199 0.7966605607335604 0.8062754295700001 0.7918531263153408 0.8103960876427598 0.7856721392062009 0.8165770747518996 0.7829250338243611 0.825505167242879 0.7822382574789012 0.826878719933799 0.786358915551661 0.8275654962792589 0.7946002316971805
0 0.843361352224838 0.8069622059154599 0.8358068124247786 0.8062754295699999 0.8303126016610989 0.7994076661154004 0.8289390489701789 0.7918531263153405 0.8282522726247188 0.7856721392062009 0.8303126016610988 0.7801779284425212 0.8351200360793185 0.7774308230606812 0.8385539178066184 0.7746837176788415 0.8433613522248381 0.7746837176788415 0.8454216812612181 0.7808647047879813 0.8474820102975978 0.784985362860741 0.8474820102975978 0.7884192445880409 0.8474820102975978 0.7939134553517206 0.846795233952138 0.7966605607335604 0.8433613522248381 0.8007812188063202
0 0.8282522726247187 0.8303126016610987 0.8206977328246591 0.8323729306974788 0.8117696403336797 0.8248183908974189 0.8145167457155196 0.8131431930245995 0.8186374037882794 0.8076489822609197 0.827565496279259 0.80558865322454 0.8351200360793185 0.8097093112972997 0.8371803651156984 0.8124564166791395 0.8351200360793185 0.8206977328246592
0 0.16757342829223168 0.9292083954073338 0.16482632291039181 0.9237141846436541 0.161392441183092 0.9202803029163543 0.15795855945579218 0.9175331975345145 0.15246434869211242 0.9134125394617547 0.15246434869211242 0.9072315523526149 0.15109079600119252 0.9003637888980153 0.15658500676487225 0.8900621437161157 0.161392441183092 0.8921224727524957 0.16688665194677174 0.8941828017888755 0.17169408636499148 0.8996770125525553 0.17444119174683134 0.905171223316235 0.1751279680922913 0.9140993158072145 0.17581474443775127 0.925087737334574 0.17581474443775125 0.9292083954073338
0 0.72607421875 0.716064453125 0.731689453125 0.712890625 0.7373046875 0.705810546875 0.7392578125 0.698486328125 0.73779296875 0.690673828125 0.733154296875 0.68603515625 0.725830078125 0.6826171875 0.708740234375 0.68505859375 0.70263671875 0.693115234375 0.703125 0.701904296875 0.710693359375 0.71240234375
0 0.32484521140256384 0.9298951717527937 0.32003777698434416 0.9230274082981942 0.3145435662206644 0.9209670792618142 0.3117964608388245 0.9154728684981344 0.31042290814790463 0.9099786577344547 0.31248323718428445 0.903797670625315 0.31729067160250424 0.9024241179343953 0.322098106020724 0.9044844469707751 0.3255319877480239 0.9072315523526149 0.3296526458207836 0.9113522104253747 0.3296526458207836 0.9209670792618143 0.3310261985117035 0.926461290025494
0 0.3495691598391226 0.9292083954073338 0.342014620039063 0.9264612900254938 0.3399542910026831 0.9230274082981942 0.3406410673481431 0.9134125394617547 0.34338817272998295 0.906544776007155 0.35094271253004256 0.9086051050435349 0.35437659425734236 0.9099786577344549 0.3550633706028024 0.9161596448435945 0.3550633706028024 0.9202803029163543 0.35231626522096254 0.9250877373345741
0 0.37085922654838155 0.9491249094256727 0.36467823943924194 0.947064580389293 0.35918402867556215 0.943630698661993 0.35643692329372234 0.9401968169346933 0.3584972523301022 0.9374497115528533 0.363304686748322 0.9374497115528535 0.3674253448210818 0.9388232642437734 0.3708592265483816 0.9388232642437734 0.3770402136575213 0.9367629352073935 0.37841376634844115 0.9408835932801531 0.37635343731206133 0.947064580389293
0 0.3639914630937819 0.9360761588619334 0.36055758136648214 0.9278348427164138 0.36193113405740207 0.9223406319527341 0.3681121211665417 0.9182199738799743 0.3742931082756814 0.9209670792618143 0.37635343731206133 0.9237141846436541 0.37635343731206133 0.9292083954073338 0.37566666096660134 0.9347026061710135 0.37223277923930154 0.9367629352073934
0 0.42854843956701866 0.9353893825164734 0.4251145578397189 0.9271480663709539 0.42648811053063884 0.9195935265708942 0.4312955449488585 0.9086051050435349 0.4367897557125383 0.9113522104253746 0.43885008474891823 0.9209670792618142 0.43885008474891823 0.9278348427164138 0.43816330840345824 0.9360761588619335
0 0.42923521591247865 0.903797670625315 0.4230542288033389 0.9010505652434753 0.41824679438511925 0.8976166835161754 0.4182467943851192 0.8921224727524957 0.4196203470760391 0.886628261988816 0.4230542288033389 0.8838811566069762 0.42511455783971885 0.8825076039160562 0.43060876860339864 0.8818208275705961 0.4347294266761584 0.8831943802615161 0.43885008474891823 0.885254709297896 0.43816330840345824 0.8907489200615757 0.4354162030216184 0.8989902362070952
0 0.46826171875 0.843505859375 0.473388671875 0.84130859375 0.48095703125 0.831787109375 0.47998046875 0.827392578125 0.474365234375 0.82421875 0.466064453125 0.82470703125 0.4599609375 0.831787109375 0.462890625 0.841552734375
0 0.46906824394915664 0.9189067502254342 0.4628872568400171 0.9175331975345145 0.4567062697308773 0.9092918813889949 0.4594533751127171 0.8989902362070954 0.46494758587639684 0.8969299071707155 0.4731889020219165 0.8962431308252554 0.4786831127855963 0.8996770125525553 0.48074344182197615 0.9044844469707749 0.48074344182197615 0.9092918813889947 0.4759360074037564 0.9127257631162946
0 0.4718153493309965 0.9347026061710135 0.4670079149127768 0.9312687244437139 0.4656343622218569 0.926461290025494 0.4697550202946167 0.9195935265708943 0.47318890202191655 0.9140993158072145 0.4793698891310561 0.9092918813889947 0.483490547203816 0.9086051050435349 0.48761120527657564 0.9092918813889949 0.48967153431295574 0.9134125394617547 0.48967153431295574 0.9189067502254344 0.4862376525856559 0.9237141846436541 0.4848640998947359 0.925774513680034 0.48143021816743614 0.9285216190618739 0.4786831127855963 0.9312687244437138 0.4752492310582964 0.9326422771346337
0 0.025410724782018734 0.9724753051713115 0.019229737672879055 0.9683546470985518 0.01510907960011925 0.964920765371252 0.014422303254659284 0.9614868836439521 0.014422303254659284 0.9553058965348126 0.017856184981959115 0.9511852384620527 0.023350395745638845 0.9498116857711327 0.027471053818398636 0.9498116857711327 0.03159171189115844 0.9525587911529726 0.0343388172729983 0.9573662255711923 0.035025593618458264 0.9649207653712519 0.03365204092753833 0.9676678707530919
0 0.20053869287431003 0.8900621437161157 0.19985191652885007 0.8818208275705961 0.1957312584560903 0.8783869458432965 0.19710481114701023 0.8722059587341566 0.20053869287431006 0.8694588533523168 0.20671967998344973 0.8742662877705365 0.20878000901982965 0.8777001694978364 0.20878000901982963 0.8845679329524361 0.20603290363798976 0.8880018146797359
0 0.0908203125 0.897705078125 0.0966796875 0.894287109375 0.0966796875 0.890869140625 0.10107421875 0.884033203125 0.09912109375 0.875244140625 0.094482421875 0.869140625 0.090087890625 0.869140625 0.087890625 0.871337890625 0.08349609375 0.881591796875 0.08349609375 0.894287109375
0 0.10782388623721463 0.8584704318249572 0.10301645181899488 0.8619043135522573 0.09820901740077512 0.8639646425886369 0.09546191201893525 0.8632778662431771 0.09477513567347529 0.8577836554794974 0.09614868836439522 0.8564101027885775 0.09889579374623508 0.8550365500976574 0.10370322816445485 0.8550365500976574
0 0.12568007121917377 0.8667117479704769 0.11881230776457412 0.8653381952795569 0.11331809700089437 0.863277866243177 0.11057099161905451 0.8619043135522573 0.10919743892813458 0.8584704318249574 0.11263132065543441 0.8550365500976576 0.1188123077645741 0.8564101027885775 0.12430651852825383 0.8584704318249574 0.12774040025555367 0.8612175372067972
0 0.0260975011274787 0.8722059587341566 0.01991651401833902 0.8728927350796165 0.014422303254659277 0.8728927350796166 0.011675197872819433 0.8687720770068569 0.01098842152735946 0.863277866243177 0.013048750563739352 0.8598439845158773 0.01716940863649915 0.8584704318249573 0.021290066709258947 0.8584704318249573 0.025410724782018737 0.8605307608613373 0.02953138285477853 0.863277866243177 0.030904935545698467 0.8673985243159369
0 0.032965264582078366 0.8557233264431174 0.04189335707305791 0.847482010297598 0.04807434418219762 0.8378671414611584 0.046014015145817724 0.8344332597338586 0.04120658072759796 0.8344332597338586 0.03708592265483816 0.8371803651156985 0.03365204092753834 0.8419877995339182 0.030904935545698474 0.8433613522248382 0.02815783016385861 0.847482010297598 0.02747105381839863 0.8495423393339778 0.028157830163858595 0.8536629974067377 0.03090493554569846 0.8557233264431174
0 0.030218159200238497 0.8914356964070356 0.027471053818398636 0.886628261988816 0.028157830163858602 0.8811340512251362 0.0322784882366184 0.8777001694978364 0.03571236996391823 0.8797604985342162 0.0363991463093782 0.8873150383342758
0 0.06387020012777682 0.8550365500976574 0.0563156603277172 0.8557233264431174 0.050821449564037474 0.8543497737521976 0.048074344182197616 0.8522894447158176 0.04807434418219762 0.8481687866430578 0.04807434418219762 0.8433613522248382 0.05150822590949744 0.8419877995339182 0.05494210763679727 0.8419877995339182 0.0583759893640971 0.8454216812612181 0.06112309474593697 0.846108457606678 0.06455697647323679 0.8495423393339778
0 0.040519804382137994 0.8206977328246592 0.03365204092753834 0.8206977328246592 0.0302181592002385 0.8200109564791993 0.019229737672879055 0.8200109564791993 0.01510907960011925 0.8213845091701192 0.011675197872819426 0.8172638510973594 0.012361974218279392 0.8110828639882196 0.013735526909199318 0.8062754295699999 0.015795855945579217 0.8042151005336201 0.017856184981959115 0.8035283241881601 0.026097501127478703 0.8035283241881601 0.030904935545698467 0.80421510053362 0.039146251691218055 0.8083357586063797 0.04051980438213799 0.8145167457155195
0 0.19435770576517034 0.8577836554794973 0.18680316596511073 0.8536629974067376 0.18336928423781088 0.8467952339521378 0.1854296132741908 0.8378671414611585 0.19229737672879046 0.8385539178066184 0.19847836383793016 0.8426745758793782 0.2053461272925298 0.8461084576066781 0.19847836383793013 0.8570968791340374
0 0.16207921752855195 0.8426745758793781 0.15246434869211245 0.8323729306974785 0.15795855945579218 0.824131614551959 0.1648263229103918 0.824818390897419 0.1730676390559114 0.8309993780065588 0.1730676390559114 0.8378671414611585 0.16826020463769167 0.8413010231884582
0 0.08584704318249572 0.7925399026608005 0.08241316145519591 0.7884192445880409 0.08241316145519591 0.7822382574789011 0.08653381952795572 0.7808647047879811 0.09134125394617548 0.7836118101698211 0.09134125394617547 0.7897927972789608
0 0.048761120527657575 0.7602614144241822 0.05768921301863714 0.7554539800059625 0.060436318400477 0.7582010853878024 0.05700243667317717 0.7643820724969419 0.05219500225495741 0.7691895069151617 0.046700791491277684 0.7685027305697019 0.044640462454897785 0.765068848842402
0 0.15771484375 0.788818359375 0.17333984375 0.775146484375 0.17626953125 0.767822265625 0.172607421875 0.7626953125 0.159912109375 0.76171875 0.154296875 0.765380859375 0.15234375 0.784423828125
0 0.12224618949187392 0.7781175994061413 0.1174387550736542 0.7774308230606813 0.12018586045549406 0.7678159542242418 0.12499329487371381 0.7623217434605623 0.1284271766010136 0.7678159542242418 0.12911395294647354 0.7733101649879215 0.12636684756463373 0.7781175994061413
0 0.1366684927465332 0.7375977950240034 0.1304875056373935 0.7375977950240034 0.1284271766010136 0.7327903606057836 0.13117428198285347 0.7286697025330238 0.13598171640107323 0.7272961498421038 0.13735526909199317 0.7327903606057835
0 0.23213040476546848 0.7966605607335604 0.2238890886199489 0.7911663499698807 0.221141983238109 0.7891060209335008 0.2170213251653492 0.784985362860741 0.21839487785626913 0.7788043757516013 0.22251553592902892 0.7760572703697615 0.22594941765632875 0.7746837176788415 0.23213040476546848 0.7733101649879215 0.23625106283822833 0.7746837176788415 0.23693783918368827 0.7760572703697615 0.23693783918368821 0.7822382574789011 0.23899816822006809 0.7870456918971209 0.23899816822006809 0.7891060209335008
0 0.25616757685656727 0.8206977328246592 0.2568543532020272 0.8131431930245996 0.2596014585838671 0.8076489822609199 0.2733369854930664 0.8035283241881601 0.2781444199112862 0.8042151005336201 0.282265077984046 0.8090225349518398 0.2774576435658262 0.8131431930245996 0.27058988011122653 0.8152035220609795 0.26440889300208686 0.8200109564791993 0.25891468223840713 0.8206977328246592
0 0.07760572703697613 0.6565581862597273 0.07485862165513626 0.6483168701142077 0.07966605607335603 0.6380152249323083 0.08516026683703577 0.6380152249323083 0.08722059587341567 0.6428226593505281 0.08584704318249574 0.6510639754960477 0.08172638510973594 0.6558714099142674
0 0.08447349049157579 0.7005118723691651 0.07829250338243611 0.706006083132845 0.07348506896421636 0.7073796358237648 0.06936441089145656 0.704632530441925 0.07005118723691653 0.6991383196782451 0.07829250338243611 0.6957044379509454 0.08309993780065587 0.6950176616054855
0 0.17333984375 0.678466796875 0.1767578125 0.674560546875 0.17578125 0.667236328125 0.172119140625 0.66357421875 0.165283203125 0.6640625 0.1630859375 0.667236328125 0.1650390625 0.675537109375 0.168701171875 0.6787109375
0 0.20053869287431003 0.6751011475871465 0.19298415307425043 0.6709804895143867 0.19298415307425043 0.665486278750707 0.1977915874924702 0.662739173368867 0.2032857982561499 0.662052397023407 0.20465935094706986 0.665486278750707 0.20465935094706986 0.6716672658598466
0 0.205078125 0.629638671875 0.20849609375 0.627685546875 0.2060546875 0.616455078125 0.200439453125 0.6123046875 0.195556640625 0.61328125 0.193359375 0.615478515625 0.19482421875 0.626220703125 0.199951171875 0.6298828125
0 0.32484521140256384 0.6950176616054854 0.32141132967526403 0.6908970035327257 0.32141132967526403 0.6847160164235859 0.32553198774802383 0.6847160164235859 0.32965264582078363 0.6888366744963458 0.3296526458207836 0.6915837798781856
0 0.27677086722036626 0.7005118723691651 0.2843254070204259 0.6977647669873254 0.2870725124022657 0.6943308852600254 0.2856989597113458 0.6895234508418058 0.28089152529312605 0.6881498981508858 0.27471053818398633 0.6922705562236456 0.27333698549306645 0.6963912142964054
0 0.3646782394392419 0.6490036464596677 0.35918402867556215 0.644196212041448 0.36193113405740207 0.6387020012777682 0.36673856847562175 0.6380152249323083 0.36879889751200173 0.6421358830050681
0 0.38184764807574106 0.762321743460562 0.3839079771121209 0.7554539800059625 0.38871541153034067 0.7492729928968227 0.3955831749849404 0.745839111169523 0.4003906094031601 0.7465258875149829 0.403137714785 0.7540804273150425 0.4010773857486201 0.7609481907696423 0.3962699513304003 0.764382072496942 0.39008896422126066 0.7664424015333219
0 0.34132784369360303 0.7788043757516012 0.34064106734814315 0.7726233886424616 0.3447617254209029 0.7678159542242418 0.34819560714820275 0.7616349671151021 0.3502559361845825 0.7582010853878023 0.3571236996391823 0.7602614144241822 0.36124435771194197 0.763008519806022 0.3584972523301022 0.7705630596060816 0.3543765942573424 0.7712498359515416 0.3495691598391227 0.7739969413333815 0.3468220544572828 0.7767440467152213
0 0.3598708050210221 0.7554539800059624 0.35437659425734236 0.7472126638604428 0.35849725233010216 0.7430920057876831 0.36467823943924194 0.745152334824063 0.36879889751200173 0.7513333219332027 0.362617910402862 0.7540804273150425
0 0.33446008023900337 0.7472126638604428 0.32415843505710396 0.7472126638604428 0.32003777698434416 0.743778782133143 0.3214113296752641 0.7362242423330834 0.32759231678440376 0.7341639132967035 0.3337733038935434 0.7362242423330834 0.3385807383117633 0.7403449004058432
0 0.42442778149425886 0.7863589155516608 0.41893357073057913 0.784985362860741 0.4134393599668995 0.7822382574789011 0.4134393599668995 0.7788043757516014 0.4154996890032794 0.7753704940243014 0.4196203470760392 0.7733101649879217 0.423054228803339 0.7726233886424616 0.4278616632215588 0.7746837176788415 0.4306087686033986 0.7774308230606815 0.4299219922579386 0.7822382574789011 0.42854843956701866 0.7829250338243612
0 0.46151370414909704 0.80146799515178 0.45670626973087736 0.7959737843881004 0.4587665987672572 0.7897927972789607 0.4656343622218569 0.7897927972789607 0.46632113856731683 0.7946002316971804
0 0.4601401514581771 0.7513333219332026 0.45327238800357755 0.7499597692422828 0.4539591643490375 0.7458391111695228 0.4608269278036371 0.7417184530967632 0.4670079149127768 0.7382845713694635 0.4711285729855366 0.7369110186785435 0.4773095600946763 0.7355374659876235 0.4814302181674361 0.7369110186785435 0.48074344182197615 0.7403449004058432 0.4738756783673765 0.7465258875149829 0.46838146760369676 0.7492729928968227
0 0.5150822590949743 0.8076489822609197 0.5068409429494549 0.80421510053362 0.503407061222155 0.8007812188063201 0.503407061222155 0.7966605607335604 0.5082144956403748 0.7918531263153407 0.5143954827495144 0.7925399026608005 0.5185161408222743 0.7966605607335604 0.5185161408222743 0.8000944424608603
0 0.4889847579674957 0.8261919435883389 0.484177323549276 0.8227580618610392 0.4834905472038159 0.8145167457155196 0.483490547203816 0.8097093112973 0.4855508762401959 0.8042151005336202 0.48898475796749574 0.8014679951517802 0.49447896873117547 0.7966605607335604 0.49722607411301534 0.8021547714972401 0.4999731794948553 0.80696220591546 0.4999731794948552 0.8117696403336796 0.4999731794948552 0.8165770747518994 0.49791285045847533 0.8213845091701192 0.49516574507663547 0.8234448382064992 0.4910450870038756 0.825505167242879
0 0.5233235752404939 0.7575143090423422 0.5143954827495144 0.763695296151482 0.5082144956403748 0.761634967115102 0.5047806139130749 0.7575143090423422 0.5047806139130749 0.7506465455877426 0.5075277192949148 0.7465258875149829 0.5116483773676745 0.743778782133143 0.5171425881313543 0.7472126638604428 0.522636798895034 0.7527068746241226
0 0.56982421875 0.743408203125 0.57470703125 0.740478515625 0.57958984375 0.730224609375 0.5791015625 0.725830078125 0.572021484375 0.72216796875 0.568115234375 0.72265625 0.56298828125 0.729248046875 0.56298828125 0.738525390625 0.565185546875 0.7421875
0 0.5068409429494547 0.7142473992783644 0.5020335085312351 0.7101267412056046 0.5013467321857751 0.7011986487146252 0.5061541666039948 0.6984515433327854 0.5109616010222147 0.6977647669873253 0.5150822590949744 0.7011986487146251 0.5150822590949744 0.7066928594783048 0.5143954827495144 0.7108135175510646
0 0.5782656828772912 0.8268787199337988 0.5755185774954514 0.8220712855155792 0.5734582484590716 0.8152035220609795 0.5762053538409115 0.8090225349518398 0.5796392355682112 0.8097093112972997 0.5816995646045912 0.8124564166791397 0.583073117295511 0.8179506274428194 0.583073117295511 0.8234448382064992 0.582386340950051 0.8282522726247188
0 0.6123046875 0.807373046875 0.6142578125 0.803466796875 0.61376953125 0.785400390625 0.608154296875 0.77880859375 0.598388671875 0.77685546875 0.59375 0.780517578125 0.59375 0.784912109375 0.60791015625 0.805419921875
0 0.6201171875 0.829345703125 0.62548828125 0.826416015625 0.62548828125 0.820068359375 0.62255859375 0.814697265625 0.614990234375 0.80712890625 0.611083984375 0.8056640625 0.60791015625 0.820556640625 0.615966796875 0.828125
0 0.7355374659876234 0.8213845091701191 0.7300432552239439 0.8179506274428193 0.7300432552239439 0.8131431930245995 0.7327903606057837 0.8097093112972997 0.7389713477149232 0.8049018768790801 0.746525887514983 0.80421510053362 0.7478994402059028 0.8090225349518397 0.7430920057876831 0.8124564166791396 0.7410316767513032 0.8193241801337392
0 0.609375 0.547119140625 0.61572265625 0.544189453125 0.61962890625 0.536376953125 0.62060546875 0.518798828125 0.615966796875 0.515625 0.601806640625 0.517578125 0.5908203125 0.533447265625 0.5908203125 0.539306640625 0.593505859375 0.5439453125 0.600341796875 0.546875
0 0.62060546875 0.695556640625 0.62548828125 0.692138671875 0.6279296875 0.686279296875 0.6279296875 0.678955078125 0.624267578125 0.67626953125 0.619873046875 0.67822265625 0.61767578125 0.681884765625 0.61767578125 0.691162109375
0 0.6929573325691054 0.7080664121692247 0.6867763454599659 0.7094399648601447 0.6812821346962862 0.7135606229329046 0.6757879239326066 0.7128738465874445 0.6730408185507666 0.7101267412056047 0.6723540422053066 0.705319306787385 0.6778482529689863 0.6984515433327851 0.683342463732666 0.6963912142964053 0.684029240078126 0.6957044379509454 0.6895234508418058 0.6936441089145655 0.6963912142964055 0.6984515433327854 0.6963912142964055 0.7080664121692248
0 0.7355374659876234 0.7547672036605024 0.7266093734966439 0.7547672036605024 0.722488715423884 0.7465258875149829 0.7272961498421039 0.745152334824063 0.7355374659876235 0.7465258875149829
0 0.9892578125 0.539306640625 1 0.534912109375 1 0.519775390625 0.997314453125 0.517578125 0.991943359375 0.51708984375 0.985595703125 0.52001953125 0.97900390625 0.529052734375 0.97900390625 0.533447265625 0.9814453125 0.537353515625
0 0.39453125 0.525634765625 0.407958984375 0.52197265625 0.412109375 0.517822265625 0.412109375 0.510009765625 0.404052734375 0.5029296875 0.396728515625 0.5048828125 0.38427734375 0.513427734375 0.3837890625 0.517822265625 0.3876953125 0.524169921875
0 0.8251953125 0.669677734375 0.83251953125 0.664794921875 0.8359375 0.655029296875 0.833984375 0.647216796875 0.831298828125 0.64453125 0.823974609375 0.642578125 0.8134765625 0.648193359375 0.8115234375 0.659423828125 0.820068359375 0.6689453125
0 0.8055886532245399 0.8749530641159964 0.7959737843881004 0.8735795114250765 0.7959737843881004 0.8673985243159368 0.7987208897699403 0.8632778662431771 0.8035283241881601 0.8646514189340969 0.80833575860638 0.8708324060432366
0 0.78515625 0.838623046875 0.7900390625 0.835205078125 0.7958984375 0.820068359375 0.79541015625 0.812255859375 0.790771484375 0.810546875 0.785400390625 0.81201171875 0.7763671875 0.822509765625 0.7783203125 0.836669921875 0.781005859375 0.8388671875
0 0.7815514811334411 0.8694588533523167 0.7739969413333816 0.8687720770068568 0.7733101649879217 0.8612175372067973 0.7767440467152213 0.8529762210612776 0.7822382574789011 0.8509158920248978 0.7856721392062008 0.8591572081704173
0 0.7575143090423423 0.8742662877705365 0.7547672036605025 0.8694588533523169 0.7561407563514224 0.863277866243177 0.7609481907696422 0.8625910898977172 0.7650688488424021 0.863277866243177 0.7664424015333218 0.8687720770068568 0.7636952961514819 0.8722059587341566
0 0.7582010853878022 0.861904313552257 0.7547672036605027 0.8564101027885773 0.7561407563514225 0.8516026683703577 0.764382072496942 0.8488555629885179 0.7685027305697019 0.8509158920248978 0.7705630596060817 0.8550365500976576 0.7664424015333219 0.8598439845158774
0 0.92041015625 0.804443359375 0.92578125 0.800537109375 0.92822265625 0.789306640625 0.924560546875 0.78515625 0.914306640625 0.78076171875 0.909912109375 0.78125 0.90673828125 0.785888671875 0.908203125 0.797119140625 0.913330078125 0.80322265625
0 0.8117696403336795 0.7746837176788415 0.80490187687908 0.7815514811334412 0.7946002316971805 0.7794911520970613 0.7897927972789609 0.7691895069151617 0.7959737843881004 0.7671291778787819 0.8021547714972401 0.767815954224242 0.8131431930245996 0.7760572703697615
0 0.7897927972789607 0.7952870080426404 0.7822382574789011 0.7911663499698807 0.7733101649879217 0.786358915551661 0.7691895069151617 0.7808647047879812 0.7698762832606217 0.7739969413333815 0.7760572703697615 0.7753704940243016 0.7842985865152811 0.7801779284425213 0.7911663499698807 0.784985362860741 0.7932266790062606 0.7918531263153408 0.7904795736244207 0.7987208897699404
0 0.9656075417167119 0.8502291156794377 0.9621736599894123 0.8570968791340374 0.9566794492257324 0.8605307608613373 0.9504984621165928 0.8598439845158774 0.949124909425673 0.8557233264431175 0.950498462116593 0.8495423393339778 0.9559926728802727 0.845421681261218 0.9608001072984924 0.8433613522248381 0.9628604363348724 0.844734904915758
0 0.9608001072984921 0.8172638510973593 0.9539323438438927 0.8179506274428192 0.9456910276983731 0.8179506274428194 0.9456910276983731 0.8138299693700595 0.949124909425673 0.8076489822609199 0.9525587911529727 0.80558865322454 0.9566794492257326 0.8049018768790799 0.9573662255711926 0.8117696403336796
0 0.7952870080426404 0.760948190769642 0.7870456918971209 0.7616349671151021 0.7808647047879812 0.7568275326968823 0.7808647047879812 0.7513333219332028 0.7877324682425808 0.7396581240603832 0.7966605607335604 0.7410316767513032 0.8028415478427001 0.7417184530967631 0.8097093112972997 0.7382845713694632 0.8138299693700596 0.7403449004058432 0.80764898226092 0.7513333219332027 0.8028415478427002 0.7561407563514224
0 0.8200109564791991 0.7650688488424019 0.8138299693700596 0.765068848842402 0.8083357586063799 0.7643820724969421 0.8035283241881601 0.7609481907696423 0.8035283241881601 0.7561407563514224 0.80558865322454 0.7513333219332028 0.8110828639882197 0.7506465455877427 0.8152035220609795 0.7499597692422826 0.8206977328246592 0.7499597692422827 0.8220712855155793 0.7540804273150425 0.8220712855155793 0.7582010853878023
0 0.7946002316971804 0.7375977950240032 0.7897927972789608 0.7300432552239438 0.7904795736244208 0.724549044460264 0.7946002316971806 0.7190548336965843 0.8000944424608603 0.7156209519692844 0.80421510053362 0.7190548336965843 0.80421510053362 0.725922597151184 0.8028415478427001 0.7334771369512436
0 0.9482421875 0.523681640625 0.96630859375 0.505615234375 0.97265625 0.494384765625 0.96923828125 0.475830078125 0.966064453125 0.47216796875 0.957275390625 0.4677734375 0.947509765625 0.47021484375 0.93798828125 0.478759765625 0.92919921875 0.504638671875 0.93212890625 0.515869140625 0.93603515625 0.521728515625 0.938232421875 0.5234375
0 1 0.710693359375 0.999755859375 0.68603515625 0.9912109375 0.690673828125 0.98974609375 0.698974609375 0.9921875 0.706298828125
0 0.9931640625 0.783935546875 1 0.779541015625 0.999755859375 0.7548828125 0.9921875 0.760009765625 0.98974609375 0.765869140625 0.9892578125 0.781982421875
0 0.9298951717527937 0.8591572081704172 0.9202803029163543 0.8564101027885774 0.906544776007155 0.8516026683703577 0.905857999661695 0.8454216812612179 0.9127257631162946 0.8385539178066183 0.9189067502254343 0.8371803651156984 0.9271480663709539 0.8371803651156984 0.9326422771346338 0.8399274704975382 0.9326422771346337 0.846108457606678 0.9312687244437137 0.8543497737521976
0 0.8852547092978958 0.8440481285702979 0.8818208275705962 0.8419877995339182 0.8804472748796762 0.8364935887702384 0.8831943802615161 0.8330597070429386 0.8886885910251959 0.8344332597338584 0.8886885910251959 0.8392406941520782
0 0.8969299071707153 0.8591572081704172 0.8900621437161159 0.8577836554794973 0.887315038334276 0.8543497737521976 0.8873150383342759 0.8495423393339778 0.8914356964070358 0.8481687866430578 0.8962431308252555 0.8495423393339778 0.8989902362070953 0.8529762210612777
0 0.9044844469707749 0.8680853006613968 0.8983034598616353 0.864651418934097 0.8983034598616353 0.8577836554794973 0.9024241179343951 0.8557233264431174 0.904484446970775 0.8550365500976574 0.9092918813889949 0.8577836554794973
0 0.9051712233162349 0.8378671414611583 0.8976166835161755 0.8358068124247784 0.8983034598616354 0.8275654962792589 0.9024241179343953 0.8268787199337988 0.9086051050435348 0.8303126016610987 0.9086051050435349 0.8344332597338584
0 0.93896484375 0.779052734375 0.943603515625 0.77783203125 0.94970703125 0.769287109375 0.95068359375 0.761474609375 0.945556640625 0.75634765625 0.932861328125 0.76171875 0.92919921875 0.765869140625 0.9306640625 0.775146484375 0.933837890625 0.7783203125
0 0.9704149761349317 0.7698762832606216 0.9614868836439521 0.7671291778787819 0.9601133309530324 0.7582010853878024 0.963547212680332 0.7506465455877427 0.9690414234440118 0.7492729928968227 0.9738488578622316 0.7568275326968823 0.9752224105531517 0.7616349671151021 0.9752224105531516 0.7664424015333219
0 0.88623046875 0.763916015625 0.89453125 0.753662109375 0.89404296875 0.748291015625 0.886474609375 0.7431640625 0.882568359375 0.744140625 0.87939453125 0.748779296875 0.8798828125 0.761474609375 0.882080078125 0.76416015625
0 0.9134125394617545 0.7650688488424019 0.9031108942798552 0.7616349671151021 0.9031108942798551 0.7568275326968825 0.9044844469707751 0.7520200982786627 0.907231552352615 0.7424052294422231 0.9127257631162947 0.7355374659876235 0.9175331975345143 0.7362242423330835 0.9175331975345145 0.7444655584786031 0.9182199738799744 0.7540804273150425 0.9161596448435946 0.7609481907696423
0 0.9658203125 0.722900390625 0.978271484375 0.720703125 0.98193359375 0.711669921875 0.9794921875 0.699462890625 0.972412109375 0.6953125 0.965087890625 0.6962890625 0.95654296875 0.705322265625 0.95947265625 0.717529296875
0 0.8680853006613968 0.7382845713694632 0.8598439845158775 0.7355374659876235 0.8591572081704172 0.7314168079148637 0.8598439845158772 0.724549044460264 0.862591089897717 0.7183680573511244 0.8680853006613968 0.7169945046602044 0.8749530641159965 0.7211151627329642 0.8749530641159965 0.7300432552239438
0 0.843361352224838 0.7375977950240032 0.8371803651156985 0.7403449004058433 0.8337464833883985 0.7355374659876235 0.8351200360793185 0.7314168079148635 0.8399274704975382 0.7279829261875637 0.8433613522248381 0.723862268114804 0.846795233952138 0.7252358208057239 0.846108457606678 0.7334771369512436
0 0.8248183908974189 0.7149341756238243 0.8206977328246592 0.7115002938965247 0.8186374037882793 0.705319306787385 0.8200109564791992 0.7005118723691651 0.823444838206499 0.6984515433327853 0.8316861543520185 0.7011986487146251 0.8330597070429387 0.704632530441925 0.8330597070429387 0.7087531885146847
0 0.8309993780065585 0.7279829261875637 0.8227580618610391 0.7259225971511839 0.8193241801337394 0.7238622681148041 0.8186374037882792 0.7176812810056644 0.8255051672428788 0.7149341756238244 0.8289390489701787 0.7128738465874447 0.8351200360793185 0.7128738465874446 0.8378671414611584 0.7128738465874447 0.8392406941520784 0.7156209519692844 0.8385539178066184 0.7204283863875043 0.8337464833883985 0.725922597151184
0 0.8536629974067375 0.6373284485868482 0.8440481285702981 0.6387020012777682 0.8378671414611585 0.6380152249323083 0.8371803651156985 0.6338945668595485 0.8392406941520784 0.6290871324413287 0.8426745758793782 0.6242796980231089 0.8467952339521381 0.622219368986729 0.8509158920248978 0.6208458162958091 0.8570968791340374 0.6201590399503492 0.8612175372067972 0.622219368986729 0.8577836554794973 0.6290871324413287
0 0.8837890625 0.634033203125 0.888671875 0.630615234375 0.89013671875 0.623779296875 0.887451171875 0.6201171875 0.882080078125 0.619140625 0.876953125 0.622802734375 0.8759765625 0.628662109375 0.878173828125 0.63232421875
0 0.93798828125 0.666748046875 0.94482421875 0.661376953125 0.94580078125 0.655029296875 0.941650390625 0.650390625 0.929931640625 0.64697265625 0.9248046875 0.651611328125 0.92529296875 0.658935546875 0.928466796875 0.6630859375
0 0.84375 0.691162109375 0.84912109375 0.685791015625 0.849609375 0.676025390625 0.843017578125 0.66796875 0.835205078125 0.66650390625 0.8310546875 0.669677734375 0.8310546875 0.678466796875 0.837890625 0.689208984375
0 0.5968086442047102 0.6538110808778874 0.5885673280591908 0.6538110808778875 0.5858202226773509 0.6483168701142077 0.5892541044046508 0.642822659350528 0.5961218678592504 0.6428226593505281 0.5981821968956302 0.6483168701142077
0 0.5713979194226916 0.5892541044046506 0.5686508140408517 0.581699564604591 0.5707111430772317 0.5768921301863714 0.5762053538409114 0.5748318011499914 0.5810127882591312 0.5768921301863713 0.5816995646045913 0.5810127882591312 0.5755185774954515 0.584446669986431
0 0.6373284485868482 0.5961218678592504 0.6290871324413287 0.6009293022774702 0.6201590399503493 0.5947483151683305 0.6215325926412691 0.5871937753682708 0.6290871324413287 0.5851334463318909 0.6359548958959284 0.5865069990228109
0 0.6448829883869078 0.6187854872594292 0.6366416722413885 0.6160383818775894 0.6366416722413883 0.6077970657320697 0.6428226593505282 0.60367640765931 0.6476300937687478 0.60230285496839 0.6538110808778875 0.6064235130411499 0.6490036464596678 0.6153516055321295
0 0.69921875 0.655029296875 0.7060546875 0.648681640625 0.708984375 0.642333984375 0.705322265625 0.63720703125 0.698974609375 0.6337890625 0.690673828125 0.6337890625 0.6875 0.638916015625 0.689453125 0.649658203125 0.694091796875 0.6552734375
0 0.6984515433327851 0.6277135797504088 0.6936441089145655 0.622906145332189 0.6895234508418058 0.6180987109139693 0.6881498981508859 0.6112309474593696 0.6895234508418059 0.6077970657320698 0.6957044379509455 0.6091706184229897 0.6991383196782454 0.6146648291866694 0.7018854250600852 0.6208458162958091
0 0.71533203125 0.612060546875 0.71923828125 0.610107421875 0.71875 0.603759765625 0.710205078125 0.59228515625 0.707275390625 0.5927734375 0.705078125 0.608642578125 0.707763671875 0.611328125
0 0.7657556251878619 0.6503771991505876 0.7602614144241824 0.6441962120414481 0.7623217434605621 0.6338945668595485 0.7630085198060221 0.6290871324413287 0.7664424015333219 0.622219368986729 0.7719366122970016 0.623592921677649 0.7767440467152213 0.6263400270594889 0.7794911520970612 0.6318342378231686 0.7774308230606813 0.6421358830050681 0.7753704940243015 0.6483168701142077 0.7698762832606217 0.6544978572233475
0 0.44921875 0.564208984375 0.454833984375 0.5625 0.4580078125 0.558349609375 0.45947265625 0.548583984375 0.455810546875 0.544921875 0.447021484375 0.54736328125 0.4404296875 0.553466796875 0.4404296875 0.561767578125 0.443603515625 0.56396484375
0 0.5458984375 0.520263671875 0.552734375 0.514404296875 0.55126953125 0.504638671875 0.546142578125 0.50146484375 0.533935546875 0.50341796875 0.53173828125 0.505615234375 0.53173828125 0.510009765625 0.53466796875 0.515380859375 0.540283203125 0.52001953125
0 0.52587890625 0.494873046875 0.53173828125 0.489501953125 0.533203125 0.478271484375 0.525146484375 0.47314453125 0.51513671875 0.478271484375 0.51171875 0.488525390625 0.516845703125 0.494140625
0 0.92236328125 0.045654296875 0.925537109375 0.044921875 0.9296875 0.039306640625 0.93408203125 0.015380859375 0.930419921875 0.01220703125 0.917724609375 0.01123046875 0.90478515625 0.026123046875 0.900390625 0.039794921875 0.905517578125 0.04248046875 0.917724609375 0.04296875
0 0.81640625 0.198486328125 0.831298828125 0.18896484375 0.8359375 0.181396484375 0.83935546875 0.169677734375 0.83935546875 0.162841796875 0.835693359375 0.15869140625 0.821044921875 0.16357421875 0.814453125 0.172607421875 0.81005859375 0.193603515625 0.812255859375 0.1982421875
0 0.4347294266761584 0.19367092941971034 0.4271748868760988 0.19023704769241054 0.4278616632215588 0.18474283692873086 0.43198232129431857 0.17993540251051107 0.4395368610943781 0.1751279680922913 0.4395368610943782 0.1833692842378109 0.4395368610943782 0.18886349500149063
0 0.40313771478499993 0.18336928423781088 0.40107738574862006 0.17238086271045142 0.4058848201668398 0.15933211214671208 0.4148129126578194 0.1572717831103322 0.42580133418517885 0.15864533580125212 0.4244277814942589 0.1668866519467717 0.41756001803965925 0.16757342829223168 0.41412613631235945 0.1730676390559114 0.4134393599668995 0.17856184981959114
0 0.4663211385673168 0.2527336951292674 0.4615137041490971 0.2486130370565076 0.46426080953093696 0.2389981682200681 0.46769469125823676 0.22800974669270868 0.47318890202191644 0.2259494176563288 0.47662278374921635 0.2321304047654685 0.47662278374921635 0.23968494456552816 0.47662278374921635 0.24792626071104776 0.4711285729855367 0.2520469187838076
0 0.4716796875 0.286865234375 0.481689453125 0.28271484375 0.4833984375 0.280029296875 0.486328125 0.269775390625 0.482177734375 0.2626953125 0.473876953125 0.26318359375 0.469482421875 0.265625 0.466796875 0.270263671875 0.46484375 0.279052734375 0.46826171875 0.285400390625
0 0.40931870189413966 0.27127665645668647 0.40657159651229985 0.26372211665662687 0.41000547823959965 0.25822790589294714 0.4154996890032794 0.25548080051110733 0.41893357073057913 0.262348563965707 0.4154996890032793 0.26852955107484666
0 0.8179506274428192 0.581699564604591 0.80627542957 0.584446669986431 0.7939134553517205 0.5803260119136712 0.7925399026608007 0.5700243667317717 0.8014679951517801 0.565903708659012 0.8110828639882197 0.565903708659012 0.8193241801337394 0.5665904850044718 0.8241316145519592 0.5693375903863118 0.8227580618610391 0.5727714721136116
0 0.8433613522248381 0.5940615388228705 0.8337464833883985 0.5913144334410306 0.8268787199337989 0.5899408807501108 0.8193241801337394 0.5865069990228109 0.8172638510973594 0.584446669986431 0.8186374037882794 0.5803260119136711 0.8220712855155793 0.5755185774954513 0.826191943588339 0.5748318011499913 0.8330597070429387 0.581699564604591 0.8406142468429983 0.5844466699864309 0.8447349049157581 0.5871937753682708
0 0.8364935887702383 0.6064235130411497 0.8289390489701789 0.6084838420775298 0.8179506274428193 0.6105441711139096 0.8124564166791395 0.6071102893866098 0.8213845091701192 0.60298963131385 0.8268787199337989 0.6016160786229301 0.8330597070429386 0.5974954205501704 0.8378671414611583 0.5995557495865502
0 0.6123046875 0.507080078125 0.62109375 0.498291015625 0.62158203125 0.494384765625 0.616455078125 0.48876953125 0.608642578125 0.490234375 0.60302734375 0.498779296875 0.60302734375 0.502685546875 0.605712890625 0.50634765625
0 0.08837890625 0.457275390625 0.09375 0.452880859375 0.09326171875 0.435791015625 0.089599609375 0.43115234375 0.086181640625 0.43017578125 0.07763671875 0.435791015625 0.0751953125 0.447509765625 0.079345703125 0.455078125
0 0.1123046875 0.422119140625 0.1162109375 0.420166015625 0.11767578125 0.414794921875 0.11767578125 0.409423828125 0.114501953125 0.4052734375 0.108154296875 0.40478515625 0.102783203125 0.40673828125 0.0947265625 0.415283203125 0.105224609375 0.42236328125
0 0.95068359375 0.631103515625 0.96337890625 0.622802734375 0.96875 0.615478515625 0.969482421875 0.61083984375 0.959716796875 0.607421875 0.949462890625 0.60791015625 0.947265625 0.610107421875 0.9423828125 0.622802734375 0.943359375 0.627197265625 0.946533203125 0.63037109375
0 0.9628604363348721 0.6057367366956898 0.9539323438438927 0.60367640765931 0.9504984621165927 0.5988689732410903 0.9511852384620527 0.5933747624774106 0.9580530019166523 0.5913144334410307 0.967667870753092 0.5913144334410307 0.968354647098552 0.6002425259320101
0 0.7870456918971208 0.6043631840047698 0.7781175994061413 0.60504996035023 0.7705630596060818 0.60230285496839 0.767815954224242 0.6002425259320101 0.7691895069151617 0.5940615388228705 0.7733101649879216 0.5892541044046506 0.7808647047879812 0.5851334463318909 0.7897927972789608 0.5933747624774106 0.7904795736244207 0.6016160786229301
0 0.7533936509695824 0.5920012097864905 0.7527068746241226 0.5865069990228109 0.7554539800059624 0.5789524592227513 0.7616349671151021 0.5748318011499916 0.767129177878782 0.5700243667317717 0.7760572703697615 0.5727714721136115 0.7719366122970016 0.5796392355682112 0.7671291778787819 0.5865069990228109 0.7630085198060221 0.5906276570955706 0.7595746380787223 0.5940615388228705
0 0.7279829261875639 0.5899408807501108 0.7218019390784242 0.5878805517137308 0.7169945046602045 0.5851334463318909 0.7183680573511243 0.5796392355682112 0.7252358208057239 0.581012788259131 0.7286697025330238 0.583073117295511
0 0.5796392355682111 0.6180987109139693 0.5693375903863116 0.6167251582230493 0.5679640376953918 0.6071102893866098 0.5693375903863116 0.5961218678592504 0.5755185774954513 0.5933747624774105 0.584446669986431 0.60230285496839 0.5851334463318909 0.6112309474593696
0 0.9319555007891736 0.563156603277172 0.9415703696256132 0.5583491688589522 0.947751356734753 0.5521681817498125 0.948438133080213 0.5418665365679132 0.9436306986619932 0.5384326548406133 0.9374497115528535 0.5487343000225128 0.9292083954073339 0.5569756161680324 0.9264612900254939 0.565903708659012
0 0.9862108320805107 0.5123351537131345 0.9958257009169504 0.5137087064040544 0.9992595826442505 0.5116483773676745 1 0.5054673902585349 1 0.49997317949485515 0.9971992536078703 0.49447896873117547 0.9896447138078107 0.5013467321857752
0 0.9546191201893525 0.4381633084034582 0.9553058965348126 0.43060876860339864 0.9532455674984326 0.4237410051487989 0.9525587911529727 0.4127525836214395 0.9539323438438927 0.4079451492032198 0.9580530019166523 0.40107738574862006 0.9676678707530919 0.40176416209408 0.9745356342076915 0.4058848201668398 0.9814033976622912 0.41137903093051953 0.9862108320805109 0.4148129126578194 0.9827769503532113 0.4237410051487989 0.9711017524803919 0.4271748868760987 0.9656075417167121 0.43266909763977845 0.9594265546075724 0.4361029793670783
0 0.29187994682048546 0.48005666547651604 0.29943448662054517 0.47730956009467623 0.302868368347845 0.47112857298553656 0.30492869738422484 0.4690682439491567 0.30767580276606477 0.462887256840017 0.3028683683478449 0.45739304607633724 0.2973741575841652 0.4649475858763969 0.2939402758568654 0.46769469125823676 0.2911931704750256 0.4704417966400766
0 0.32141132967526403 0.4972260741130152 0.3200377769843441 0.49173186334933555 0.3193510006388841 0.4876112052765758 0.322098106020724 0.4862376525856558 0.3275923167844037 0.48829798162203575 0.32621876409348377 0.49447896873117547
0 0.47456245471283637 0.4931054160402555 0.47936988913105616 0.48829798162203575 0.48143021816743614 0.4841773235492759 0.48074344182197615 0.4779963364401362 0.4773095600946763 0.4759360074037563 0.4738756783673765 0.48005666547651615 0.4738756783673765 0.4855508762401959
0 0.4609375 0.496826171875 0.46484375 0.493408203125 0.46484375 0.486083984375 0.463134765625 0.484375 0.457763671875 0.48486328125 0.455078125 0.489013671875 0.4560546875 0.495361328125
0 0.41275258362143946 0.47799633644013617 0.4072583728577598 0.47387567836737643 0.40657159651229985 0.4697550202946167 0.4100054782395997 0.4656343622218569 0.41687324169419926 0.4670079149127768 0.4196203470760391 0.47181534933099656
0 0.4794921875 0.438720703125 0.4833984375 0.435791015625 0.484375 0.429443359375 0.481689453125 0.42431640625 0.477294921875 0.42333984375 0.46923828125 0.428466796875 0.46875 0.432861328125 0.470947265625 0.43701171875
0 0.46563436222185683 0.4525856116581175 0.45876659876725717 0.45121205896719757 0.45876659876725717 0.4464046245489778 0.45876659876725717 0.4395368610943781 0.462200480494557 0.43610297936707837 0.4663211385673168 0.4347294266761584 0.4711285729855366 0.44091041378529805 0.4711285729855366 0.4477781772398977
0 0.8818208275705961 0.5398062075315331 0.8804472748796763 0.5336252204223935 0.8818208275705963 0.5281310096587137 0.8838811566069762 0.5253839042768739 0.8873150383342758 0.5253839042768739 0.8886885910251958 0.5322516677314735 0.887315038334276 0.5384326548406132
0 0.86376953125 0.542236328125 0.869140625 0.537353515625 0.8671875 0.531494140625 0.864013671875 0.52978515625 0.853759765625 0.52880859375 0.8466796875 0.536865234375 0.847900390625 0.5400390625
0 0.7060060831328449 0.12980072929193354 0.6963912142964053 0.13323461101923342 0.6895234508418059 0.1291139529464736 0.6902102271872658 0.12018586045549406 0.6950176616054856 0.11331809700089437 0.6991383196782454 0.11263132065543441 0.7039457540964651 0.11400487334635433 0.7066928594783048 0.11812553141911412 0.706006083132845 0.12568007121917374
0 0.7540804273150424 0.13460816371015333 0.7465258875149829 0.13598171640107326 0.7396581240603833 0.1352949400556133 0.7362242423330834 0.13254783467377346 0.7369110186785434 0.12499329487371375 0.7430920057876831 0.1243065185282538 0.7527068746241226 0.1249932948737138 0.7533936509695826 0.12568007121917374
0 0.5871937753682708 0.1531511250375724 0.5775789065318313 0.1531511250375724 0.5748318011499914 0.15109079600119255 0.5748318011499914 0.14284947985567292 0.5803260119136712 0.14010237447383309 0.5858202226773509 0.14353625620113292
0 0.60092930227747 0.4711285729855365 0.5926879861319505 0.47524923105829636 0.5913144334410306 0.47524923105829636 0.582386340950051 0.4697550202946167 0.5851334463318909 0.4635740331854769 0.5878805517137308 0.462887256840017 0.5920012097864906 0.462887256840017 0.5954350915137904 0.46494758587639695
0 0.6005859375 0.447021484375 0.608642578125 0.44384765625 0.611328125 0.440185546875 0.609375 0.427490234375 0.604248046875 0.421875 0.60009765625 0.422607421875 0.59619140625 0.431396484375 0.59619140625 0.442138671875
0 0.64013671875 0.538330078125 0.653076171875 0.53369140625 0.6552734375 0.525634765625 0.647705078125 0.5224609375 0.638916015625 0.52392578125 0.63671875 0.534423828125
0 0.673828125 0.520751953125 0.6787109375 0.517333984375 0.67822265625 0.509033203125 0.675048828125 0.5029296875 0.670166015625 0.50244140625 0.66455078125 0.506591796875 0.662109375 0.514404296875 0.664794921875 0.52001953125
0 0.64794921875 0.496337890625 0.65283203125 0.492919921875 0.65478515625 0.485595703125 0.651611328125 0.482421875 0.643310546875 0.482421875 0.64013671875 0.486083984375 0.640625 0.493408203125 0.642822265625 0.49609375
0 0.6881498981508857 0.45601949338541725 0.683342463732666 0.45395916434903744 0.682655687387206 0.4477781772398977 0.6847160164235858 0.442970742821678 0.6895234508418058 0.442283966476218 0.6915837798781855 0.44159719013075804 0.6943308852600255 0.44571784820351784 0.6943308852600255 0.44915172993081764 0.6908970035327257 0.4546459406944974
0 0.71484375 0.425048828125 0.72021484375 0.421630859375 0.72314453125 0.416259765625 0.7236328125 0.405029296875 0.719482421875 0.40185546875 0.714111328125 0.40185546875 0.706787109375 0.4052734375 0.70068359375 0.412841796875 0.7001953125 0.415771484375 0.702880859375 0.4208984375 0.708251953125 0.42431640625
0 0.883881156606976 0.4869244289311157 0.8763266168069166 0.4896715343129556 0.8735795114250766 0.4889847579674957 0.8728927350796165 0.483490547203816 0.8742662877705364 0.4779963364401363 0.8797604985342161 0.4731889020219165 0.885941485643356 0.47181534933099656 0.8880018146797359 0.4773095600946763 0.8866282619888161 0.482803770858356
0 0.7099609375 0.485595703125 0.7138671875 0.478759765625 0.7158203125 0.469970703125 0.71240234375 0.462158203125 0.705322265625 0.45947265625 0.70263671875 0.461181640625 0.69873046875 0.468994140625 0.69775390625 0.475830078125 0.702392578125 0.484375
0 0.7321035842603235 0.4910450870038755 0.7252358208057239 0.49104508700387556 0.722488715423884 0.4848640998947359 0.722488715423884 0.4779963364401363 0.7266093734966439 0.4779963364401363 0.7300432552239438 0.4814302181674361 0.7321035842603236 0.48555087624019583
0 0.7389713477149231 0.4752492310582963 0.7437787821331431 0.47181534933099656 0.7465258875149829 0.4704417966400766 0.7485862165513628 0.46700791491277677 0.7472126638604428 0.46357403318547696 0.7437787821331431 0.46357403318547696 0.7382845713694633 0.4683814676036967 0.7369110186785434 0.46975502029461663 0.7355374659876236 0.47181534933099656
0 0.75732421875 0.446044921875 0.76708984375 0.436767578125 0.7705078125 0.430908203125 0.76953125 0.422607421875 0.764892578125 0.41845703125 0.75390625 0.427001953125 0.7509765625 0.435302734375 0.7509765625 0.443603515625 0.753173828125 0.44580078125
0 0.6591796875 0.444091796875 0.66357421875 0.439697265625 0.67236328125 0.424072265625 0.67236328125 0.416259765625 0.667236328125 0.41259765625 0.658935546875 0.41357421875 0.65478515625 0.417236328125 0.646484375 0.433837890625 0.64697265625 0.439208984375 0.649169921875 0.44140625 0.655029296875 0.4443359375
0 0.6448829883869078 0.4072583728577597 0.642135883005068 0.40039060940316007 0.6407623303141482 0.3976435040213202 0.6428226593505281 0.3907757405667206 0.6462565410778279 0.38940218787580066 0.6524375281869675 0.38940218787580066 0.6544978572233475 0.39626995133040027 0.6524375281869675 0.40313771478499993 0.6496904228051277 0.40451126747591987
0 0.42099389976695906 0.42236745245787893 0.4127525836214395 0.4203071234214991 0.41000547823959965 0.4134393599668995 0.4154996890032793 0.4079451492032197 0.42099389976695906 0.4100054782395996 0.4258013341851789 0.4141261363123594 0.4251145578397189 0.41687324169419926
0 0.01708984375 0.214599609375 0.020751953125 0.2138671875 0.02685546875 0.207763671875 0.02978515625 0.201416015625 0.028076171875 0.19677734375 0.022705078125 0.1953125 0.01513671875 0.200927734375 0.013671875 0.209716796875 0.01513671875 0.214111328125
0 0.884567932952436 0.44434429551259785 0.8811340512251363 0.43747653205799825 0.8845679329524361 0.42580133418517885 0.8893753673706559 0.4216806761124191 0.8941828017888757 0.4237410051487989 0.8962431308252555 0.42992199225793865 0.8941828017888757 0.4354162030216184 0.8921224727524958 0.43816330840345824 0.8880018146797359 0.44091041378529805
0 0.8603515625 0.421142578125 0.86962890625 0.415283203125 0.8701171875 0.410888671875 0.866455078125 0.40673828125 0.857666015625 0.40869140625 0.853515625 0.413330078125 0.8544921875 0.419677734375
0 0.92822265625 0.447998046875 0.93994140625 0.435791015625 0.93896484375 0.427978515625 0.933837890625 0.42529296875 0.922119140625 0.42724609375 0.9189453125 0.432373046875 0.91943359375 0.442138671875 0.925537109375 0.4482421875
0 0.8056640625 0.368408203125 0.811767578125 0.36474609375 0.81689453125 0.357177734375 0.81396484375 0.349365234375 0.809326171875 0.3466796875 0.798095703125 0.35009765625 0.79443359375 0.356201171875 0.796875 0.364990234375 0.800048828125 0.36767578125
0 0.7734375 0.382080078125 0.7802734375 0.378173828125 0.783203125 0.368896484375 0.77880859375 0.360595703125 0.772216796875 0.357421875 0.767578125 0.362060546875 0.7646484375 0.377685546875 0.765869140625 0.38134765625
0 0.5466739709861327 0.39764350402132015 0.5363723258042333 0.40245093843954005 0.5295045623496337 0.40382449113045993 0.5301913386950937 0.3976435040213202 0.5349987731133135 0.3935228459485605 0.5377458784951533 0.38871541153034067 0.5446136419497529 0.38802863518488073 0.5487343000225128 0.39146251691218054
0 0.4443442955125979 0.4374765320579982 0.43610297936707837 0.4367897557125383 0.4347294266761585 0.4319823212943185 0.4429707428216781 0.42992199225793865 0.44640462454897784 0.4319823212943185
0 0.4470914008944378 0.4086319255486796 0.4415971901307581 0.40657159651229974 0.44434429551259796 0.4003906094031601 0.4484649535853578 0.40313771478499993
0 0.4560194933854173 0.36124435771194197 0.44503107185805785 0.3660517921301618 0.4388500847489182 0.36261791040286195 0.44091041378529805 0.35506337060280235 0.4464046245489778 0.3530030415664225 0.4560194933854173 0.3536898179118825
0 0.5075277192949148 0.36742534482108175 0.5040938375676149 0.3639914630937819 0.5040938375676149 0.3571236996391823 0.5089012719858346 0.3550633706028023 0.5137087064040545 0.35506337060280235 0.5164558117858944 0.3578104759846422 0.5137087064040544 0.361931134057402
0 0.3852815298030408 0.35781047598464216 0.37978731903936114 0.3530030415664224 0.382534424421201 0.34750883080274275 0.38596830614850086 0.3468220544572828 0.3894021878758006 0.3516294888755026 0.3894021878758006 0.3571236996391823
0 0.30492869738422484 0.3296526458207836 0.301494815656925 0.32553198774802383 0.30492869738422484 0.3200377769843441 0.3111096844933645 0.31523034256612437 0.3104229081479046 0.3248452114025639
0 0.24243204994736794 0.36536501578470176 0.2376246155291482 0.362617910402862 0.23968494456552808 0.35506337060280235 0.24449237898374787 0.3523162652209625 0.24586593167466778 0.3564369232937223 0.24586593167466775 0.361931134057402
0 0.15177757234665246 0.3584972523301021 0.14765691427389266 0.3646782394392419 0.14422303254659283 0.3653650157847018 0.14216270351021293 0.3646782394392419 0.1435362562011329 0.35918402867556215 0.1455965852375128 0.3571236996391822
0 0.11331809700089436 0.5370591021496932 0.10439000450991484 0.5356855494587733 0.10095612278261498 0.5329384440769336 0.10026934643715502 0.5260706806223339 0.11125776796451448 0.5185161408222743 0.11743875507365417 0.5178293644768143 0.11949908411003407 0.522636798895034 0.11812553141911414 0.5281310096587137 0.11400487334635434 0.5329384440769335
0 0.9656075417167119 0.3289658694753236 0.9587397782621124 0.32690554043894376 0.9601133309530324 0.3207245533298041 0.9621736599894123 0.3166038952570443 0.967667870753092 0.31935100063888416
0 0.9800298449713711 0.3255319877480238 0.9731620815167717 0.3207245533298041 0.9711017524803919 0.31523034256612437 0.9704149761349319 0.3076758027660647 0.9745356342076916 0.302868368347845 0.9807166213168315 0.3063022500751448 0.9834637266986712 0.30973613180244464 0.9834637266986711 0.31729067160250424 0.9827769503532112 0.32278488236618397
0 0.9841505030441309 0.2644088930020868 0.9745356342076916 0.26234856396570694 0.969728199789472 0.2582279058929472 0.9711017524803919 0.2506733660928876 0.9752224105531517 0.24655270802012774 0.9786562922804514 0.2472394843655877 0.9820901740077512 0.2513601424383475 0.9868976084259709 0.25410724782018734 0.9882711611168911 0.25891468223840713 0.987584384771431 0.26234856396570694
0 0.9257745136800338 0.27196343280214647 0.9182199738799743 0.27471053818398633 0.9154728684981346 0.27471053818398633 0.908605105043535 0.2733369854930664 0.9092918813889947 0.2699031037657666 0.9120389867708346 0.2650956693475468 0.9147860921526745 0.26166178762024694 0.9168464211890545 0.260975011274787 0.9257745136800339 0.2637221166566268 0.9292083954073339 0.26921632742030654
0 0.8900621437161157 0.3131700135297444 0.8893753673706558 0.3063022500751448 0.8914356964070358 0.30149481565692504 0.8955563544797955 0.3042419210387649 0.8976166835161754 0.30904935545698464 0.8948695781343355 0.31385678987520443
0 0.8577836554794972 0.3392675146572231 0.8516026683703577 0.3344600802390033 0.8516026683703578 0.3282790931298637 0.8564101027885775 0.3262187640934838 0.8619043135522572 0.32896586947532364 0.8619043135522572 0.33308652754808343
0 0.82666015625 0.303955078125 0.8310546875 0.300048828125 0.8310546875 0.294677734375 0.825927734375 0.28857421875 0.819580078125 0.28857421875 0.8154296875 0.294189453125 0.81494140625 0.298583984375 0.820068359375 0.30322265625
0 0.5888671875 0.298095703125 0.59326171875 0.293701171875 0.59326171875 0.286865234375 0.589599609375 0.283203125 0.584228515625 0.283203125 0.5771484375 0.289794921875 0.5751953125 0.295166015625 0.580322265625 0.2978515625
0 0.5143954827495143 0.23968494456552808 0.5102748246767547 0.24449237898374787 0.503407061222155 0.24243204994736797 0.503407061222155 0.23831139187460815 0.5095880483312947 0.23419073380184835 0.5150822590949744 0.23419073380184838
0 0.6730408185507665 0.23625106283822822 0.6661730550961669 0.23625106283822828 0.6627391733688671 0.23487751014730834 0.6606788443324871 0.23007007572908855 0.6613656206779471 0.22388908861994888 0.6661730550961669 0.22251553592902892 0.6730408185507666 0.2273229703472487 0.6764747002780664 0.23213040476546845
0 0.6531243045324276 0.22526264131086882 0.6469433174232878 0.22800974669270865 0.6441962120414481 0.2273229703472487 0.6421358830050681 0.2252626413108688 0.6414491066596081 0.22182875958356896 0.6428226593505281 0.21770810151080922 0.6435094356959881 0.21770810151080922 0.6496904228051277 0.2197684305471891
0 0.22251553592902892 0.17718829712867118 0.21290066709258945 0.18062217885597107 0.21084033805620955 0.1730676390559114 0.21358744343804942 0.16688665194677174 0.21908165420172912 0.16413954656493185 0.22732297034724874 0.16207921752855195 0.22732297034724872 0.16826020463769165 0.22251553592902895 0.17444119174683134
0 0.3729195555847614 0.18405606058327084 0.36673856847562175 0.18474283692873084 0.36467823943924194 0.17993540251051107 0.36948567385746167 0.17581474443775127 0.3749798846211414 0.1771882971286712
0 0.13941559812837306 0.1133180970008944 0.13323461101923337 0.10988421527359454 0.1304875056373935 0.10232967547353494 0.13735526909199317 0.09820901740077514 0.1428494798556729 0.10164289912807495 0.14422303254659283 0.10988421527359454
0 0.1868031659651107 0.08103960876427596 0.18405606058327084 0.09271480663709541 0.17787507347413115 0.0947751356734753 0.17375441540137138 0.08996770125525555 0.17375441540137138 0.08447349049157582 0.1771882971286712 0.08035283241881602 0.181308955201431 0.07897927972789612
0 0.24998658974742755 0.05700243667317717 0.23899816822006809 0.061809871091396934 0.23487751014730834 0.057002436673177184 0.23831139187460815 0.048074344182197616 0.24449237898374782 0.04670079149127768 0.24792626071104767 0.04944789687311754
0 0.21496099612896932 0.0686776345459966 0.20740645632890972 0.0707379635823765 0.2032857982561499 0.06867763454599664 0.20397257460160986 0.061123094745936996 0.20603290363798976 0.057689213018637164 0.21221389074712946 0.05837598936409713 0.21633454881988926 0.06249664743685693
0 0.1991651401833901 0.09134125394617545 0.19504448211063033 0.0844734904915758 0.19641803480155026 0.08172638510973593 0.1998519165288501 0.08035283241881605 0.20465935094706983 0.08241316145519592 0.20603290363798976 0.08516026683703579 0.2053461272925298 0.09202803029163543
0 0.2074064563289097 0.15383790138303233 0.20191224556522996 0.15109079600119246 0.20465935094706986 0.14147592716475296 0.20878000901982963 0.14010237447383306 0.21084033805620955 0.14834369061935263
0 0.5480475236770527 0.015795855945579224 0.5404929838769931 0.019916514018339035 0.5356855494587734 0.019229737672879034 0.5363723258042333 0.013735526909199353 0.5411797602224532 0.009614868836439522 0.5473607473315928 0.009614868836439517 0.5507946290588926 0.011675197872819442
0 0.5466739709861327 0.08378671414611583 0.5398062075315332 0.08516026683703576 0.5384326548406133 0.08172638510973594 0.5384326548406133 0.07829250338243617 0.5411797602224532 0.07142473992783648 0.5501078527134327 0.06936441089145656 0.5549152871316524 0.07348506896421639 0.5528549580952725 0.07966605607335608
0 0.6696069368234666 0.14628336158297273 0.6620523970234071 0.14490980889205282 0.6579317389506473 0.1373552690919932 0.6627391733688672 0.1325478346737734 0.6702937131689268 0.13392138736469333 0.6716672658598466 0.13804204543745313
0 0.7252358208057238 0.028844606509318582 0.7183680573511244 0.026097501127478724 0.7176812810056643 0.021976843054718934 0.7211151627329642 0.0185429613274191 0.7266093734966438 0.021290066709258947
0 0.806640625 0.081787109375 0.812255859375 0.07958984375 0.8134765625 0.076904296875 0.81298828125 0.065185546875 0.81640625 0.056884765625 0.81640625 0.051025390625 0.812744140625 0.04736328125 0.800537109375 0.0498046875 0.79638671875 0.054931640625 0.7939453125 0.063232421875 0.7958984375 0.080810546875
0 0.8502291156794376 0.1146916496918143 0.8426745758793781 0.11057099161905455 0.8399274704975384 0.1057635572008348 0.8385539178066184 0.0995825700916951 0.8399274704975382 0.09340158298255538 0.8426745758793781 0.08996770125525555 0.8481687866430578 0.09202803029163543 0.8536629974067376 0.09820901740077513 0.8550365500976574 0.10026934643715503 0.8536629974067376 0.10919743892813459 0.8529762210612776 0.10988421527359456
0 0.8928092490979556 0.23831139187460815 0.8831943802615161 0.23693783918368821 0.8838811566069761 0.2307568520745486 0.886628261988816 0.2232023122744889 0.8928092490979557 0.2238890886199489 0.8962431308252554 0.22938329938362864
0 0.9079183286980748 0.22182875958356896 0.9031108942798551 0.22732297034724874 0.8996770125525554 0.22457586496540885 0.9003637888980154 0.2197684305471891 0.9037976706253151 0.21427421978350938 0.907918328698075 0.21633454881988923
0 0.9140993158072145 0.24586593167466775 0.907918328698075 0.24586593167466775 0.906544776007155 0.242432049947368 0.9072315523526149 0.23899816822006814 0.9120389867708347 0.23831139187460826 0.9147860921526746 0.24105849725644812
0 0.9786562922804511 0.15383790138303233 0.9717885288258519 0.15315112503757244 0.9690414234440119 0.14903046696481265 0.9697281997894719 0.14490980889205282 0.9738488578622317 0.14147592716475296 0.9786562922804514 0.14353625620113286 0.9786562922804514 0.14765691427389266
0 0.95751953125 0.112060546875 0.960693359375 0.11083984375 0.96484375 0.104736328125 0.96728515625 0.090087890625 0.962646484375 0.0830078125 0.956787109375 0.0810546875 0.951416015625 0.0830078125 0.94384765625 0.091064453125 0.94287109375 0.098876953125 0.949462890625 0.109375
0 0.9189067502254342 0.09614868836439522 0.9189067502254343 0.08790737221887565 0.9202803029163543 0.08103960876427596 0.9278348427164139 0.08103960876427592 0.9312687244437138 0.08722059587341568 0.9298951717527939 0.09340158298255535 0.926461290025494 0.09614868836439522
0 0.9580530019166522 0.06593052916415676 0.9511852384620527 0.06112309474593698 0.9559926728802725 0.05150822590949747 0.9614868836439523 0.05494210763679731 0.9621736599894122 0.060436318400477015
0 0.9889579374623507 0.03433881727299831 0.9793430686259115 0.03296526458207836 0.9752224105531517 0.028844606509318596 0.9738488578622317 0.025410724782018758 0.9765959632440716 0.016482632291039172 0.9848372793895913 0.019229737672879076 0.9910182664987309 0.02197684305471894 0.9930785955351106 0.026097501127478738 0.9930785955351107 0.0309049355456985
0 0.15521145407395226 0.21633454881988923 0.14216270351021293 0.21427421978350938 0.13872882178291313 0.20878000901982965 0.14147592716475296 0.20191224556522996 0.14971724331027256 0.19092382403787048 0.1531511250375724 0.1874899423105707 0.15933211214671208 0.18886349500149063 0.16345277021947188 0.19229737672879046 0.16345277021947185 0.20191224556523 0.1586453358012521 0.2101535617107496
0 0.17581474443775125 0.9862108320805107 0.16619987560131175 0.9889579374623508 0.16070566483763202 0.9910182664987307 0.15658500676487222 0.9814033976622912 0.1572717831103322 0.9745356342076915 0.16001888849217205 0.9704149761349318 0.1792486261650511 0.9697281997894719 0.18062217885597104 0.9752224105531515
0 0.9669810944076319 0.7465258875149827 0.963547212680332 0.7375977950240034 0.9697281997894719 0.7286697025330238 0.9779695159349915 0.7300432552239436 0.9807166213168313 0.7362242423330834 0.9800298449713714 0.7417184530967631 0.9752224105531516 0.745152334824063
0 0.5672772613499318 0.6778482529689862 0.5597227215498721 0.6737275948962265 0.5583491688589522 0.665486278750707 0.563843379622632 0.6620523970234071 0.5672772613499318 0.662739173368867 0.5700243667317718 0.6668598314416269 0.5707111430772316 0.6723540422053066
0 0.34888238349366263 0.33377330389354337 0.341327843693603 0.3399542910026831 0.3289658694753237 0.3392675146572231 0.32759231678440376 0.33171297485716356 0.33514685658446336 0.32003777698434405 0.34270139638452296 0.31454356622066443 0.3481956071482027 0.31591711891158436 0.35094271253004256 0.32209810602072403
0 0.7485862165513628 0.07829250338243612 0.7444655584786031 0.07279829261875641 0.7492729928968228 0.05631566032771722 0.7554539800059624 0.05219500225495742 0.763695296151482 0.05700243667317717 0.7691895069151617 0.060436318400477 0.766442401533322 0.06730408185507666 0.7609481907696423 0.0727982926187564 0.7568275326968825 0.07485862165513629
0 0.45670626973087725 0.05562888398225724 0.45533271703995737 0.04670079149127768 0.46014015145817716 0.035712369963918286 0.4683814676036967 0.03502559361845829 0.47387567836737643 0.0391462516912181 0.4704417966400767 0.05013467321857753
0 0.5267574569677939 0.3138567898752044 0.5192029171677341 0.3090493554569847 0.5198896935131941 0.30286836834784503 0.522636798895034 0.29943448662054517 0.5267574569677939 0.2980609339296252 0.5315648913860136 0.30080803931146505 0.5329384440769336 0.30698902642060477
0 0.06318342378231687 0.37085922654838155 0.05700243667317717 0.37223277923930154 0.05219500225495741 0.3694856738574616 0.05219500225495741 0.361931134057402 0.05494210763679727 0.3578104759846423 0.0624966474368569 0.36193113405740207
0 0.846108457606678 0.2286965230381686 0.8426745758793782 0.22114198323810896 0.8440481285702981 0.2142742197835094 0.847482010297598 0.20465935094706983 0.8522894447158176 0.20259902191068996 0.8584704318249573 0.2032857982561499 0.8625910898977173 0.20671967998344976 0.8625910898977173 0.21290066709258942 0.8577836554794974 0.22251553592902895
0 0.5789524592227512 0.02472394843655877 0.5686508140408518 0.02197684305471893 0.564530155968092 0.019916514018339028 0.5659037086590119 0.013048750563739359 0.5720846957681516 0.006867763454599676 0.5775789065318313 0.006867763454599676 0.582386340950051 0.010301645181899508 0.5823863409500512 0.015795855945579224 0.5816995646045912 0.020603290363798987
0 0.8976166835161754 0.2946270522023253 0.8907489200615757 0.28569895971134585 0.8873150383342759 0.282265077984046 0.8838811566069761 0.2788311962567461 0.8838811566069761 0.26990310376576654 0.8907489200615757 0.2657824456930068 0.8989902362070953 0.26715599838392673 0.905171223316235 0.2719634328021465 0.9072315523526149 0.2747105381839864 0.905171223316235 0.2836386306749659 0.903797670625315 0.2905063941295656
0 0.41687324169419926 0.6840292400781259 0.4161864653487394 0.6730408185507666 0.41824679438511925 0.662739173368867 0.42442778149425886 0.6565581862597274 0.43060876860339864 0.6565581862597274 0.4326690976397785 0.664112726059787 0.42992199225793865 0.6730408185507666 0.42648811053063884 0.6757879239326064
0 0.543240089258833 0.8989902362070952 0.5370591021496933 0.9058579996616949 0.5288177860041737 0.9079183286980749 0.522636798895034 0.9092918813889947 0.5157690354404344 0.9058579996616949 0.5143954827495144 0.8969299071707155 0.5185161408222743 0.8907489200615757 0.5274442333132537 0.885254709297896 0.5336252204223935 0.8831943802615161 0.5404929838769932 0.8838811566069761 0.5453004182952129 0.8873150383342759
0 0.6112309474593696 0.6311474614777085 0.60436318400477 0.6297739087867887 0.6023028549683901 0.6208458162958091 0.6139780528412095 0.6180987109139693 0.6201590399503492 0.6180987109139693 0.6174119345685093 0.6270268034049488
0 0.09614868836439522 0.941570369625613 0.08928092490979557 0.9360761588619335 0.07897927972789609 0.9312687244437137 0.08447349049157582 0.9230274082981941 0.09958257009169505 0.9250877373345741 0.10576355720083475 0.926461290025494 0.10576355720083475 0.9319555007891738 0.10370322816445485 0.9374497115528535
0 0.6819689110417461 0.6950176616054853 0.6819689110417462 0.6847160164235859 0.684029240078126 0.6751011475871465 0.6915837798781858 0.6682333841325467 0.6998250960237052 0.6675466077870869 0.7094399648601447 0.6751011475871465 0.7101267412056047 0.6799085820053662 0.703945754096465 0.6895234508418058 0.6998250960237052 0.6957044379509454 0.6936441089145655 0.6957044379509454
0 0.7520200982786626 0.6634259497143269 0.7478994402059029 0.6524375281869677 0.745839111169523 0.6407623303141481 0.7506465455877427 0.6338945668595485 0.7588878617332623 0.6332077905140885 0.7609481907696422 0.6338945668595486 0.763008519806022 0.6421358830050681 0.765755625187862 0.6469433174232879 0.7671291778787819 0.6565581862597274 0.7664424015333219 0.6606788443324871 0.7623217434605621 0.6634259497143271
0 0.884567932952436 0.7080664121692247 0.8777001694978365 0.7025722014055451 0.8797604985342163 0.6957044379509454 0.8893753673706559 0.6957044379509454 0.8934960254434156 0.6991383196782452 0.8914356964070358 0.704632530441925
0 0.2025990219106899 0.8289390489701787 0.18611638961965077 0.8337464833883986 0.17856184981959114 0.8323729306974786 0.17993540251051107 0.8220712855155791 0.18474283692873084 0.8200109564791993 0.19229737672879044 0.8179506274428193 0.1971048111470102 0.8179506274428193 0.20259902191068993 0.8179506274428193 0.2032857982561499 0.8248183908974189
0 0.622906145332189 0.7451523348240628 0.6201590399503492 0.7375977950240034 0.624279698023109 0.7293564788784839 0.6290871324413289 0.721801939078424 0.6345813432050085 0.7169945046602043 0.6421358830050681 0.721801939078424 0.6393887776232282 0.7300432552239436 0.6345813432050085 0.7389713477149232 0.6297739087867887 0.7472126638604428
0 0.44022363743983806 0.10095612278261498 0.43266909763977845 0.09408835932801536 0.4299219922579387 0.08790737221887564 0.43198232129431857 0.07897927972789609 0.43953686109437823 0.08241316145519588 0.44228396647621804 0.09134125394617544 0.44434429551259785 0.09546191201893524
0 0.6503771991505877 0.26990310376576654 0.6414491066596081 0.2644088930020869 0.6414491066596081 0.2582279058929472 0.644196212041448 0.25136014243834753 0.6462565410778279 0.24723948436558774 0.6503771991505877 0.24792626071104767 0.6551846335688074 0.25067336609288754 0.6586185152961073 0.25548080051110733 0.6572449626051873 0.262348563965707
0 0.582386340950051 0.37910054269390114 0.5810127882591312 0.3708592265483816 0.586506999022811 0.3646782394392419 0.5906276570955706 0.36330468674832195 0.5933747624774105 0.36605179213016187 0.5940615388228705 0.37360633193022147 0.5933747624774105 0.3791005426939012
0 0.6565581862597274 0.46357403318547696 0.6510639754960477 0.45739304607633735 0.6531243045324275 0.45121205896719757 0.6593052916415674 0.4498385062762777 0.665486278750707 0.4491517299308177 0.6716672658598466 0.4498385062762777 0.6716672658598466 0.45601949338541736 0.664112726059787 0.46082692780363715
0 0.9793430686259113 0.3852815298030408 0.9717885288258518 0.3756666609666014 0.9731620815167717 0.3653650157847018 0.9779695159349915 0.3653650157847019 0.9827769503532113 0.3715460028938416 0.9834637266986712 0.3749798846211414 0.9834637266986711 0.3797873190393612
0 0.04670079149127768 0.902424117934395 0.03983302803667802 0.8989902362070953 0.037772699000298116 0.8948695781343354 0.0363991463093782 0.8880018146797358 0.03983302803667803 0.8831943802615161 0.04258013341851789 0.8831943802615161 0.048761120527657575 0.8831943802615161 0.05150822590949745 0.8900621437161158 0.0521950022549574 0.8948695781343354
0 0.6778482529689863 0.5974954205501701 0.6785350293144464 0.5906276570955706 0.6792218056599062 0.583073117295511 0.6812821346962862 0.5762053538409113 0.6888366744963458 0.5810127882591312 0.6963912142964054 0.5892541044046508 0.686089569114506 0.5947483151683304 0.6826556873872062 0.5968086442047104
0 0.8007812188063201 0.5638433796226319 0.7925399026608007 0.5576623925134923 0.7911663499698807 0.5521681817498125 0.7946002316971805 0.5466739709861328 0.8014679951517801 0.542553312913373 0.8090225349518397 0.5411797602224532 0.8158902984064393 0.5466739709861329 0.8186374037882794 0.5562888398225724 0.8117696403336797 0.5624698269317121
0 0.6943308852600256 0.40451126747592 0.6840292400781262 0.39352284594856046 0.6874631218054259 0.37841376634844115 0.6936441089145656 0.3653650157847019 0.6984515433327854 0.3646782394392418 0.706006083132845 0.36605179213016176 0.7108135175510647 0.3681121211665417 0.7142473992783646 0.37017245020292155 0.7142473992783644 0.3736063319302214 0.7121870702419846 0.3770402136575212 0.7094399648601447 0.3797873190393611 0.7073796358237648 0.3839079771121209 0.705319306787385 0.39077574056672054 0.703258977751005 0.39695672767586027
0 0.17032053367407152 0.5686508140408516 0.16413954656493185 0.5755185774954514 0.1552114540739523 0.5796392355682111 0.14971724331027256 0.583073117295511 0.14628336158297275 0.5830731172955111 0.14559658523751276 0.5796392355682113 0.1469701379284327 0.5734582484590717 0.1510907960011925 0.5679640376953919 0.15589823041941225 0.5665904850044718 0.15933211214671208 0.565216932313552 0.16413954656493185 0.5645301559680919
0 0.664799502405247 0.5755185774954513 0.6551846335688074 0.5707111430772317 0.6579317389506473 0.5610962742407921 0.6668598314416269 0.5542285107861925 0.6723540422053066 0.5556020634771124 0.6730408185507667 0.5624698269317121 0.6730408185507667 0.5672772613499318
0 0.6462565410778279 0.6902102271872657 0.6380152249323083 0.6867763454599658 0.6359548958959284 0.6805953583508262 0.6380152249323083 0.6723540422053066 0.6421358830050681 0.6682333841325467 0.6448829883869079 0.6675466077870869 0.6496904228051277 0.6689201604780067 0.6503771991505878 0.6771614766235263 0.6517507518415077 0.683342463732666
0 0.703945754096465 0.7884192445880407 0.7011986487146252 0.7788043757516012 0.704632530441925 0.7691895069151617 0.7108135175510648 0.7671291778787819 0.7169945046602043 0.766442401533322 0.7197416100420442 0.7678159542242419 0.7204283863875043 0.7726233886424616 0.7197416100420443 0.7774308230606815 0.7183680573511244 0.7808647047879813 0.7149341756238246 0.7856721392062009
0 0.1984961108800683 0.2354858317027133 0.1950507593176382 0.22811747587990466 0.19932198663365186 0.22278258318315847 0.20626254955724874 0.22171559927114665 0.2094659028350274 0.22545005639484414 0.2089320464669878 0.23025147056724074
0 0.8725620207284623 0.7658567082805314 0.8618841406242768 0.7626557834078087 0.8576129670756483 0.7535864604506777 0.8608163203534269 0.7493185516659433 0.867756937044409 0.7466511053175702 0.8730959308638873 0.7530529550630155 0.8757653740062409 0.7573208907110626
0 0.21258553404165048 0.8263610155415657 0.21053372310587712 0.8172885782008428 0.21106757947391674 0.8060853411463134 0.2153387530225451 0.8028844162735908 0.22067769307463794 0.8018174592248916 0.22067769307463792 0.8135542016670831 0.2196098728037882 0.8263579011579739