0 0.28714501953125 0.8805537109375 0.28825244140625 0.8845556640625 0.2864033203125 0.8888720703125 0.28352734375 0.88948876953125 0.28106201171875 0.88763916015625 0.28147265625 0.88393896484375 0.28393798828125 0.88147265625
0 0.04848046875 0.90089453125 0.045626953125 0.9051103515625 0.04090185546875 0.9067548828125 0.0384365234375 0.90490478515625 0.04028564453125 0.90141064453125 0.04233984375 0.8991494140625 0.0460380859375 0.89832763671875
0 0.05187060546875 0.98835986328125 0.05076318359375 0.99185107421875 0.04747607421875 0.99267333984375 0.0450107421875 0.991234375 0.0439833984375 0.98835693359375 0.04542138671875 0.98630126953125 0.0482978515625 0.98568505859375 0.051173828125 0.986095703125
0 0.17222021484375 0.850720703125 0.16765869140625 0.849818359375 0.16601513671875 0.848173828125 0.1668369140625 0.84447412109375 0.1695078125 0.84365185546875 0.17156201171875 0.8446796875 0.17361669921875 0.8467353515625
0 0.19120458984375 0.80393701171875 0.19313330078125 0.80727001953125 0.192927734375 0.8107646484375 0.19025732421875 0.8154921875 0.18635400390625 0.8154921875 0.18429931640625 0.81281982421875 0.18409375 0.80953125 0.18532666015625 0.80583154296875 0.18758642578125 0.8039814453125
0 0.27358447265625 0.9832744140625 0.27181689453125 0.98794580078125 0.2687353515625 0.99041259765625 0.26524267578125 0.989384765625 0.265859375 0.98568505859375 0.26729736328125 0.9830126953125 0.26996826171875 0.980751953125
0 0.2886630859375 0.9735576171875 0.28845751953125 0.97684619140625 0.28619775390625 0.98013525390625 0.283732421875 0.98013525390625 0.2825 0.97828515625 0.28332177734375 0.9762294921875 0.28558154296875 0.97376318359375
0 0.11526611328125 0.9466611328125 0.11218994140625 0.94560302734375 0.1126005859375 0.94375341796875 0.114244140625 0.9419033203125 0.1158876953125 0.94210888671875 0.11650390625 0.943958984375
0 0.32748779296875 0.89513134765625 0.3239990234375 0.89195556640625 0.32235546875 0.8888720703125 0.32317724609375 0.8857890625 0.32605322265625 0.88352783203125 0.32975146484375 0.88517236328125 0.33201123046875 0.888255859375 0.3328330078125 0.89175 0.3307783203125 0.89586083984375
0 0.025427734375 0.95411962890625 0.02138525390625 0.9560859375 0.01748193359375 0.9560859375 0.01583837890625 0.954236328125 0.01707080078125 0.952591796875 0.01933056640625 0.95033056640625 0.02261767578125 0.95033056640625 0.0250830078125 0.95074169921875
0 0.01085009765625 0.89987744140625 0.01029150390625 0.9051103515625 0.00803125 0.91086572265625 0.00330615234375 0.91127685546875 0.001251953125 0.90819384765625 0.00145751953125 0.9042880859375 0.00310107421875 0.89935498046875 0.00536083984375 0.89709423828125 0.00720947265625 0.896888671875
0 0.04644677734375 0.95683154296875 0.04316162109375 0.960197265625 0.03864208984375 0.960197265625 0.03740966796875 0.95793603515625 0.0404912109375 0.95505859375 0.04295654296875 0.95485302734375
0 0.32975146484375 0.85207958984375 0.3252314453125 0.8529013671875 0.3219443359375 0.851462890625 0.31989013671875 0.84899609375 0.32091748046875 0.84652978515625 0.32338232421875 0.84570751953125 0.3274912109375 0.84694091796875 0.32975146484375 0.84920166015625
0 0.33358984375 0.84495751953125 0.331189453125 0.8485849609375 0.3285185546875 0.84879052734375 0.32605322265625 0.84694091796875 0.32646435546875 0.843857421875 0.32831298828125 0.8420078125 0.33098388671875 0.84282958984375
0 0.33969189453125 0.9419150390625 0.33817431640625 0.94580859375 0.33344921875 0.94971435546875 0.32872412109375 0.94930322265625 0.32666943359375 0.94683642578125 0.329134765625 0.94128662109375 0.33262744140625 0.939642578125 0.3363251953125 0.93943701171875
0 0.35494775390625 0.92021826171875 0.35912939453125 0.92237646484375 0.358923828125 0.9256650390625 0.3550205078125 0.92957080078125 0.35214404296875 0.92854296875 0.35091162109375 0.92587060546875 0.35214404296875 0.923404296875
0 0.29790771484375 0.86811181640625 0.2931826171875 0.86708447265625 0.29174462890625 0.86420654296875 0.29338818359375 0.86112353515625 0.29564794921875 0.8605068359375 0.299140625 0.86276806640625 0.2997568359375 0.8656455078125
0 0.34850634765625 0.985986328125 0.3441318359375 0.98568505859375 0.3400234375 0.983423828125 0.3406396484375 0.980751953125 0.34310498046875 0.97931298828125 0.34762451171875 0.9813681640625 0.3496787109375 0.98321826171875
0 0.2654482421875 0.8798759765625 0.261544921875 0.88250048828125 0.2576416015625 0.882294921875 0.2543544921875 0.87962255859375 0.25620361328125 0.8767451171875 0.25907958984375 0.87530615234375 0.26236669921875 0.87695068359375
0 0.31765625 0.88326611328125 0.31763037109375 0.8862001953125 0.31475390625 0.88989990234375 0.31126171875 0.888255859375 0.31043994140625 0.88599462890625 0.3118779296875 0.88352783203125 0.3141376953125 0.88208935546875
0 0.26849951171875 0.95886572265625 0.2697626953125 0.96101904296875 0.269146484375 0.964513671875 0.26565380859375 0.96574658203125 0.2631884765625 0.9653359375 0.26298291015625 0.96307470703125 0.26483203125 0.9608134765625
0 0.13086083984375 0.92055712890625 0.1269814453125 0.92278759765625 0.12287255859375 0.92237646484375 0.12287255859375 0.91990966796875 0.12657080078125 0.918265625 0.1292412109375 0.918265625
0 0.0766484375 0.8535 0.0793193359375 0.85617236328125 0.0793193359375 0.86172216796875 0.07788134765625 0.86644970703125 0.07397802734375 0.86829931640625 0.070896484375 0.8650107421875 0.06966357421875 0.8615166015625 0.07130712890625 0.85514453125
0 0.011189453125 0.78766455078125 0.0074150390625 0.788341796875 0.0045390625 0.78649169921875 0.0041279296875 0.78340869140625 0.0061826171875 0.78073681640625 0.00926416015625 0.78032568359375 0.01193505859375 0.78299755859375
0 0.3196904296875 0.93649072265625 0.3174248046875 0.9416796875 0.313521484375 0.9404462890625 0.313521484375 0.9390078125 0.31475390625 0.93551318359375
0 0.31901220703125 0.99310595703125 0.32050634765625 0.99596240234375 0.3186572265625 0.9976064453125 0.31557568359375 0.9976064453125 0.3131103515625 0.99657861328125 0.31269970703125 0.99431787109375 0.3151650390625 0.99287890625
0 0.277158203125 0.78787646484375 0.27448779296875 0.7919873046875 0.269146484375 0.79219287109375 0.2664755859375 0.788904296875 0.26832470703125 0.78541015625 0.27181689453125 0.784587890625 0.27510400390625 0.78479345703125
0 0.35087939453125 0.75376318359375 0.35419873046875 0.7551943359375 0.3583076171875 0.75581103515625 0.36097802734375 0.75437255859375 0.35974560546875 0.74985009765625 0.35584228515625 0.7486171875 0.35255517578125 0.74841162109375 0.3507060546875 0.74985009765625
0 0.0823818359375 0.79749560546875 0.0805517578125 0.8004150390625 0.0770595703125 0.8004150390625 0.07685400390625 0.7979482421875 0.07808642578125 0.79650927734375 0.0803466796875 0.7952763671875
0 0.0759404296875 0.7507119140625 0.0747998046875 0.7551943359375 0.0727451171875 0.75786669921875 0.06966357421875 0.75622216796875 0.06904736328125 0.75313916015625 0.0715126953125 0.7508779296875 0.07356689453125 0.7500556640625
0 0.27527978515625 0.688333984375 0.27346044921875 0.6925029296875 0.26791357421875 0.69743603515625 0.26298291015625 0.6955859375 0.260517578125 0.69147509765625 0.26175048828125 0.68551416015625 0.271611328125 0.68530859375
0 0.1922216796875 0.6951142578125 0.18984619140625 0.6986689453125 0.1861484375 0.69846337890625 0.18491552734375 0.69538037109375 0.18594287109375 0.69332470703125 0.189640625 0.69270849609375
0 0.09628125 0.70799658203125 0.09123486328125 0.7105908203125 0.08671533203125 0.7097685546875 0.08342822265625 0.70647998046875 0.08342822265625 0.70216357421875 0.08671533203125 0.699080078125 0.0914404296875 0.69928564453125 0.0947275390625 0.70175244140625 0.0959599609375 0.7046298828125
0 0.01051123046875 0.69918212890625 0.00926416015625 0.70339697265625 0.0063876953125 0.706685546875 0.00268994140625 0.706685546875 0.0008408203125 0.70360205078125 0.002279296875 0.7003134765625 0.00556640625 0.698052734375 0.00823681640625 0.69784716796875
0 0.1901875 0.7435927734375 0.187380859375 0.74697265625 0.18306689453125 0.74553369140625 0.1824501953125 0.74265625 0.18532666015625 0.739162109375 0.18799755859375 0.73998388671875
0 0.33358984375 0.667654296875 0.32934033203125 0.6655400390625 0.32872412109375 0.66142919921875 0.33160009765625 0.66060693359375 0.33385986328125 0.661634765625 0.334681640625 0.66492333984375
0 0.26849951171875 0.734439453125 0.2687353515625 0.73809814453125 0.26791357421875 0.74323681640625 0.26503759765625 0.7452919921875 0.25969580078125 0.7452919921875 0.25723095703125 0.74200341796875 0.25846337890625 0.73727587890625 0.26113427734375 0.73378173828125 0.26483203125 0.7331650390625
0 0.32748779296875 0.7276591796875 0.3242041015625 0.72967041015625 0.31989013671875 0.7284375 0.31927392578125 0.725970703125 0.3207119140625 0.7224765625 0.323587890625 0.72103759765625 0.325642578125 0.72144873046875 0.326875 0.7239150390625
0 0.03797119140625 0.71748876953125 0.03864208984375 0.7206083984375 0.0372041015625 0.723486328125 0.033505859375 0.72430810546875 0.03083544921875 0.72328076171875 0.031041015625 0.72101953125 0.03268408203125 0.71834765625 0.03535498046875 0.71773095703125
0 0.1827294921875 0.731388671875 0.18162841796875 0.73622998046875 0.178546875 0.73828564453125 0.1750546875 0.738080078125 0.173 0.73581884765625 0.17402734375 0.732119140625 0.177314453125 0.728830078125 0.1806015625 0.728625
0 0.00373095703125 0.573748046875 0.0061826171875 0.57708251953125 0.006798828125 0.58139892578125 0.00597705078125 0.58694873046875 0.00330615234375 0.58900439453125 0.00043017578125 0.58653759765625 0 0.5824267578125 0 0.57708251953125
0 0.28948486328125 0.5721494140625 0.28496533203125 0.570916015625 0.2825 0.567421875 0.2820888671875 0.5645439453125 0.28517041015625 0.56372216796875 0.2886630859375 0.5661884765625 0.29010107421875 0.568244140625
0 0.31596142578125 0.54764404296875 0.3151650390625 0.5524169921875 0.31167236328125 0.55262255859375 0.309001953125 0.55118359375 0.3096181640625 0.54789501953125 0.31228857421875 0.54583935546875 0.31475390625 0.54625048828125
0 0.32070751953125 0.6083271484375 0.32112255859375 0.61305322265625 0.31886279296875 0.61510888671875 0.31680859375 0.6132587890625 0.31680859375 0.609353515625
0 0.00813818359375 0.53238818359375 0.00885302734375 0.5363662109375 0.007826171875 0.538626953125 0.00433349609375 0.54047705078125 0.00207373046875 0.53657177734375 0.002484375 0.53266650390625 0.00494970703125 0.53102197265625
0 0.24341259765625 0.5398466796875 0.2477802734375 0.541916015625 0.25024560546875 0.54684912109375 0.24839697265625 0.5509599609375 0.24243896484375 0.55383740234375 0.2387412109375 0.5517822265625 0.23689208984375 0.54767138671875 0.23791943359375 0.54171044921875 0.24017919921875 0.5398603515625
0 0.16510107421875 0.53611767578125 0.16170068359375 0.53739404296875 0.159646484375 0.535955078125 0.15944091796875 0.53410498046875 0.16190625 0.53266650390625 0.16437158203125 0.53369384765625
0 0.09899365234375 0.4737392578125 0.09739794921875 0.476310546875 0.09287841796875 0.47672119140625 0.09185107421875 0.47487158203125 0.09226220703125 0.473021484375 0.09390576171875 0.4707607421875 0.09678173828125 0.47055517578125 0.098630859375 0.47137744140625
0 0.00779931640625 0.4642470703125 0.0100859375 0.46644384765625 0.00988037109375 0.4691162109375 0.007826171875 0.47137744140625 0.00474462890625 0.4699384765625 0.00351171875 0.46726611328125 0.00474462890625 0.4647998046875
0 0.221376953125 0.602224609375 0.2223056640625 0.6060283203125 0.22066259765625 0.61055029296875 0.21593701171875 0.6111669921875 0.2132666015625 0.609728515625 0.2122392578125 0.6068505859375 0.21429345703125 0.60150634765625 0.2188134765625 0.60068408203125
0 0.0735673828125 0.4140732421875 0.0694580078125 0.41606689453125 0.0659658203125 0.4144228515625 0.06576025390625 0.41133935546875 0.06740380859375 0.40907861328125 0.070896484375 0.4092841796875 0.0737724609375 0.41133935546875
0 0.22103759765625 0.47950244140625 0.21860791015625 0.480814453125 0.2155263671875 0.4804033203125 0.21491015625 0.477525390625 0.217169921875 0.47567578125 0.21963525390625 0.47629248046875
0 0.21039013671875 0.4670244140625 0.2077197265625 0.4711357421875 0.20361083984375 0.4729853515625 0.1999130859375 0.4713408203125 0.19909130859375 0.46846337890625 0.200734375 0.46579150390625 0.20319970703125 0.46496923828125 0.2066923828125 0.464763671875
0 0.1436220703125 0.43372607421875 0.13930810546875 0.43372607421875 0.13766455078125 0.43167041015625 0.1380751953125 0.42982080078125 0.14074609375 0.42899853515625 0.14341650390625 0.42899853515625 0.14444384765625 0.43084814453125
0 0.33053857421875 0.42729443359375 0.3295458984375 0.43144677734375 0.32584765625 0.4328857421875 0.32338232421875 0.43165234375 0.32214990234375 0.42959716796875 0.32379345703125 0.42754150390625 0.32605322265625 0.4261025390625
0 0.34043408203125 0.4277470703125 0.34310498046875 0.4285693359375 0.34372119140625 0.430830078125 0.34269384765625 0.4355576171875 0.33940673828125 0.43658544921875 0.33714697265625 0.43473583984375 0.33694140625 0.43000830078125
0 0.171203125 0.403224609375 0.171767578125 0.40616455078125 0.1690966796875 0.40904248046875 0.16539892578125 0.409248046875 0.1639609375 0.407603515625 0.16478271484375 0.40452001953125 0.16704248046875 0.4036982421875 0.16868603515625 0.4036982421875
0 0.13971875 0.31880712890625 0.135404296875 0.31695751953125 0.13437744140625 0.31449072265625 0.13622607421875 0.31140771484375 0.1391025390625 0.310791015625 0.14156787109375 0.3120244140625 0.141978515625 0.3146962890625 0.14218408203125 0.316751953125
0 0.22476708984375 0.32118359375 0.22086767578125 0.32024609375 0.2188134765625 0.3181904296875 0.21860791015625 0.3159296875 0.21922412109375 0.312640625 0.222716796875 0.31140771484375 0.22579833984375 0.31325732421875 0.22641455078125 0.3163408203125 0.2266201171875 0.3190126953125
0 0.194255859375 0.4801806640625 0.18861376953125 0.4807783203125 0.1845048828125 0.47872265625 0.18306689453125 0.4756396484375 0.18491552734375 0.471939453125 0.1877919921875 0.47132275390625 0.19148974609375 0.4715283203125 0.1945712890625 0.4739951171875 0.1955986328125 0.47728369140625
0 0.0345810546875 0.34932177734375 0.0349443359375 0.3541611328125 0.03309521484375 0.358888671875 0.02775390625 0.35806689453125 0.0261103515625 0.35395556640625 0.02652099609375 0.35046142578125 0.02878076171875 0.34881689453125 0.03124609375 0.3482001953125
0 0.18374658203125 0.3598310546875 0.17936865234375 0.358888671875 0.17649267578125 0.356216796875 0.17752001953125 0.35210595703125 0.1801904296875 0.35046142578125 0.1845048828125 0.351900390625 0.1855322265625 0.35560009765625 0.18512109375 0.35909423828125
0 0.074923828125 0.35576318359375 0.0715126953125 0.3582724609375 0.06678759765625 0.357861328125 0.06514404296875 0.35477783203125 0.06658203125 0.35210595703125 0.0692529296875 0.3514892578125 0.07356689453125 0.35210595703125 0.0750048828125 0.3531337890625
0 0.2057822265625 0.42865087890625 0.2054599609375 0.43144677734375 0.2021728515625 0.43309130859375 0.199501953125 0.43309130859375 0.19765283203125 0.43021337890625 0.199501953125 0.42898046875 0.20196728515625 0.428158203125
0 0.077974609375 0.315759765625 0.07952490234375 0.3179306640625 0.07849755859375 0.32286376953125 0.0747998046875 0.32327490234375 0.07212890625 0.32080859375 0.0717177734375 0.31854736328125 0.0737724609375 0.31669775390625 0.076443359375 0.31546435546875
0 0.03119091796875 0.31067431640625 0.03247900390625 0.3127919921875 0.03268408203125 0.31587548828125 0.031041015625 0.3191640625 0.02816455078125 0.3195751953125 0.02652099609375 0.31751953125 0.02569921875 0.31381982421875 0.02754833984375 0.31032568359375
0 0.09051806640625 0.25304248046875 0.087537109375 0.25503369140625 0.08404443359375 0.254005859375 0.08322265625 0.25174462890625 0.08507177734375 0.249689453125 0.0877421875 0.2492783203125 0.089796875 0.250716796875
0 0.089162109375 0.28490966796875 0.0836337890625 0.2844267578125 0.0803466796875 0.28175439453125 0.0782919921875 0.2780546875 0.0782919921875 0.27558837890625 0.08075732421875 0.2749716796875 0.08466064453125 0.2757939453125 0.0881533203125 0.27743798828125 0.09082373046875 0.27949365234375 0.09226220703125 0.281548828125 0.0916455078125 0.28381005859375
0 0.10746875 0.318810546875 0.104177734375 0.3203974609375 0.10130126953125 0.318341796875 0.10232861328125 0.31505322265625 0.1043828125 0.314025390625 0.107669921875 0.31484765625
0 0.15865966796875 0.34694873046875 0.158619140625 0.35143505859375 0.15492138671875 0.3530791015625 0.15225048828125 0.35266845703125 0.15183984375 0.35020166015625 0.15368896484375 0.34855712890625 0.15615380859375 0.34711865234375
0 0.30341796875 0.36762841796875 0.2987294921875 0.367056640625 0.29667529296875 0.36438427734375 0.29811328125 0.362740234375 0.30119482421875 0.362740234375 0.3040712890625 0.3650009765625
0 0.22985205078125 0.250330078125 0.22579833984375 0.25481005859375 0.22045703125 0.258509765625 0.21758056640625 0.25748193359375 0.21799169921875 0.25398779296875 0.21963525390625 0.25152099609375 0.22292236328125 0.24720458984375 0.22682568359375 0.2461767578125 0.22908544921875 0.24761572265625
0 0.23196142578125 0.24144921875 0.228263671875 0.24124365234375 0.22641455078125 0.2391884765625 0.2276474609375 0.2367216796875 0.23011279296875 0.23651611328125 0.2321669921875 0.23816064453125
0 0.23031787109375 0.2576875 0.23011279296875 0.26138720703125 0.22703076171875 0.2624150390625 0.2243603515625 0.26220947265625 0.22312744140625 0.25994873046875 0.22477099609375 0.2564541015625 0.2278525390625 0.25583740234375
0 0.32173876953125 0.29795654296875 0.32440966796875 0.29918994140625 0.32605322265625 0.30330078125 0.3252314453125 0.3072060546875 0.32173876953125 0.3088505859375 0.31824658203125 0.30741162109375 0.31680859375 0.30473974609375 0.31721923828125 0.30165625
0 0.33358984375 0.2594833984375 0.3340654296875 0.2638359375 0.33139453125 0.26630224609375 0.32790234375 0.2669189453125 0.3262587890625 0.265685546875 0.326875 0.2634248046875 0.32872412109375 0.26034130859375
0 0.29174462890625 0.23197607421875 0.2915390625 0.23505908203125 0.28907421875 0.2373203125 0.28701953125 0.2377314453125 0.284759765625 0.236498046875 0.28393798828125 0.2342373046875 0.28455419921875 0.231359375 0.288046875 0.23033154296875
0 0.33981787109375 0.22108203125 0.33940673828125 0.224576171875 0.33714697265625 0.2266318359375 0.3340654296875 0.22560400390625 0.33262744140625 0.22334326171875 0.3344765625 0.22128759765625 0.3373525390625 0.2198486328125
0 0.17052490234375 0.2110048828125 0.167248046875 0.2089365234375 0.167453125 0.2062646484375 0.16868603515625 0.2054423828125 0.170740234375 0.2054423828125 0.171767578125 0.2087314453125
0 0.21840234375 0.265873046875 0.21634814453125 0.2695732421875 0.21306103515625 0.2714228515625 0.209568359375 0.2706005859375 0.20854150390625 0.26813427734375 0.21018505859375 0.2640234375 0.2122392578125 0.26093994140625 0.21429345703125 0.2611455078125 0.2165537109375 0.26237890625
0 0.0552607421875 0.23914306640625 0.05240673828125 0.24139501953125 0.0489140625 0.2416005859375 0.04747607421875 0.239544921875 0.04911962890625 0.2376953125 0.05137939453125 0.236873046875 0.05405029296875 0.23625634765625 0.0561044921875 0.2364619140625
0 0.1437431640625 0.13404931640625 0.14280029296875 0.1388271484375 0.13828076171875 0.14149951171875 0.13396630859375 0.14211572265625 0.13273388671875 0.1404716796875 0.13396630859375 0.13738818359375 0.136431640625 0.1336884765625 0.13930810546875 0.1328662109375
0 0.04407373046875 0.210666015625 0.04028564453125 0.212001953125 0.03699853515625 0.2124130859375 0.03597119140625 0.20932958984375 0.03761474609375 0.20830224609375 0.04090185546875 0.20789111328125
0 0.2264619140625 0.18659619140625 0.22189501953125 0.18774755859375 0.21758056640625 0.18569189453125 0.2165537109375 0.181169921875 0.21984033203125 0.17808642578125 0.2243603515625 0.1791142578125 0.2266201171875 0.18096435546875
0 0.3179951171875 0.1384560546875 0.3174248046875 0.1425087890625 0.31495947265625 0.1457978515625 0.31167236328125 0.14559228515625 0.31002880859375 0.1425087890625 0.31043994140625 0.13922021484375 0.3129052734375 0.1373701171875 0.31537060546875 0.13716455078125
0 0.02610595703125 0.04997412109375 0.0195361328125 0.04732275390625 0.0172763671875 0.04177294921875 0.017892578125 0.03704541015625 0.0207685546875 0.036017578125 0.02364501953125 0.03683984375 0.0263154296875 0.03951171875 0.0267265625 0.0440341796875
0 0.3085908203125 0.1174140625 0.3042763671875 0.11679736328125 0.30119482421875 0.1151533203125 0.29955126953125 0.1126865234375 0.29934619140625 0.1108369140625 0.301400390625 0.1100146484375 0.3053037109375 0.11042578125 0.3085908203125 0.11309765625 0.31002880859375 0.11494775390625 0.30941259765625 0.11720849609375
0 0.21900390625 0.12082763671875 0.215115234375 0.1213193359375 0.2122392578125 0.12008642578125 0.21182861328125 0.11803076171875 0.21408837890625 0.11638623046875 0.216142578125 0.1161806640625 0.2190185546875 0.1178251953125
0 0.1590302734375 0.2205986328125 0.15430517578125 0.2222431640625 0.15163427734375 0.2222431640625 0.14999072265625 0.21874853515625 0.1512236328125 0.21607666015625 0.1545107421875 0.21566552734375 0.15882470703125 0.2171044921875
0 0.30240087890625 0.0574326171875 0.2985244140625 0.0588154296875 0.29441552734375 0.05614306640625 0.2942099609375 0.052443359375 0.29729150390625 0.05141552734375 0.3007841796875 0.0520322265625 0.302427734375 0.0547041015625
0 0.30952001953125 0.04115966796875 0.30920703125 0.04586572265625 0.305919921875 0.0477158203125 0.30263330078125 0.04627685546875 0.30222216796875 0.04360498046875 0.30366015625 0.0417548828125 0.30571484375 0.040521484375
0 0.21840234375 0.09046923828125 0.2210732421875 0.09129150390625 0.22127880859375 0.095197265625 0.2200458984375 0.0982802734375 0.21758056640625 0.09848583984375 0.21593701171875 0.097046875 0.21593701171875 0.09416943359375 0.2167587890625 0.09273046875
0 0.0942470703125 0.121505859375 0.0916455078125 0.124384765625 0.08733154296875 0.1247958984375 0.0860986328125 0.12253466796875 0.08692041015625 0.11924609375 0.08856396484375 0.11780712890625 0.0914404296875 0.1180126953125
0 0.0457685546875 0.1743916015625 0.04090185546875 0.1733046875 0.03699853515625 0.169810546875 0.0361767578125 0.16652197265625 0.03679296875 0.163849609375 0.03966943359375 0.16302734375 0.0437783203125 0.1650830078125 0.04644873046875 0.16734375 0.047681640625 0.17083837890625
0 0.04203955078125 0.02726025390625 0.0417236328125 0.03168310546875 0.0378203125 0.03373876953125 0.03371142578125 0.0331220703125 0.03247900390625 0.0306552734375 0.03309521484375 0.0271611328125 0.03597119140625 0.0246943359375 0.03925830078125 0.02572216796875
0 0.200697265625 0.04285498046875 0.19744775390625 0.04031591796875 0.19703662109375 0.03764404296875 0.1988857421875 0.036205078125 0.200734375 0.03599951171875 0.20299462890625 0.03908251953125 0.20319970703125 0.0409326171875
0 0.25717626953125 0.0165234375 0.253478515625 0.01714013671875 0.2520400390625 0.0152900390625 0.2520400390625 0.01343994140625 0.25327294921875 0.01117919921875 0.2551220703125 0.0109736328125 0.257998046875 0.01261767578125
0 0.5434384765625 0.12591259765625 0.54397119140625 0.12854638671875 0.54356005859375 0.13121826171875 0.54130029296875 0.1326572265625 0.53924609375 0.13162939453125 0.5388349609375 0.12813525390625 0.53965673828125 0.125462890625
0 0.4597021484375 0.22727734375 0.4546044921875 0.22803076171875 0.45193408203125 0.2267978515625 0.4500849609375 0.2247421875 0.45152294921875 0.2226865234375 0.45378271484375 0.22186474609375 0.4578916015625 0.2226865234375 0.46035693359375 0.22412548828125
0 0.4885185546875 0.22117529296875 0.48706396484375 0.22535888671875 0.483982421875 0.2278251953125 0.480490234375 0.2306748046875 0.47822998046875 0.228619140625 0.4778193359375 0.2247138671875 0.480490234375 0.221013671875 0.48316064453125 0.21936962890625 0.48583154296875 0.21895849609375 0.4878857421875 0.22060302734375
0 0.58513671875 0.193037109375 0.58012890625 0.19212451171875 0.57807421875 0.18986328125 0.57827978515625 0.18719140625 0.580333984375 0.18616357421875 0.58259375 0.18698583984375 0.5846484375 0.18821923828125 0.58608642578125 0.19006884765625
0 0.5708984375 0.199478515625 0.56944580078125 0.20363525390625 0.5653369140625 0.2034296875 0.56451513671875 0.19911328125 0.56513134765625 0.19582421875 0.56677490234375 0.19582421875 0.569240234375 0.19644091796875
0 0.56750830078125 0.0557373046875 0.56554248046875 0.06057470703125 0.56163916015625 0.063041015625 0.5587626953125 0.0618076171875 0.558146484375 0.0591357421875 0.55896826171875 0.05728564453125 0.56143359375 0.05461376953125 0.5643095703125 0.05214697265625 0.56677490234375 0.05214697265625
0 0.52784375 0.0191240234375 0.52281103515625 0.01823193359375 0.5221943359375 0.0151484375 0.5244541015625 0.0128876953125 0.52733056640625 0.013298828125 0.52856298828125 0.01494287109375
0 0.6007314453125 0.0262431640625 0.5984130859375 0.02850927734375 0.59492041015625 0.027892578125 0.5930712890625 0.02563134765625 0.59450927734375 0.02295947265625 0.59718017578125 0.021931640625 0.60026171875 0.0231650390625
0 0.5203857421875 0.0970966796875 0.5166474609375 0.09654541015625 0.514798828125 0.0946953125 0.51582568359375 0.09284521484375 0.518291015625 0.0918173828125 0.52137255859375 0.09366748046875
0 0.44987109375 0.02014111328125 0.44720849609375 0.0248095703125 0.4424833984375 0.0258369140625 0.439607421875 0.02378173828125 0.440634765625 0.020287109375 0.4424833984375 0.01740966796875 0.445154296875 0.01617626953125 0.4478251953125 0.01679296875
0 0.51418212890625 0.214154296875 0.5098681640625 0.21333203125 0.50801904296875 0.2112763671875 0.50843017578125 0.208193359375 0.51130615234375 0.20839892578125 0.51459326171875 0.2104541015625 0.51562060546875 0.212509765625
0 0.5051298828125 0.24897412109375 0.5043212890625 0.25341357421875 0.50123974609375 0.25505810546875 0.49918505859375 0.253619140625 0.49815771484375 0.24950830078125 0.49980126953125 0.24663037109375 0.502677734375 0.24704150390625
0 0.511232421875 0.1950712890625 0.50699169921875 0.1950380859375 0.5049375 0.19277734375 0.50473193359375 0.18969384765625 0.5065810546875 0.1884609375 0.50904638671875 0.18907763671875 0.51151171875 0.1911328125
0 0.52055078125 0.16913916015625 0.51746923828125 0.16996142578125 0.5143876953125 0.168728515625 0.51356591796875 0.16605615234375 0.51603125 0.16482275390625 0.519318359375 0.165439453125 0.52075634765625 0.1666728515625
0 0.5210634765625 0.16388232421875 0.51808544921875 0.165439453125 0.5143876953125 0.16358984375 0.514798828125 0.16091748046875 0.51705859375 0.1598896484375 0.52014013671875 0.16009521484375 0.52178369140625 0.1615341796875
0 0.4312255859375 0.2015126953125 0.429541015625 0.20552099609375 0.42481591796875 0.20757666015625 0.42317236328125 0.2057265625 0.42317236328125 0.2018212890625 0.42728076171875 0.2001767578125 0.43056787109375 0.199765625
0 0.321724609375 0.01098779296875 0.31880859375 0.01473779296875 0.31531591796875 0.01391552734375 0.314494140625 0.01144873046875 0.31675390625 0.00980419921875 0.31860302734375 0.0093935546875
0 0.43549853515625 0.156359375 0.43200634765625 0.1559482421875 0.43036279296875 0.15450927734375 0.4307734375 0.1524541015625 0.43262255859375 0.151220703125 0.43529296875 0.15101513671875 0.43775830078125 0.1524541015625
0 0.3670869140625 0.305078125 0.3697578125 0.30692822265625 0.3697578125 0.31042236328125 0.366470703125 0.3132998046875 0.36297802734375 0.31206689453125 0.36215625 0.30877783203125 0.36359423828125 0.30672265625
0 0.45152294921875 0.3260439453125 0.45481005859375 0.32851025390625 0.45604248046875 0.332416015625 0.45583740234375 0.336732421875 0.45275537109375 0.33919873046875 0.44885205078125 0.33817138671875 0.4467978515625 0.3354990234375 0.44597607421875 0.33221044921875 0.44720849609375 0.3276884765625 0.44864697265625 0.3256328125
0 0.39868017578125 0.286265625 0.400779296875 0.2900732421875 0.40016259765625 0.29480078125 0.39667041015625 0.29623974609375 0.39297265625 0.29500634765625 0.3925615234375 0.29212890625 0.394205078125 0.2892509765625
0 0.58513671875 0.3096572265625 0.58012890625 0.30918896484375 0.5764306640625 0.305900390625 0.57725244140625 0.30220068359375 0.58012890625 0.30137841796875 0.5840322265625 0.30220068359375 0.58649755859375 0.3046669921875
0 0.42614013671875 0.3805107421875 0.423994140625 0.38441943359375 0.4196796875 0.386474609375 0.41495458984375 0.384830078125 0.41269482421875 0.38195263671875 0.41269482421875 0.377841796875 0.41557080078125 0.37640283203125 0.41947412109375 0.37640283203125 0.42276123046875 0.37701953125
0 0.3461318359375 0.372703125 0.34798095703125 0.37599169921875 0.34859716796875 0.37989697265625 0.34654296875 0.38359716796875 0.3428447265625 0.384830078125 0.34120166015625 0.3817470703125 0.34140673828125 0.3774306640625 0.34243408203125 0.37434765625
0 0.43495458984375 0.26219580078125 0.43180078125 0.26109130859375 0.43056787109375 0.2575966796875 0.4313896484375 0.254513671875 0.434060546875 0.2549248046875 0.43590966796875 0.25739111328125 0.43652587890625 0.25965234375
0 0.5000068359375 0.45805908203125 0.501650390625 0.46093701171875 0.49980126953125 0.4658701171875 0.496103515625 0.4666923828125 0.4934326171875 0.46525341796875 0.49363818359375 0.4625810546875 0.496103515625 0.46011474609375
0 0.4359716796875 0.4618740234375 0.43221142578125 0.46175927734375 0.42995166015625 0.45888134765625 0.4301572265625 0.45662060546875 0.43282763671875 0.45620947265625 0.435087890625 0.45703173828125
0 0.41166748046875 0.430310546875 0.40735302734375 0.42763818359375 0.40673681640625 0.4247607421875 0.4085859375 0.4231162109375 0.4114619140625 0.42291064453125 0.4147490234375 0.425171875 0.41433837890625 0.42804931640625
0 0.37088134765625 0.404919921875 0.367498046875 0.40708349609375 0.36297802734375 0.40564501953125 0.3625673828125 0.4025615234375 0.36400537109375 0.399478515625 0.36667626953125 0.39845068359375 0.37016845703125 0.40009521484375 0.37222314453125 0.40235595703125
0 0.4637705078125 0.42424365234375 0.46138427734375 0.42804931640625 0.457275390625 0.42804931640625 0.4535771484375 0.4247607421875 0.4529609375 0.42249951171875 0.4546044921875 0.420033203125 0.45768603515625 0.41982763671875 0.46158935546875 0.42167724609375
0 0.45563427734375 0.43102392578125 0.45398828125 0.43442138671875 0.4511123046875 0.43483251953125 0.44885205078125 0.43359912109375 0.44885205078125 0.43154345703125 0.45049560546875 0.4290771484375 0.45316650390625 0.4290771484375
0 0.44919287109375 0.42153125 0.4445380859375 0.42167724609375 0.44166162109375 0.41982763671875 0.440634765625 0.41756640625 0.4418671875 0.41489453125 0.44474365234375 0.41427783203125 0.44885205078125 0.416744140625 0.45090673828125 0.418388671875
0 0.5807294921875 0.33508349609375 0.5774580078125 0.3365810546875 0.57396533203125 0.33637548828125 0.57211669921875 0.3339091796875 0.5735546875 0.331853515625 0.57766357421875 0.33103125 0.58012890625 0.33205908203125
0 0.49292578125 0.34898291015625 0.4922001953125 0.35261376953125 0.48870751953125 0.35343603515625 0.48644775390625 0.35096923828125 0.48809130859375 0.34829736328125 0.490556640625 0.34788623046875
0 0.5122490234375 0.49984326171875 0.50945703125 0.50002685546875 0.5065810546875 0.4971494140625 0.5078134765625 0.4938603515625 0.51068994140625 0.492421875 0.513771484375 0.49406591796875 0.51418212890625 0.49653271484375
0 0.59734130859375 0.525947265625 0.59204443359375 0.52736474609375 0.5862919921875 0.52530908203125 0.5846484375 0.5228427734375 0.58485400390625 0.5185263671875 0.5885517578125 0.5160595703125 0.59368798828125 0.5168818359375 0.59759130859375 0.5177041015625 0.5996455078125 0.51934814453125 0.59985107421875 0.52325390625
0 0.6261572265625 0.54560986328125 0.6290234375 0.54833056640625 0.63251611328125 0.5493583984375 0.63477587890625 0.54627490234375 0.63374853515625 0.54319189453125 0.631078125 0.53990283203125 0.6290234375 0.5382587890625 0.6261474609375 0.54072509765625
0 0.60649462890625 0.42288720703125 0.60334326171875 0.424796875 0.60046728515625 0.423974609375 0.59985107421875 0.42109716796875 0.6008779296875 0.4188359375 0.6029326171875 0.41821923828125 0.6051923828125 0.41986376953125
0 0.555642578125 0.4489912109375 0.558146484375 0.45069580078125 0.5597900390625 0.45295654296875 0.5597900390625 0.45706787109375 0.55794091796875 0.46138427734375 0.553626953125 0.46158984375 0.55054541015625 0.45891748046875 0.5497236328125 0.4527509765625 0.5513671875 0.44946240234375
0 0.36410107421875 0.47001025390625 0.36338916015625 0.4741640625 0.35948583984375 0.4741640625 0.356609375 0.4714921875 0.35681494140625 0.46840869140625 0.35845849609375 0.46655908203125 0.36112939453125 0.4675869140625
0 0.37630517578125 0.562560546875 0.37407177734375 0.5662490234375 0.37057958984375 0.56686572265625 0.36852490234375 0.56563232421875 0.36893603515625 0.56213818359375 0.372017578125 0.55946630859375 0.37407177734375 0.55987744140625
0 0.3698642578125 0.53306640625 0.37016845703125 0.53685595703125 0.3683193359375 0.54117236328125 0.36503271484375 0.54343359375 0.36195068359375 0.54343359375 0.36071826171875 0.54199462890625 0.36112939453125 0.53973388671875 0.3627724609375 0.53685595703125 0.36462158203125 0.53418408203125 0.36667626953125 0.532333984375
0 0.39868017578125 0.5645947265625 0.398724609375 0.56809912109375 0.39646484375 0.571798828125 0.393177734375 0.573443359375 0.3913291015625 0.57035986328125 0.39235595703125 0.5662490234375 0.39502685546875 0.56398828125
0 0.420912109375 0.6013974609375 0.42111767578125 0.60406982421875 0.41988525390625 0.606947265625 0.41598193359375 0.6073583984375 0.41392724609375 0.60612548828125 0.4141328125 0.60406982421875 0.41618701171875 0.60180859375 0.41824169921875 0.6013974609375
0 0.5186904296875 0.60934423828125 0.51459326171875 0.610048828125 0.51151171875 0.606759765625 0.5121279296875 0.6044990234375 0.5143876953125 0.60223779296875 0.51746923828125 0.6036767578125 0.5187021484375 0.605732421875
0 0.48850244140625 0.59997705078125 0.4856259765625 0.60470458984375 0.4811064453125 0.60491015625 0.47925732421875 0.603265625 0.48090087890625 0.599771484375 0.48295556640625 0.5973046875 0.48542041015625 0.596482421875
0 0.463431640625 0.49950439453125 0.46261669921875 0.50501416015625 0.4591240234375 0.50809765625 0.45439892578125 0.50809765625 0.45255029296875 0.50583642578125 0.45275537109375 0.502958984375 0.45645361328125 0.49802587890625 0.4578916015625 0.49638134765625 0.46138427734375 0.49617578125
0 0.5373359375 0.5717138671875 0.5332880859375 0.56996728515625 0.532671875 0.56750048828125 0.53472607421875 0.5650341796875 0.53739697265625 0.5660615234375 0.5386298828125 0.56832275390625
0 0.52239990234375 0.524541015625 0.51972900390625 0.52680224609375 0.51500390625 0.5274189453125 0.5133603515625 0.52536328125 0.513771484375 0.52289697265625 0.51685302734375 0.52166357421875 0.5199345703125 0.52125244140625
0 0.582763671875 0.6703662109375 0.581361328125 0.674009765625 0.57766357421875 0.6752431640625 0.5735546875 0.67503759765625 0.57334912109375 0.67236572265625 0.576841796875 0.66887109375 0.5797177734375 0.66825439453125 0.5830048828125 0.66866552734375
0 0.57191552734375 0.6703662109375 0.56698046875 0.6684599609375 0.56554248046875 0.665376953125 0.56718603515625 0.662705078125 0.57006201171875 0.6631162109375 0.57252734375 0.66476025390625 0.57273291015625 0.66763818359375
0 0.5807294921875 0.60561474609375 0.57663623046875 0.61029052734375 0.5719111328125 0.6117294921875 0.569240234375 0.6100849609375 0.56944580078125 0.6061796875 0.571294921875 0.603712890625 0.57437646484375 0.60186279296875 0.57725244140625 0.60186279296875 0.57992333984375 0.60309619140625
0 0.51733447265625 0.58256201171875 0.5131552734375 0.58418603515625 0.510484375 0.58254150390625 0.51007373046875 0.58028076171875 0.51192236328125 0.57822509765625 0.5143876953125 0.5776083984375 0.51644189453125 0.5792529296875
0 0.37528857421875 0.6337529296875 0.3792080078125 0.63557275390625 0.38064599609375 0.63906689453125 0.37982421875 0.6435888671875 0.37612646484375 0.644822265625 0.37345556640625 0.643177734375 0.37242822265625 0.63988916015625 0.37242822265625 0.63701171875
0 0.45597314453125 0.58629150390625 0.45255029296875 0.58541943359375 0.45193408203125 0.58295263671875 0.4529609375 0.58171923828125 0.455015625 0.58028076171875 0.457275390625 0.5808974609375 0.45748095703125 0.583158203125
0 0.49021337890625 0.579171875 0.48932421875 0.5835693359375 0.48542041015625 0.58685791015625 0.4821337890625 0.58665234375 0.480490234375 0.58336376953125 0.48151708984375 0.5800751953125 0.483982421875 0.5784306640625 0.4866533203125 0.57801953125
0 0.5481845703125 0.7161328125 0.55177783203125 0.71722900390625 0.55218896484375 0.7199013671875 0.55177783203125 0.723806640625 0.5486962890625 0.72483447265625 0.5464365234375 0.72236767578125 0.5454091796875 0.71846240234375
0 0.40037548828125 0.720201171875 0.40344970703125 0.7217509765625 0.4036552734375 0.72503955078125 0.400984375 0.72873974609375 0.3970810546875 0.7277119140625 0.3968759765625 0.72401220703125
0 0.41269482421875 0.7688212890625 0.4092021484375 0.7688212890625 0.40714794921875 0.7671767578125 0.4069423828125 0.76429931640625 0.40899658203125 0.76306591796875 0.411873046875 0.7636826171875 0.4135166015625 0.76471044921875
0 0.5505576171875 0.75308544921875 0.5493125 0.75650634765625 0.54561474609375 0.75815087890625 0.54232763671875 0.75691748046875 0.54130029296875 0.7548623046875 0.5431494140625 0.75218994140625 0.546025390625 0.75075146484375 0.54849072265625 0.7505458984375
0 0.487162109375 0.8022421875 0.48480419921875 0.804193359375 0.48151708984375 0.80439892578125 0.478435546875 0.8029599609375 0.477203125 0.80131591796875 0.47802490234375 0.79967138671875 0.48090087890625 0.79884912109375 0.48418798828125 0.7990546875
0 0.47597509765625 0.7452880859375 0.47206689453125 0.74705126953125 0.46857470703125 0.7454072265625 0.46877978515625 0.74232373046875 0.47083447265625 0.74067919921875 0.4735048828125 0.74067919921875 0.47576513671875 0.7421181640625
0 0.47122900390625 0.820548828125 0.46754736328125 0.81717919921875 0.4677529296875 0.8128623046875 0.4700126953125 0.81224609375 0.47206689453125 0.81389013671875 0.47309423828125 0.81676806640625
0 0.43732763671875 0.82936279296875 0.434060546875 0.8323896484375 0.4291298828125 0.833828125 0.42707568359375 0.83218408203125 0.42871923828125 0.830333984375 0.43180078125 0.82786767578125 0.43385498046875 0.8272509765625
0 0.6149697265625 0.80868310546875 0.61443701171875 0.81265673828125 0.6117666015625 0.8153291015625 0.6084794921875 0.81491796875 0.6068359375 0.8106015625 0.60889013671875 0.808134765625 0.61135546875 0.808134765625
0 0.57807421875 0.8658935546875 0.574787109375 0.86733251953125 0.57047314453125 0.8658935546875 0.56780224609375 0.8636328125 0.56677490234375 0.86034375 0.569240234375 0.858494140625 0.5729384765625 0.8599326171875 0.57622509765625 0.8623994140625
0 0.53292919921875 0.81241259765625 0.52897412109375 0.81245166015625 0.52671435546875 0.81039599609375 0.52856298828125 0.80792919921875 0.53123388671875 0.80690185546875 0.53349365234375 0.80875146484375
0 0.5410654296875 0.89547021484375 0.53821875 0.89986328125 0.5330830078125 0.9004794921875 0.52856298828125 0.899041015625 0.52815234375 0.89677978515625 0.5297958984375 0.89390234375 0.5343154296875 0.89287451171875 0.5376025390625 0.89328564453125
0 0.56038916015625 0.8575009765625 0.55506494140625 0.854642578125 0.55403759765625 0.851970703125 0.5565029296875 0.85053173828125 0.55999560546875 0.851970703125 0.56163916015625 0.85382080078125
0 0.3716064453125 0.9379072265625 0.36873046875 0.94201806640625 0.36359423828125 0.9446904296875 0.35845849609375 0.94407373046875 0.35784228515625 0.94099072265625 0.3592802734375 0.93770166015625 0.3615400390625 0.93502978515625 0.36503271484375 0.9335908203125 0.36893603515625 0.9335908203125
0 0.436310546875 0.912759765625 0.43282763671875 0.91098046875 0.4324169921875 0.9087197265625 0.43447119140625 0.907486328125 0.4379638671875 0.90851416015625 0.438375 0.91015869140625
0 0.44817578125 0.92699853515625 0.4474140625 0.93297412109375 0.4424833984375 0.93544091796875 0.4389912109375 0.9327685546875 0.43878564453125 0.9284521484375 0.44083984375 0.925369140625 0.44371630859375 0.9241357421875 0.4457705078125 0.92475244140625
0 0.4613974609375 0.90936962890625 0.456248046875 0.9078974609375 0.4556318359375 0.9044033203125 0.45706982421875 0.90173095703125 0.4601513671875 0.90173095703125 0.462822265625 0.903169921875 0.46364404296875 0.90769189453125
0 0.54682861328125 0.982935546875 0.54397119140625 0.98723876953125 0.5402734375 0.9917607421875 0.53616455078125 0.992171875 0.53452099609375 0.99032177734375 0.5343154296875 0.98744384765625 0.53554833984375 0.98394970703125 0.53801318359375 0.98086669921875 0.54130029296875 0.98045556640625 0.5441767578125 0.98045556640625
0 0.5608173828125 0.9968994140625 0.55835205078125 0.99951171875 0.5542431640625 0.99951171875 0.55177783203125 0.99951171875 0.5493125 0.997310546875 0.5509560546875 0.99381591796875 0.553626953125 0.992171875 0.5575302734375 0.9917607421875 0.5608173828125 0.9927880859375
0 0.46716064453125 0.83377001953125 0.46185546875 0.83237890625 0.46206103515625 0.82909033203125 0.4634990234375 0.8260068359375 0.46719677734375 0.82559619140625 0.4700732421875 0.827240234375 0.47089501953125 0.82950146484375 0.47048388671875 0.8327900390625
0 0.8021044921875 0.88970703125 0.7998681640625 0.89567431640625 0.79411572265625 0.896291015625 0.79185595703125 0.89341357421875 0.7922666015625 0.8899189453125 0.79514306640625 0.8888916015625 0.79863525390625 0.8888916015625
0 0.8014267578125 0.93411767578125 0.7976083984375 0.933083984375 0.79637548828125 0.93123388671875 0.7965810546875 0.9291787109375 0.798224609375 0.927123046875 0.80068994140625 0.92773974609375 0.8031552734375 0.93020654296875 0.803771484375 0.93246728515625
0 0.7305732421875 0.8097001953125 0.730634765625 0.81405419921875 0.72590966796875 0.82042626953125 0.72097900390625 0.8222763671875 0.717486328125 0.8193984375 0.71666455078125 0.81569873046875 0.719541015625 0.8119990234375 0.723033203125 0.8103544921875 0.7267314453125 0.8095322265625
0 0.808884765625 0.7564755859375 0.80849658203125 0.76040673828125 0.8054150390625 0.76616162109375 0.79966259765625 0.767189453125 0.7955537109375 0.76390087890625 0.79596484375 0.7597900390625 0.79966259765625 0.7565009765625 0.80459326171875 0.7550625
0 0.789390625 0.773150390625 0.78384375 0.77253369140625 0.77973486328125 0.7700673828125 0.77850244140625 0.76821728515625 0.77932421875 0.76616162109375 0.782611328125 0.76595654296875 0.786103515625 0.7667783203125 0.789390625 0.76780615234375 0.79041796875 0.76965625
0 0.8180380859375 0.793427734375 0.81856298828125 0.79781591796875 0.81568701171875 0.80048828125 0.8121943359375 0.80110498046875 0.80952392578125 0.7992548828125 0.81014013671875 0.796171875 0.81239990234375 0.7924716796875 0.81630322265625 0.79082763671875
0 0.80549462890625 0.83139697265625 0.80151171875 0.8309091796875 0.7978134765625 0.8284423828125 0.7955537109375 0.82638720703125 0.79452685546875 0.82248193359375 0.7965810546875 0.82001513671875 0.8011005859375 0.82083740234375 0.80520947265625 0.82350927734375 0.80746923828125 0.826181640625 0.80746923828125 0.82947021484375
0 0.6987060546875 0.87004443359375 0.6946826171875 0.8703740234375 0.69160107421875 0.86893505859375 0.691806640625 0.86626318359375 0.69283349609375 0.8635908203125 0.69653173828125 0.8644130859375 0.6985859375 0.86667431640625
0 0.68050732421875 0.8498193359375 0.6763984375 0.849408203125 0.67454931640625 0.84694189453125 0.67516552734375 0.84426953125 0.67783642578125 0.8430361328125 0.68112353515625 0.8446806640625 0.68215087890625 0.84755859375
0 0.58411962890625 0.95445849609375 0.581279296875 0.95033203125 0.581279296875 0.945193359375 0.5839501953125 0.9431376953125 0.58662109375 0.94416552734375 0.5882646484375 0.94724853515625 0.58764794921875 0.95074267578125
0 0.7607451171875 0.894453125 0.7600126953125 0.89791748046875 0.75754736328125 0.89873974609375 0.75508203125 0.8968896484375 0.75426025390625 0.8942177734375 0.75631494140625 0.8933955078125
0 0.69262841796875 0.81134619140625 0.69118994140625 0.81401806640625 0.68646484375 0.81442919921875 0.68235595703125 0.81360693359375 0.68173974609375 0.81011279296875 0.68502685546875 0.808673828125 0.6891357421875 0.808673828125
0 0.66175341796875 0.6971484375 0.6614013671875 0.70115478515625 0.65831982421875 0.70321044921875 0.65503271484375 0.70238818359375 0.65503271484375 0.69951025390625 0.65667626953125 0.6978662109375 0.6581142578125 0.69724951171875
0 0.81769921875 0.6561279296875 0.81835791015625 0.6587939453125 0.81835791015625 0.662494140625 0.81507080078125 0.6663994140625 0.81239990234375 0.66331591796875 0.81281103515625 0.66023291015625 0.8152763671875 0.65714990234375
0 0.81137255859375 0.66496044921875 0.8121943359375 0.66783837890625 0.8109619140625 0.67133251953125 0.808291015625 0.67256591796875 0.8064423828125 0.67092138671875 0.8064423828125 0.6682490234375 0.80849658203125 0.66619384765625
0 0.79532421875 0.713759765625 0.793705078125 0.71758056640625 0.79041796875 0.71840283203125 0.78795263671875 0.71675830078125 0.78795263671875 0.7134697265625 0.7910341796875 0.7110029296875 0.79391015625 0.7118251953125
0 0.7105712890625 0.686638671875 0.70824169921875 0.69065380859375 0.70392724609375 0.6929150390625 0.7012568359375 0.6920927734375 0.700845703125 0.68921484375 0.702900390625 0.68674853515625 0.7057763671875 0.685720703125
0 0.7488798828125 0.77851123046875 0.74357763671875 0.778216796875 0.7411123046875 0.77677783203125 0.73926318359375 0.77451708984375 0.7390576171875 0.77061181640625 0.7423447265625 0.7683505859375 0.74645361328125 0.769583984375 0.7489189453125 0.77081689453125 0.74953515625 0.773900390625
0 0.640056640625 0.654771484375 0.64024072265625 0.65750634765625 0.6371591796875 0.65997314453125 0.6338720703125 0.65997314453125 0.632228515625 0.6585341796875 0.63181787109375 0.65483447265625 0.63346142578125 0.652984375 0.63654296875 0.65216259765625
0 0.6881962890625 0.6910458984375 0.68297265625 0.690599609375 0.68071240234375 0.68874951171875 0.6790693359375 0.6866943359375 0.68112353515625 0.684638671875 0.6835888671875 0.6842275390625 0.68790283203125 0.68566650390625 0.68934130859375 0.687927734375
0 0.79329052734375 0.6201923828125 0.79082861328125 0.62377880859375 0.78528173828125 0.624806640625 0.7822001953125 0.6227509765625 0.78240576171875 0.6184345703125 0.78487109375 0.61637890625 0.788158203125 0.61514599609375 0.7910341796875 0.6149404296875 0.79308837890625 0.61658447265625
0 0.71362255859375 0.55679736328125 0.71625390625 0.560041015625 0.71707568359375 0.56353564453125 0.71502099609375 0.566001953125 0.711939453125 0.5651796875 0.71070703125 0.561685546875
0 0.72514892578125 0.5581533203125 0.72097900390625 0.55757470703125 0.7191298828125 0.5542861328125 0.72056787109375 0.55284716796875 0.723033203125 0.55325830078125 0.7257041015625 0.5553134765625
0 0.69531591796875 0.4330576171875 0.6936552734375 0.43604248046875 0.68954638671875 0.43789208984375 0.68646484375 0.4358369140625 0.68728662109375 0.43357568359375 0.68893017578125 0.43193115234375 0.69098486328125 0.43152001953125 0.6930390625 0.43152001953125
0 0.69802783203125 0.42051416015625 0.6934501953125 0.42412060546875 0.685232421875 0.42535400390625 0.68071240234375 0.42329833984375 0.68173974609375 0.4191875 0.684205078125 0.41774853515625 0.68954638671875 0.41733740234375 0.694271484375 0.41754296875
0 0.76309423828125 0.4350146484375 0.76247802734375 0.43871435546875 0.7600126953125 0.44118115234375 0.756109375 0.4424140625 0.75302783203125 0.440564453125 0.75261669921875 0.43748095703125 0.7544658203125 0.43439794921875 0.7577529296875 0.432958984375 0.7600126953125 0.43316455078125
0 0.79329052734375 0.544931640625 0.79349951171875 0.54970947265625 0.79185595703125 0.554642578125 0.78754150390625 0.55546484375 0.78569287109375 0.551970703125 0.7867197265625 0.5484765625 0.78754150390625 0.54498193359375 0.79041796875 0.54395458984375
0 0.50411279296875 0.43916015625 0.5009521484375 0.43931298828125 0.49930859375 0.437462890625 0.49951416015625 0.43540771484375 0.50218505859375 0.43540771484375 0.50485546875 0.43643505859375
0 0.7336240234375 0.4961142578125 0.733921875 0.5003603515625 0.73042919921875 0.502416015625 0.72755322265625 0.50221044921875 0.72590966796875 0.5003603515625 0.7263203125 0.49727734375 0.72940185546875 0.496455078125
0 0.7766787109375 0.53204931640625 0.776037109375 0.535919921875 0.77316064453125 0.53694775390625 0.7711064453125 0.5346865234375 0.77028466796875 0.53180908203125 0.7723388671875 0.529958984375 0.77521533203125 0.52975341796875
0 0.81600390625 0.535439453125 0.82000146484375 0.53489208984375 0.8220556640625 0.5320146484375 0.8210283203125 0.52893115234375 0.81959033203125 0.52667041015625 0.8154814453125 0.52646484375 0.81404345703125 0.52893115234375 0.814865234375 0.531603515625
0 0.724470703125 0.4442451171875 0.7269365234375 0.44445166015625 0.72816943359375 0.44691796875 0.7279638671875 0.45000146484375 0.72611474609375 0.45226220703125 0.723033203125 0.4524677734375 0.7211845703125 0.4497958984375 0.72180078125 0.44671240234375
0 0.64310791015625 0.34694873046875 0.64188427734375 0.35087353515625 0.63900830078125 0.3523125 0.63674853515625 0.35066796875 0.63633740234375 0.3486123046875 0.637775390625 0.3467626953125 0.64065185546875 0.34573486328125
0 0.79125634765625 0.3805107421875 0.788158203125 0.37881005859375 0.78795263671875 0.373876953125 0.79041796875 0.3730546875 0.79288330078125 0.37367138671875 0.79349951171875 0.37716552734375 0.79288330078125 0.3804541015625
0 0.78302197265625 0.34468896484375 0.78014599609375 0.34592236328125 0.77706396484375 0.34468896484375 0.7766533203125 0.34037255859375 0.77870751953125 0.33728955078125 0.7811728515625 0.33728955078125 0.78281640625 0.339755859375
0 0.7265048828125 0.32118359375 0.72590966796875 0.32409814453125 0.72364990234375 0.325537109375 0.7201572265625 0.3259482421875 0.7191298828125 0.32450927734375 0.719541015625 0.3216318359375 0.72221142578125 0.31978173828125 0.725087890625 0.31937060546875
0 0.72919677734375 0.30436572265625 0.7246767578125 0.3029267578125 0.72385498046875 0.29819921875 0.7263203125 0.29614404296875 0.729607421875 0.2959384765625 0.7318671875 0.29717138671875 0.731662109375 0.3010771484375
0 0.76650830078125 0.28762158203125 0.76597021484375 0.2928369140625 0.76412158203125 0.29592041015625 0.7610400390625 0.29777001953125 0.75877978515625 0.29592041015625 0.75980712890625 0.291603515625 0.76247802734375 0.28790380859375
0 0.78651025390625 0.215412109375 0.78733642578125 0.21861669921875 0.78569287109375 0.2227275390625 0.78076220703125 0.22252197265625 0.77870751953125 0.22046630859375 0.7809677734375 0.21635546875 0.7832275390625 0.21532763671875
0 0.7754208984375 0.1962119140625 0.77151708984375 0.1974453125 0.76761376953125 0.196623046875 0.7665869140625 0.19436181640625 0.76802490234375 0.1918955078125 0.77172265625 0.1918955078125 0.77418798828125 0.19292333984375
0 0.6620927734375 0.30321630859375 0.65893603515625 0.30434765625 0.65564892578125 0.30434765625 0.65503271484375 0.30188134765625 0.65564892578125 0.29838671875 0.657703125 0.29674267578125 0.66016845703125 0.29735888671875 0.6616064453125 0.30064794921875
0 0.77972998046875 0.23846484375 0.7811728515625 0.24287109375 0.77973486328125 0.24780419921875 0.77583154296875 0.249654296875 0.773982421875 0.24657080078125 0.77480419921875 0.24184326171875 0.77624267578125 0.23999365234375
0 0.73192919921875 0.19574951171875 0.7324833984375 0.19968798828125 0.7312509765625 0.20338818359375 0.728375 0.20482666015625 0.7246767578125 0.2058544921875 0.722828125 0.20359375 0.72180078125 0.20009912109375 0.7234443359375 0.1980439453125 0.72652587890625 0.19660498046875
0 0.69972314453125 0.2543984375 0.69653173828125 0.2560078125 0.69386083984375 0.25580224609375 0.691806640625 0.2537470703125 0.69118994140625 0.25169140625 0.6934501953125 0.2494306640625 0.69612060546875 0.2494306640625 0.69838037109375 0.25107470703125
0 0.76142333984375 0.18591796875 0.76145068359375 0.18959814453125 0.758369140625 0.192681640625 0.75508203125 0.19000927734375 0.7540546875 0.1879541015625 0.75487646484375 0.1858984375 0.7577529296875 0.185076171875
0 0.6356494140625 0.1625263671875 0.6320234375 0.16265380859375 0.6303798828125 0.15854248046875 0.6320234375 0.1564873046875 0.63448876953125 0.1564873046875 0.63695361328125 0.15792578125 0.6375703125 0.16059814453125
0 0.6702353515625 0.1157890625 0.67126220703125 0.11784423828125 0.6704404296875 0.12257177734375 0.6679755859375 0.124421875 0.6648935546875 0.1240107421875 0.663044921875 0.12216064453125 0.6624287109375 0.11989990234375 0.6653046875 0.116611328125 0.66735888671875 0.114966796875
0 0.71111767578125 0.12031103515625 0.70762548828125 0.1196943359375 0.70557080078125 0.11784423828125 0.7047490234375 0.11558349609375 0.70598193359375 0.11393896484375 0.7090634765625 0.11311669921875 0.71214501953125 0.1145556640625 0.71276123046875 0.11825537109375
0 0.6461591796875 0.00454638671875 0.64414404296875 0.00827001953125 0.6410625 0.0099140625 0.6381865234375 0.00888671875 0.6375703125 0.006419921875 0.63839208984375 0.00456982421875 0.639830078125 0.00313134765625 0.64188427734375 0.00148681640625 0.6449658203125 0.00189794921875
0 0.69057373046875 0.0368408203125 0.68954638671875 0.04012939453125 0.68667041015625 0.04095166015625 0.68399951171875 0.03951318359375 0.68379443359375 0.037251953125 0.686259765625 0.0351962890625 0.68831396484375 0.03540185546875
0 0.7587109375 0.0533642578125 0.75919091796875 0.0565732421875 0.75693115234375 0.0590400390625 0.753849609375 0.05883447265625 0.75097314453125 0.05842333984375 0.74974072265625 0.056162109375 0.75076806640625 0.0547236328125 0.7534384765625 0.053490234375 0.75631494140625 0.05328466796875
0 0.74820166015625 0.10048681640625 0.74871337890625 0.1040546875 0.747275390625 0.107548828125 0.74419384765625 0.10857666015625 0.74255029296875 0.10734326171875 0.7413173828125 0.1044658203125 0.7423447265625 0.10179345703125 0.7446044921875 0.100560546875
0 0.74311669921875 0.09811376953125 0.7413173828125 0.10138232421875 0.73844140625 0.1036435546875 0.7357705078125 0.10220458984375 0.73597607421875 0.09973828125 0.7378251953125 0.09788818359375 0.73987939453125 0.09706591796875
0 0.9137216796875 0.0155732421875 0.909818359375 0.01372314453125 0.90920166015625 0.0112568359375 0.9104345703125 0.00858447265625 0.91351611328125 0.0077626953125 0.91639208984375 0.0096123046875 0.9170087890625 0.01331201171875
0 0.90177392578125 0.09980908203125 0.90077880859375 0.10251953125 0.8972861328125 0.10395849609375 0.8933828125 0.10395849609375 0.889890625 0.103341796875 0.8878359375 0.10149169921875 0.88906884765625 0.0994365234375 0.8927666015625 0.09717529296875 0.8950263671875 0.0961474609375 0.898724609375 0.0961474609375
0 0.86685595703125 0.12320068359375 0.8656484375 0.1261572265625 0.86215576171875 0.126568359375 0.8605126953125 0.1243076171875 0.86153955078125 0.11978564453125 0.86462109375 0.119580078125
0 0.83261572265625 0.1123525390625 0.8362705078125 0.1148525390625 0.83832470703125 0.11814111328125 0.83832470703125 0.12245751953125 0.83606494140625 0.1261572265625 0.83154541015625 0.1261572265625 0.82825830078125 0.12307421875 0.82723095703125 0.11978564453125 0.828052734375 0.115263671875 0.82928564453125 0.11341357421875
0 0.80052392578125 0.10621923828125 0.796826171875 0.107658203125 0.793744140625 0.1064248046875 0.79394970703125 0.10313623046875 0.7951826171875 0.10066943359375 0.7976474609375 0.10066943359375 0.79949658203125 0.10313623046875
0 0.88187841796875 0.1598671875 0.8783857421875 0.16089501953125 0.8748935546875 0.1611005859375 0.87325 0.1594560546875 0.87325 0.156373046875 0.87571484375 0.1543173828125 0.879001953125 0.15390625 0.88208349609375 0.15493408203125
0 0.90855419921875 0.17642578125 0.9094072265625 0.18021630859375 0.90755859375 0.1826826171875 0.90509326171875 0.18186083984375 0.90468212890625 0.17816064453125 0.9059150390625 0.17631103515625
0 0.90075732421875 0.03437939453125 0.90242236328125 0.03674462890625 0.90242236328125 0.041677734375 0.89913525390625 0.0447607421875 0.89584814453125 0.0437333984375 0.89461572265625 0.04085546875 0.89584814453125 0.037361328125 0.89810791015625 0.03468896484375 0.9003681640625 0.03468896484375
0 0.83464990234375 0.0462451171875 0.835859375 0.0490771484375 0.8340107421875 0.051955078125 0.83113427734375 0.05051611328125 0.8303125 0.0480498046875 0.8319560546875 0.04661083984375
0 0.97940771484375 0.1608310546875 0.97597021484375 0.16029638671875 0.97288818359375 0.15782958984375 0.97165576171875 0.1541298828125 0.97329931640625 0.15207421875 0.97658642578125 0.15207421875 0.97987353515625 0.15310205078125 0.981927734375 0.15597998046875 0.98151708984375 0.1592685546875
0 0.95398193359375 0.14354150390625 0.9492626953125 0.14488037109375 0.94679736328125 0.142619140625 0.94741357421875 0.14056396484375 0.95008447265625 0.1395361328125 0.95296044921875 0.14015283203125 0.9548095703125 0.141796875
0 0.94392138671875 0.13501416015625 0.945359375 0.13809716796875 0.94351025390625 0.14097509765625 0.94022314453125 0.14159130859375 0.93796337890625 0.14056396484375 0.937552734375 0.13809716796875 0.93796337890625 0.1362470703125 0.9404287109375 0.13542529296875
0 0.82786962890625 0.2093095703125 0.82394384765625 0.209869140625 0.8206572265625 0.20925244140625 0.81942431640625 0.207197265625 0.82004052734375 0.2043193359375 0.82271142578125 0.20308642578125 0.82558740234375 0.20308642578125 0.82784765625 0.20493603515625 0.829080078125 0.20699169921875
0 0.88550146484375 0.24795703125 0.8882470703125 0.2497451171875 0.88968505859375 0.252623046875 0.8884521484375 0.25632275390625 0.8861923828125 0.25920068359375 0.88331640625 0.259611328125 0.88187841796875 0.2581728515625 0.88126171875 0.25550048828125 0.88208349609375 0.250978515625 0.88475439453125 0.24851220703125
0 0.92789697265625 0.27461669921875 0.92502099609375 0.27811083984375 0.92132275390625 0.27831640625 0.91803564453125 0.2762607421875 0.91618701171875 0.27420556640625 0.91680322265625 0.27091650390625 0.92070654296875 0.27009423828125 0.92399365234375 0.2707109375
0 0.9685595703125 0.27101025390625 0.9648759765625 0.2707109375 0.96158935546875 0.268861328125 0.96097265625 0.2668056640625 0.96220556640625 0.26475048828125 0.965287109375 0.264544921875 0.96775244140625 0.26639453125 0.97001220703125 0.268861328125
0 0.9459755859375 0.26310595703125 0.94720849609375 0.265572265625 0.947619140625 0.2692724609375 0.9447431640625 0.271533203125 0.94166162109375 0.27091650390625 0.93960693359375 0.26865576171875 0.9394013671875 0.26639453125 0.94125048828125 0.26392822265625 0.94351025390625 0.26372265625
0 0.95567724609375 0.23744775390625 0.955220703125 0.2402900390625 0.95275537109375 0.2419345703125 0.9492626953125 0.240701171875 0.94782470703125 0.23864599609375 0.948646484375 0.23535693359375 0.9515224609375 0.234740234375 0.95439892578125 0.2355625
0 0.94448974609375 0.33813427734375 0.94638671875 0.340875 0.9459755859375 0.34580810546875 0.94330517578125 0.34724658203125 0.93960693359375 0.346013671875 0.93899072265625 0.34416357421875 0.93878515625 0.3404638671875 0.94063427734375 0.33923046875
0 0.82617431640625 0.3344052734375 0.82332763671875 0.3371748046875 0.82004052734375 0.3361474609375 0.81880810546875 0.33306396484375 0.82024609375 0.33059765625 0.8229169921875 0.3301865234375 0.824765625 0.331419921875 0.82599853515625 0.33347509765625
0 0.8912646484375 0.4188193359375 0.8915341796875 0.42271875 0.889890625 0.42641845703125 0.8859873046875 0.42847412109375 0.88331640625 0.4266240234375 0.88249462890625 0.42374658203125 0.88372705078125 0.42086865234375 0.88639794921875 0.41819677734375 0.88865771484375 0.417580078125
0 0.97720263671875 0.30781787109375 0.971861328125 0.3065849609375 0.97042333984375 0.3041181640625 0.971861328125 0.3016513671875 0.97453173828125 0.30103515625 0.9780244140625 0.3024736328125 0.9792568359375 0.30555712890625
0 0.84531005859375 0.300212890625 0.8440771484375 0.3032958984375 0.83976318359375 0.304529296875 0.8385302734375 0.30226806640625 0.83976318359375 0.30000732421875 0.842228515625 0.29877392578125
0 0.84380322265625 0.4784853515625 0.84531005859375 0.4821396484375 0.844693359375 0.48522314453125 0.84099560546875 0.48583984375 0.83873583984375 0.4854287109375 0.83811962890625 0.4837841796875 0.83873583984375 0.4802900390625 0.841201171875 0.47802880859375
0 0.976017578125 0.48831689453125 0.97124462890625 0.48851171875 0.96734130859375 0.48707275390625 0.967546875 0.4841953125 0.9702177734375 0.48008447265625 0.97453173828125 0.48090673828125 0.97658642578125 0.48275634765625 0.9769970703125 0.48522314453125
0 0.9733056640625 0.50052099609375 0.97268310546875 0.5045986328125 0.96877978515625 0.5080927734375 0.96610888671875 0.5072705078125 0.9648759765625 0.503365234375 0.9669306640625 0.50089892578125 0.9702177734375 0.4986376953125
0 0.8656484375 0.54550244140625 0.86647021484375 0.55022998046875 0.8656484375 0.55577978515625 0.86215576171875 0.5594794921875 0.857841796875 0.560712890625 0.85476025390625 0.559890625 0.85414404296875 0.55536865234375 0.8545546875 0.55064111328125 0.8572255859375 0.54714697265625 0.86092333984375 0.5440634765625
0 0.9003681640625 0.56174072265625 0.89954638671875 0.5646181640625 0.896669921875 0.5670849609375 0.8937939453125 0.56729052734375 0.89235595703125 0.56441259765625 0.89399951171875 0.56215185546875 0.89749169921875 0.5611240234375
0 0.91770751953125 0.48594384765625 0.9170087890625 0.48938818359375 0.91289990234375 0.49021044921875 0.91064013671875 0.4883603515625 0.91022900390625 0.4856884765625 0.912078125 0.4840439453125 0.91515966796875 0.4840439453125
0 0.90346923828125 0.62595556640625 0.90509326171875 0.629419921875 0.904271484375 0.63270849609375 0.9026279296875 0.63558642578125 0.8993408203125 0.63435302734375 0.89851904296875 0.63126953125 0.8983134765625 0.6281865234375 0.90016259765625 0.6257197265625
0 0.9431337890625 0.6879951171875 0.9426884765625 0.693568359375 0.9398125 0.69726806640625 0.93673095703125 0.69582958984375 0.93529296875 0.69295166015625 0.93570361328125 0.68904638671875 0.9369365234375 0.68596337890625 0.94001806640625 0.6857578125 0.9424833984375 0.68637451171875
0 0.88516259765625 0.665958984375 0.88249462890625 0.66256689453125 0.8827001953125 0.65907275390625 0.88578173828125 0.6584560546875 0.8878359375 0.65989501953125 0.88804150390625 0.66215576171875 0.88742529296875 0.6644169921875
0 0.993646484375 0.7588486328125 0.99281591796875 0.7636962890625 0.98891259765625 0.765134765625 0.98521484375 0.7643125 0.98377685546875 0.762462890625 0.9848037109375 0.7595849609375 0.9868583984375 0.7585576171875 0.989529296875 0.758146484375
0 0.89397705078125 0.71274267578125 0.89358837890625 0.717037109375 0.89071240234375 0.7192978515625 0.885576171875 0.717859375 0.884548828125 0.71559814453125 0.885576171875 0.71313134765625 0.8882470703125 0.71128173828125 0.89194482421875 0.711076171875
0 0.83973486328125 0.6544326171875 0.8350380859375 0.65393408203125 0.83421630859375 0.6514677734375 0.8340107421875 0.64797314453125 0.835859375 0.6469453125 0.83935205078125 0.6498232421875 0.8407900390625 0.65187841796875
0 0.90618115234375 0.8100390625 0.906736328125 0.81513720703125 0.903244140625 0.81842578125 0.89913525390625 0.8171923828125 0.8989296875 0.8145205078125 0.9003681640625 0.811642578125 0.9026279296875 0.80999853515625
0 0.88865771484375 0.78903271484375 0.88927392578125 0.79170458984375 0.8878359375 0.79540478515625 0.88475439453125 0.7958154296875 0.88352197265625 0.79458251953125 0.8829052734375 0.79170458984375 0.884548828125 0.7888271484375 0.88639794921875 0.7880048828125
0 0.85804150390625 0.91208203125 0.85558203125 0.91525634765625 0.85208935546875 0.915873046875 0.84941845703125 0.91443408203125 0.85003515625 0.91176220703125 0.85250048828125 0.90970654296875 0.8551708984375 0.90970654296875
0 0.86414404296875 0.89275830078125 0.86092333984375 0.89716845703125 0.8561982421875 0.89778515625 0.852294921875 0.89449609375 0.853322265625 0.8901796875 0.856814453125 0.88915185546875 0.85989599609375 0.8889462890625 0.862361328125 0.88956298828125
0 0.8705849609375 0.8297021484375 0.87140087890625 0.8332431640625 0.8705791015625 0.83694287109375 0.86647021484375 0.83694287109375 0.86523779296875 0.8348876953125 0.86544287109375 0.83221533203125 0.86749755859375 0.8297490234375
0 0.90855419921875 0.7815625 0.90735302734375 0.7853505859375 0.904271484375 0.78576171875 0.9028330078125 0.783912109375 0.904271484375 0.78165087890625 0.9061201171875 0.77980126953125
0 0.982458984375 0.84834765625 0.97843505859375 0.8488828125 0.975353515625 0.84723828125 0.97453173828125 0.84518310546875 0.97658642578125 0.84394970703125 0.98048974609375 0.8441552734375 0.982955078125 0.845388671875
0 0.96991552734375 0.8900458984375 0.96672509765625 0.89225341796875 0.96323291015625 0.89225341796875 0.96117822265625 0.890814453125 0.960767578125 0.88855322265625 0.96343798828125 0.8860869140625 0.9659033203125 0.886498046875 0.96775244140625 0.88793701171875
0 0.729216796875 0.94530517578125 0.72533251953125 0.9438818359375 0.72471630859375 0.9414150390625 0.72389453125 0.93894873046875 0.724921875 0.9366875 0.72759228515625 0.935865234375 0.72923583984375 0.93771533203125 0.7298525390625 0.9405927734375
0 0.9255048828125 0.97479931640625 0.92337744140625 0.97882470703125 0.9192685546875 0.9808798828125 0.9159814453125 0.97944140625 0.91515966796875 0.97594677734375 0.9182412109375 0.97121923828125 0.92070654296875 0.97019189453125 0.923171875 0.9714248046875
0 0.94211669921875 0.9195400390625 0.94063427734375 0.92312158203125 0.93796337890625 0.9243544921875 0.934265625 0.92497119140625 0.9322109375 0.92271044921875 0.93344384765625 0.91983251953125 0.9359091796875 0.91777734375 0.938580078125 0.91716064453125 0.94063427734375 0.91757177734375
0 0.91262255859375 0.896826171875 0.913310546875 0.90010009765625 0.91084521484375 0.90338916015625 0.90735302734375 0.90441650390625 0.9059150390625 0.90174462890625 0.90694189453125 0.89825048828125 0.90920166015625 0.896400390625
0 0.99737548828125 0.96191650390625 0.9936376953125 0.96381982421875 0.9901455078125 0.96299755859375 0.98870751953125 0.96135302734375 0.989529296875 0.95888671875 0.993021484375 0.95827001953125 0.99589794921875 0.95888671875
0 0.09187841796875 0.965587890625 0.08653125 0.97023974609375 0.07995849609375 0.97023974609375 0.07957177734375 0.9621162109375 0.0818916015625 0.9555400390625 0.08691796875 0.95360546875 0.08962451171875 0.95321875 0.0919443359375 0.959408203125
0 0.5729462890625 0.879455078125 0.56751025390625 0.8866826171875 0.56132421875 0.8878427734375 0.55707080078125 0.88474853515625 0.55977734375 0.87894580078125 0.56325732421875 0.87314306640625 0.56789697265625 0.87352978515625
0 0.6533369140625 0.839572265625 0.6494775390625 0.84419140625 0.6417451171875 0.8438046875 0.63671875 0.838001953125 0.6401982421875 0.8345205078125 0.64793115234375 0.8352939453125
0 0.13717822265625 0.79970263671875 0.13756787109375 0.8062197265625 0.134087890625 0.81086181640625 0.1282880859375 0.81086181640625 0.12480859375 0.8050595703125 0.12790185546875 0.7988701171875 0.13138134765625 0.79693603515625
0 0.49510791015625 0.97962451171875 0.495208984375 0.98610009765625 0.49288916015625 0.99228955078125 0.48824951171875 0.9930634765625 0.48476953125 0.9880341796875 0.48631591796875 0.98223193359375 0.4897958984375 0.97952392578125
0 0.55977734375 0.959794921875 0.55320458984375 0.959408203125 0.551271484375 0.95321875 0.55320458984375 0.94818994140625 0.55823095703125 0.947029296875 0.5644169921875 0.9497373046875 0.5655771484375 0.95360546875 0.5640302734375 0.9559267578125
0 0.64909130859375 0.77210986328125 0.64754443359375 0.7794599609375 0.64251806640625 0.7786865234375 0.63710546875 0.7724970703125 0.63903857421875 0.76824169921875 0.64329150390625 0.7674677734375
0 0.40004296875 0.66252783203125 0.39622900390625 0.6679482421875 0.38965625 0.66717431640625 0.38733642578125 0.6621455078125 0.3904296875 0.65943798828125 0.39622900390625 0.657890625
0 0.4696904296875 0.39473779296875 0.4662109375 0.390869140625 0.46582421875 0.38506689453125 0.4696904296875 0.38235888671875 0.47394384765625 0.38351953125 0.475103515625 0.38932177734375
0 0.153033203125 0.28055224609375 0.153806640625 0.2855810546875 0.1487802734375 0.29060986328125 0.14375390625 0.28712841796875 0.14491357421875 0.28171240234375
0 0.04748095703125 0.22403955078125 0.04709423828125 0.23061572265625 0.04284130859375 0.23564453125 0.03781494140625 0.23641845703125 0.03278857421875 0.23332373046875 0.0354951171875 0.2259736328125 0.040134765625 0.2224921875
0 0.59719140625 0.08639501953125 0.5910546875 0.0921875 0.58293505859375 0.09025341796875 0.581388671875 0.08367724609375 0.58486865234375 0.07980908203125 0.59028125 0.07903515625 0.59414794921875 0.079421875
0 0.58796142578125 0.07361962890625 0.580228515625 0.072072265625 0.5763623046875 0.06472216796875 0.581001953125 0.0627880859375 0.5860283203125 0.06240087890625 0.58989453125 0.06665625
0 0.4810712890625 0.163595703125 0.47854248046875 0.1695556640625 0.47003662109375 0.1699423828125 0.46578369140625 0.1691689453125 0.46539697265625 0.1637529296875 0.46964990234375 0.160271484375 0.47467626953125 0.15872412109375 0.47931591796875 0.1579501953125
0 0.38026416015625 0.184650390625 0.3776298828125 0.1919921875 0.37028369140625 0.1947001953125 0.36603076171875 0.19237890625 0.36564404296875 0.18696337890625 0.3675771484375 0.1830947265625 0.37105712890625 0.17961328125 0.37647021484375 0.17961328125
0 0.89323291015625 0.058322265625 0.885287109375 0.0565986328125 0.883740234375 0.0507958984375 0.88644677734375 0.04576708984375 0.89108642578125 0.04615380859375 0.89379296875 0.04924853515625 0.89456640625 0.05350390625
0 0.94555078125 0.1776318359375 0.94250927734375 0.18312890625 0.9363232421875 0.18428955078125 0.9355498046875 0.1804208984375 0.9363232421875 0.176166015625 0.940962890625 0.17577880859375
0 0.99951171875 0.1910302734375 0.9939326171875 0.1924130859375 0.98542626953125 0.1866103515625 0.98619970703125 0.18080810546875 0.99122607421875 0.17810009765625 0.99625244140625 0.176166015625 0.99951171875 0.176939453125
0 0.8657978515625 0.337775390625 0.8601552734375 0.33867236328125 0.85590234375 0.33557763671875 0.855515625 0.32900146484375 0.85860888671875 0.32668017578125 0.86363525390625 0.32861474609375 0.866341796875 0.33170947265625
0 0.77519921875 0.276525390625 0.7654287109375 0.2740703125 0.76117578125 0.2705888671875 0.7623359375 0.26633349609375 0.7665888671875 0.2651728515625 0.771615234375 0.2651728515625 0.7750947265625 0.267880859375 0.77818798828125 0.27213623046875
0 0.75035009765625 0.7194580078125 0.74996337890625 0.7256474609375 0.74571044921875 0.7306767578125 0.73565771484375 0.72912939453125 0.732951171875 0.72680810546875 0.733337890625 0.722552734375 0.7372041015625 0.71752392578125 0.74107080078125 0.71636328125 0.7464833984375 0.71636328125
0 0.88258056640625 0.73647900390625 0.87678076171875 0.74266845703125 0.8694345703125 0.7434423828125 0.86247509765625 0.740734375 0.86363525390625 0.73570556640625 0.86672802734375 0.7310634765625 0.87291455078125 0.72951611328125 0.87832763671875 0.7314501953125
0 0.99659228515625 0.680392578125 0.99006591796875 0.68928466796875 0.98156005859375 0.6877373046875 0.978080078125 0.68038720703125 0.98078662109375 0.67651904296875 0.98619970703125 0.67574560546875 0.9923857421875 0.6749716796875
0 0.9672431640625 0.83096533203125 0.95642822265625 0.832904296875 0.94830908203125 0.8298095703125 0.9463759765625 0.820912109375 0.94869580078125 0.81278857421875 0.95217529296875 0.80930712890625 0.96300146484375 0.80930712890625 0.9691875 0.8116279296875 0.97150732421875 0.81936474609375 0.970734375 0.82594091796875
0 0.95894921875 0.84181201171875 0.95720166015625 0.85031201171875 0.951015625 0.85224609375 0.94328271484375 0.8491513671875 0.941349609375 0.8429619140625 0.942123046875 0.8367724609375 0.9452158203125 0.833677734375 0.94908251953125 0.83213037109375 0.9541083984375 0.83406494140625 0.95720166015625 0.8359990234375
0 0.98957421875 0.74802294921875 0.98697314453125 0.75592333984375 0.980013671875 0.75940478515625 0.97305419921875 0.757857421875 0.9746005859375 0.74973388671875 0.97692041015625 0.74393115234375 0.9831064453125 0.7427705078125 0.98619970703125 0.74354443359375
0 0.96184130859375 0.97958447265625 0.95681494140625 0.98538671875 0.94830908203125 0.98383935546875 0.9448291015625 0.97764990234375 0.94830908203125 0.97146044921875 0.9548818359375 0.97030029296875 0.959521484375 0.97339501953125
0 0.9059931640625 0.77290576171875 0.8980458984375 0.76953076171875 0.89649951171875 0.7625673828125 0.90036572265625 0.76024658203125 0.9069384765625 0.7614072265625 0.90964501953125 0.765662109375
0 0.4765625 0.97574853515625 0.47579248046875 0.9864658203125 0.47351416015625 0.99493310546875 0.46830712890625 0.99884130859375 0.4595205078125 0.99623583984375 0.45756787109375 0.98744287109375 0.45789306640625 0.9776728515625 0.46244921875 0.97181103515625 0.470259765625 0.9714853515625 0.4741650390625 0.97246240234375
0 0.2353515625 0.62027978515625 0.23203662109375 0.624435546875 0.2261787109375 0.624435546875 0.22292431640625 0.62150439453125 0.22324951171875 0.6149912109375 0.22813134765625 0.6136884765625 0.23203662109375 0.61531689453125
0 0.091796875 0.88883447265625 0.0904697265625 0.89855810546875 0.082984375 0.9089794921875 0.07322119140625 0.913212890625 0.06573583984375 0.91256201171875 0.06020361328125 0.90376904296875 0.0598779296875 0.89367333984375 0.0634580078125 0.885857421875 0.0686650390625 0.88097265625 0.074197265625 0.8790185546875 0.0820078125 0.8790185546875 0.08786572265625 0.882275390625 0.09242236328125 0.88683447265625
0 0.3994140625 0.54020166015625 0.39898828125 0.54725341796875 0.3941064453125 0.55409228515625 0.38564501953125 0.55474365234375 0.3794619140625 0.55246435546875 0.37881103515625 0.54790478515625 0.382390625 0.53976318359375 0.38857421875 0.53618115234375 0.39345556640625 0.5365068359375
0 0.5556640625 0.48844384765625 0.55682763671875 0.49779541015625 0.5535732421875 0.505611328125 0.5473896484375 0.51147314453125 0.53762646484375 0.514404296875 0.53111767578125 0.51082177734375 0.529490234375 0.49714404296875 0.53404638671875 0.48965380859375 0.5425078125 0.48509423828125 0.54869140625 0.484443359375
0 0.55419921875 0.77213525390625 0.55845458984375 0.77417626953125 0.55943115234375 0.781015625 0.554875 0.78427197265625 0.5499931640625 0.7826435546875 0.54966748046875 0.7758046875
0 0.25123779296875 0.8438681640625 0.25026123046875 0.84810205078125 0.24342724609375 0.84875341796875 0.23952197265625 0.845822265625 0.2391962890625 0.84289111328125 0.24342724609375 0.839634765625 0.24765771484375 0.8402861328125
0 0.55224609375 0.55240869140625 0.5447861328125 0.55834716796875 0.53534814453125 0.56030126953125 0.529490234375 0.55834716796875 0.5291650390625 0.55085693359375 0.53372119140625 0.54727490234375 0.54022998046875 0.5449951171875 0.54576220703125 0.54466943359375 0.5499931640625 0.54694921875
0 0.5517578125 0.29752587890625 0.54836572265625 0.30406884765625 0.54153173828125 0.31058203125 0.53632470703125 0.31058203125 0.53534814453125 0.30406884765625 0.53762646484375 0.296904296875 0.540880859375 0.29397314453125 0.54673876953125 0.2936474609375
0 0.56640625 0.58854150390625 0.561708984375 0.59128173828125 0.5535732421875 0.59063037109375 0.55031884765625 0.586396484375 0.552271484375 0.58118603515625 0.557478515625 0.58053466796875 0.56366162109375 0.58183740234375 0.56626513671875 0.58379150390625
0 0.1923828125 0.25358056640625 0.191681640625 0.25819287109375 0.18842724609375 0.262751953125 0.18191845703125 0.26144921875 0.1799658203125 0.2572158203125 0.18029150390625 0.2533076171875 0.18484765625 0.25200537109375 0.18842724609375 0.25135400390625
0 0.53762646484375 0.32302099609375 0.53111767578125 0.32236962890625 0.5255849609375 0.31781005859375 0.524283203125 0.31357666015625 0.5255849609375 0.3106455078125 0.5317685546875 0.30869140625 0.53730078125 0.3106455078125 0.54055517578125 0.31357666015625 0.54153173828125 0.31911279296875 0.5386025390625 0.321392578125
0 0.5322265625 0.39176416015625 0.5239580078125 0.3917353515625 0.5177744140625 0.3881533203125 0.5161474609375 0.38359375 0.51842529296875 0.38098876953125 0.52363232421875 0.3806630859375 0.52688671875 0.381314453125 0.53144287109375 0.384896484375 0.5333955078125 0.3881533203125
0 0.28247998046875 0.19538232421875 0.285734375 0.19896484375 0.2844326171875 0.20612939453125 0.28052734375 0.2080830078125 0.27564599609375 0.20515234375 0.2740185546875 0.19929052734375 0.2753203125 0.19538232421875 0.27857470703125 0.19538232421875
0 0.06591796875 0.16764306640625 0.06638671875 0.17616845703125 0.06280712890625 0.18105322265625 0.0582509765625 0.18300732421875 0.05434521484375 0.1787734375 0.05304345703125 0.17486572265625 0.05434521484375 0.1670498046875 0.0582509765625 0.1644443359375 0.0624814453125 0.165095703125
0 0.74169921875 0.01090478515625 0.741609375 0.01776025390625 0.73607666015625 0.02003955078125 0.73054443359375 0.01873681640625 0.72924267578125 0.01385205078125 0.7311953125 0.00961865234375 0.7367275390625 0.00896728515625
0 0.65185546875 0.03434228515625 0.65341455078125 0.041533203125 0.652763671875 0.0490234375 0.64690576171875 0.05162890625 0.63942041015625 0.05195458984375 0.6358408203125 0.048046875 0.63681689453125 0.04088232421875 0.63909521484375 0.03339208984375 0.64332568359375 0.0311123046875 0.64853271484375 0.03078662109375
0 0.9814453125 0.00602197265625 0.97592724609375 0.01385205078125 0.9674658203125 0.0174345703125 0.95802783203125 0.01873681640625 0.94989208984375 0.0180859375 0.94598681640625 0.01450341796875 0.94728857421875 0.011572265625 0.9534716796875 0.0066875 0.9596552734375 0.00277978515625 0.9651875 0.00017431640625 0.97104541015625 0 0.9775546875 0 0.98276171875 0.001802734375
0 0.97119140625 0.09000634765625 0.96421142578125 0.09363916015625 0.95542431640625 0.09331396484375 0.9492412109375 0.09070849609375 0.947939453125 0.08680029296875 0.95054296875 0.0822412109375 0.95672607421875 0.078984375 0.96193310546875 0.0780078125 0.9664892578125 0.0796357421875 0.97039501953125 0.08517236328125
0 0.64892578125 0.11881494140625 0.65016015625 0.12392578125 0.6488583984375 0.12881103515625 0.64300048828125 0.130439453125 0.63649169921875 0.12946240234375 0.63518994140625 0.12294921875 0.6374677734375 0.11806396484375 0.642349609375 0.116435546875 0.64560400390625 0.116435546875
0 0.99658203125 0.14567041015625 0.9944775390625 0.15356103515625 0.98894482421875 0.157794921875 0.9830869140625 0.1558408203125 0.97983251953125 0.15193310546875 0.98113427734375 0.14607080078125 0.9856904296875 0.14248876953125 0.9908974609375 0.14151171875 0.9935009765625 0.14183740234375 0.9961044921875 0.14379150390625
0 0.732421875 0.09293603515625 0.73086962890625 0.09689599609375 0.72696435546875 0.09819873046875 0.7211064453125 0.0965703125 0.716224609375 0.09331396484375 0.71524853515625 0.089080078125 0.7185029296875 0.08680029296875 0.72305908203125 0.08614892578125 0.727615234375 0.086474609375 0.73054443359375 0.08875439453125
0 0.69775390625 0.17399072265625 0.69051513671875 0.1698232421875 0.6888876953125 0.16396142578125 0.6924677734375 0.15940185546875 0.69734912109375 0.15809912109375 0.70223095703125 0.16037890625 0.7045087890625 0.16396142578125 0.705810546875 0.16819482421875 0.7028818359375 0.17307958984375
0 0.7666015625 0.26090478515625 0.76146142578125 0.26003173828125 0.75788134765625 0.25612353515625 0.75788134765625 0.25123876953125 0.7611357421875 0.24993603515625 0.76666845703125 0.24993603515625 0.76862109375 0.25189013671875 0.76927197265625 0.257751953125
0 0.73388671875 0.42252587890625 0.73542578125 0.42833544921875 0.73217138671875 0.4355 0.7263134765625 0.43712841796875 0.723384765625 0.43289453125 0.72273388671875 0.425404296875 0.72566259765625 0.4211708984375 0.73054443359375 0.4198681640625
0 0.66650390625 0.53580712890625 0.65862158203125 0.53969091796875 0.651787109375 0.53838818359375 0.64950927734375 0.53382861328125 0.65211279296875 0.531875 0.65731982421875 0.53024658203125 0.66220166015625 0.530572265625 0.66513037109375 0.531875
0 0.62744140625 0.56363916015625 0.62640283203125 0.57612255859375 0.62087060546875 0.58165869140625 0.6130595703125 0.5800302734375 0.6104560546875 0.575796875 0.610130859375 0.57091162109375 0.61598876953125 0.56342138671875 0.621521484375 0.56114208984375
0 0.90673828125 0.91227197265625 0.90758447265625 0.9169423828125 0.9040048828125 0.92150146484375 0.899123046875 0.9218271484375 0.89717041015625 0.918896484375 0.89814697265625 0.91466259765625 0.89977392578125 0.91270849609375 0.90237744140625 0.9107548828125
0 0.90673828125 0.88443994140625 0.9040048828125 0.8895869140625 0.89814697265625 0.892517578125 0.89196337890625 0.892517578125 0.888708984375 0.8895869140625 0.88805810546875 0.88665576171875 0.89098681640625 0.88339892578125 0.89489208984375 0.88046826171875 0.8994482421875 0.87916552734375 0.902703125 0.87883984375 0.905306640625 0.880142578125
0 0.7705078125 0.86930322265625 0.7757802734375 0.87232666015625 0.7783837890625 0.8768857421875 0.77805859375 0.88177099609375 0.77512939453125 0.88502734375 0.770248046875 0.88730712890625 0.7663427734375 0.8856787109375 0.76439013671875 0.8781884765625 0.7663427734375 0.8720009765625 0.769271484375 0.870046875
0 0.69384765625 0.71256494140625 0.69474560546875 0.71704931640625 0.69214208984375 0.7216083984375 0.68726025390625 0.7235625 0.684005859375 0.7206318359375 0.684005859375 0.7154208984375 0.6869345703125 0.7118388671875 0.69084033203125 0.71086181640625
0 0.82296923828125 0.7492900390625 0.817111328125 0.74896435546875 0.81515869140625 0.7466845703125 0.81483349609375 0.74277685546875 0.8184130859375 0.7378916015625 0.82394580078125 0.739845703125 0.82654931640625 0.7431025390625 0.82654931640625 0.7466845703125
0 0.21875 0.03141259765625 0.2217841796875 0.03566064453125 0.22113330078125 0.0405458984375 0.21722802734375 0.04445361328125 0.20974267578125 0.0454306640625 0.2077900390625 0.0405458984375 0.20941748046875 0.03468408203125 0.21234619140625 0.032404296875
0 0.60205078125 0.14957666015625 0.59799462890625 0.15680712890625 0.5918115234375 0.15810986328125 0.58497705078125 0.15810986328125 0.58367529296875 0.154853515625 0.58855712890625 0.14931689453125 0.59408935546875 0.14638623046875 0.599947265625 0.1454091796875
0 0.26636962890625 0.81109130859375 0.26116259765625 0.81304541015625 0.2566064453125 0.8101142578125 0.2553046875 0.8065322265625 0.2592099609375 0.80360107421875 0.26376611328125 0.804578125 0.2653935546875 0.80685791015625
0 0.96484375 0.89567041015625 0.96437646484375 0.90309228515625 0.9611220703125 0.90569775390625 0.957216796875 0.904720703125 0.95558984375 0.89951025390625 0.9568916015625 0.89560205078125 0.9598203125 0.8936484375
0 0.80322265625 0.29557275390625 0.799703125 0.3008720703125 0.7931943359375 0.29924365234375 0.7892890625 0.29533544921875 0.79026513671875 0.29045068359375 0.7957978515625 0.28914794921875 0.799703125 0.2907763671875
0 0.15185546875 0.71940087890625 0.15506884765625 0.72254443359375 0.15539404296875 0.7277548828125 0.1521396484375 0.732314453125 0.14367822265625 0.735896484375 0.13716943359375 0.7303603515625 0.13684423828125 0.7215673828125 0.14107470703125 0.717333984375 0.14628173828125 0.71635693359375
0 0.19091796875 0.76481103515625 0.18240576171875 0.765857421875 0.17589697265625 0.7639033203125 0.1739443359375 0.76064697265625 0.17687353515625 0.75739013671875 0.18240576171875 0.75543603515625 0.18891455078125 0.757064453125 0.19184375 0.75934423828125
0 0.52978515625 0.93277978515625 0.52639794921875 0.94169384765625 0.51858740234375 0.95472021484375 0.505244140625 0.961884765625 0.49125 0.9563486328125 0.488646484375 0.94918408203125 0.49548095703125 0.93680908203125 0.50491845703125 0.9276904296875 0.511427734375 0.9215029296875 0.5195634765625 0.9202001953125 0.52639794921875 0.92475927734375
0 0.1869619140625 0.6099501953125 0.18208056640625 0.61906884765625 0.17329345703125 0.62330224609375 0.1687373046875 0.62069677734375 0.171015625 0.61222998046875 0.17622265625 0.6086474609375 0.1814296875 0.60767041015625
0 0.36474609375 0.65348291015625 0.3633515625 0.6611005859375 0.35716796875 0.6646826171875 0.3519609375 0.6646826171875 0.349357421875 0.659146484375 0.35131005859375 0.653935546875 0.35749365234375 0.6497021484375 0.36139892578125 0.6510048828125
0 0.34228515625 0.64469384765625 0.34317431640625 0.64872509765625 0.3412216796875 0.6545869140625 0.33699072265625 0.65491259765625 0.33406201171875 0.65198193359375 0.33341064453125 0.647748046875 0.33699072265625 0.64449169921875
0 0.16064453125 0.51676416015625 0.1583232421875 0.521455078125 0.151814453125 0.52210595703125 0.146607421875 0.51917529296875 0.1469326171875 0.51526708984375 0.15148876953125 0.51233642578125 0.1557197265625 0.51298779296875
0 0.42822265625 0.49625634765625 0.42323291015625 0.50224072265625 0.41412060546875 0.50842822265625 0.4046826171875 0.50777685546875 0.402404296875 0.5045205078125 0.40500830078125 0.49800732421875 0.41184228515625 0.49181982421875 0.42323291015625 0.4921455078125 0.42616162109375 0.492470703125
0 0.0166015625 0.23453759765625 0.01577978515625 0.24370751953125 0.011548828125 0.250220703125 0.0060166015625 0.2531513671875 0.00276220703125 0.2515234375 0.001134765625 0.24370751953125 0.0024365234375 0.23654296875 0.00666748046875 0.2319833984375 0.01219970703125 0.23100634765625 0.01577978515625 0.23361181640625
0 0.27001953125 0.32779931640625 0.26571923828125 0.334609375 0.25823388671875 0.33623779296875 0.253677734375 0.334609375 0.2523759765625 0.329724609375 0.25628125 0.32256005859375 0.26148828125 0.320931640625 0.267671875 0.32060595703125
0 0.57586474609375 0.09787451171875 0.5683798828125 0.101130859375 0.56122021484375 0.0968974609375 0.5595927734375 0.09136083984375 0.56414892578125 0.08647607421875 0.5709833984375 0.0881044921875 0.574888671875 0.09331494140625
0 0.21484375 0.06949853515625 0.20941748046875 0.07475244140625 0.2022578125 0.07475244140625 0.19770166015625 0.07084423828125 0.20030517578125 0.0656337890625 0.20551220703125 0.06400537109375 0.2113701171875 0.06530810546875
0 0.63232421875 0.11588525390625 0.62184619140625 0.1167578125 0.61533740234375 0.11317578125 0.61533740234375 0.109267578125 0.619568359375 0.10601123046875 0.62575146484375 0.10405712890625 0.63095849609375 0.10666259765625 0.6329111328125 0.10959326171875
0 0.54931640625 0.40299462890625 0.55480517578125 0.408466796875 0.5564326171875 0.4113974609375 0.5554560546875 0.41628271484375 0.54927294921875 0.418236328125 0.54341455078125 0.41693359375 0.53788232421875 0.4133515625 0.5362548828125 0.4078154296875 0.53918408203125 0.40423291015625 0.54406591796875 0.4026044921875
0 0.54638671875 0.37711572265625 0.54471630859375 0.38501904296875 0.5388583984375 0.388275390625 0.533326171875 0.38860107421875 0.53007177734375 0.3853447265625 0.53072265625 0.379482421875 0.534953125 0.3765517578125 0.538533203125 0.37296923828125 0.542763671875 0.37296923828125
0 0.66064453125 0.35221337890625 0.6608994140625 0.35668603515625 0.65797021484375 0.3658046875 0.65178662109375 0.36808447265625 0.645603515625 0.36547900390625 0.6420234375 0.3589658203125 0.64495263671875 0.35310400390625 0.64918310546875 0.34984716796875 0.6556923828125 0.34887060546875
0 0.70849609375 0.35856103515625 0.7009287109375 0.36059423828125 0.6970234375 0.35505810546875 0.69669775390625 0.3465908203125 0.70125390625 0.34431103515625 0.7077626953125 0.34496240234375 0.710041015625 0.3514755859375
0 0.54736328125 0.28141259765625 0.54471630859375 0.287298828125 0.53918408203125 0.29022998046875 0.5320244140625 0.28762451171875 0.528119140625 0.283716796875 0.53072265625 0.27785498046875 0.5372314453125 0.27655224609375 0.543740234375 0.27590087890625
0 0.94677734375 0.30973291015625 0.94273193359375 0.32377294921875 0.93622314453125 0.33126318359375 0.92645947265625 0.3315888671875 0.92353076171875 0.326052734375 0.9271103515625 0.31498046875 0.93231787109375 0.31009521484375 0.93915185546875 0.308466796875
0 0.77610546875 0.50123779296875 0.77382763671875 0.512310546875 0.7695966796875 0.51947509765625 0.760484375 0.52435986328125 0.752673828125 0.5191494140625 0.75104638671875 0.50937939453125 0.75560302734375 0.5002607421875 0.763087890625 0.4940732421875 0.77122412109375 0.4940732421875 0.77512939453125 0.49570166015625
0 0.79345703125 0.75699853515625 0.7904248046875 0.76361572265625 0.78424169921875 0.76719775390625 0.7774072265625 0.76654638671875 0.77643115234375 0.7593818359375 0.7813125 0.7518916015625 0.78717041015625 0.75058935546875 0.79205224609375 0.75156591796875
0 0.66552734375 0.64420556640625 0.66317724609375 0.6538671875 0.65894677734375 0.65549560546875 0.65406494140625 0.652890625 0.6534140625 0.64409765625 0.65764501953125 0.64116650390625 0.66155029296875 0.6414921875
0 0.95361328125 0.94840478515625 0.94924072265625 0.957646484375 0.935572265625 0.9657880859375 0.92678515625 0.96253173828125 0.9206015625 0.95862353515625 0.91702197265625 0.94820263671875 0.9206015625 0.94071240234375 0.9306904296875 0.936478515625 0.94273193359375 0.936478515625 0.9515185546875 0.9410380859375