0 0.34814453125 0.923095703125 0.354736328125 0.9208984375 0.35693359375 0.915771484375 0.35595703125 0.908447265625 0.349365234375 0.9033203125 0.3427734375 0.906982421875 0.33984375 0.917724609375 0.344970703125 0.92333984375
0 0.349609375 0.987548828125 0.358154296875 0.9853515625 0.3623046875 0.981689453125 0.36376953125 0.972412109375 0.361083984375 0.96875 0.354736328125 0.96923828125 0.34912109375 0.975341796875 0.345703125 0.985107421875
0 0.2958984375 0.986083984375 0.304443359375 0.982421875 0.30859375 0.976806640625 0.30712890625 0.972900390625 0.300537109375 0.96826171875 0.291748046875 0.970703125 0.287109375 0.976318359375 0.2900390625 0.982177734375
0 0.2902841796875 0.994669921875 0.2834052734375 0.9926064453125 0.28271728515625 0.98847900390625 0.281341796875 0.9836640625 0.28959619140625 0.9857275390625
0 0.1064453125 0.722900390625 0.109619140625 0.72265625 0.119140625 0.714111328125 0.1201171875 0.708251953125 0.117431640625 0.70263671875 0.110107421875 0.70166015625 0.105712890625 0.70361328125 0.09912109375 0.714111328125 0.09765625 0.719482421875
0 0.2177734375 0.609130859375 0.226806640625 0.60693359375 0.2353515625 0.601318359375 0.23974609375 0.588134765625 0.23828125 0.583251953125 0.234619140625 0.57958984375 0.223388671875 0.578125 0.20849609375 0.590576171875 0.20556640625 0.598876953125 0.20654296875 0.604248046875 0.212158203125 0.609375
0 0.4716796875 0.928466796875 0.47412109375 0.926513671875 0.474609375 0.920166015625 0.471435546875 0.91552734375 0.466064453125 0.9150390625 0.4638671875 0.918212890625 0.46630859375 0.926025390625
0 0.4638671875 0.914794921875 0.466796875 0.911376953125 0.46923828125 0.897705078125 0.467041015625 0.89453125 0.463134765625 0.89404296875 0.4580078125 0.898681640625 0.45556640625 0.906982421875 0.459228515625 0.91357421875
0 0.48388671875 0.898193359375 0.49462890625 0.894287109375 0.4931640625 0.884521484375 0.483642578125 0.87548828125 0.474853515625 0.87646484375 0.47119140625 0.882568359375 0.4716796875 0.893798828125 0.478271484375 0.89794921875
0 0.412109375 0.826416015625 0.421142578125 0.82421875 0.4267578125 0.819580078125 0.421875 0.808349609375 0.414306640625 0.80322265625 0.409423828125 0.80419921875 0.40478515625 0.811767578125 0.40576171875 0.822509765625 0.408447265625 0.82666015625
0 0.5849609375 0.892822265625 0.596435546875 0.884765625 0.6083984375 0.869873046875 0.61328125 0.856689453125 0.61328125 0.849365234375 0.610595703125 0.84521484375 0.607177734375 0.84423828125 0.599853515625 0.84716796875 0.58837890625 0.860107421875 0.580078125 0.881103515625 0.58056640625 0.890869140625
0 0.56201171875 0.907470703125 0.568115234375 0.90478515625 0.57275390625 0.898681640625 0.5732421875 0.889404296875 0.569580078125 0.88623046875 0.560791015625 0.88671875 0.556640625 0.889892578125 0.55224609375 0.897705078125 0.552734375 0.904541015625 0.556884765625 0.9072265625
0 0.86279296875 0.913818359375 0.8701171875 0.909912109375 0.87060546875 0.905029296875 0.8662109375 0.895751953125 0.861572265625 0.89208984375 0.858642578125 0.892578125 0.85205078125 0.898681640625 0.8505859375 0.905029296875 0.854736328125 0.91259765625
0 0.9912109375 0.99951171875 0.9931640625 0.996337890625 0.98876953125 0.987548828125 0.972412109375 0.97265625 0.968994140625 0.970703125 0.965576171875 0.9716796875 0.96435546875 0.981201171875 0.96826171875 0.987548828125 0.979736328125 0.99951171875
0 0.92381884765625 0.99879736328125 0.923130859375 0.99329443359375 0.9251943359375 0.98779150390625 0.930009765625 0.98297607421875 0.93413671875 0.9816005859375 0.9389521484375 0.9816005859375 0.93964013671875 0.98847900390625 0.93620068359375 0.99535791015625 0.93276123046875 0.998109375 0.92932177734375 0.99879736328125
0 0.1923828125 0.586181640625 0.201416015625 0.58056640625 0.20654296875 0.573486328125 0.2060546875 0.560791015625 0.200439453125 0.5546875 0.192138671875 0.556640625 0.18310546875 0.565185546875 0.18017578125 0.571533203125 0.1796875 0.578857421875 0.181640625 0.583251953125
0 0.7021484375 0.845947265625 0.709228515625 0.84423828125 0.71435546875 0.838623046875 0.71630859375 0.832763671875 0.71435546875 0.824462890625 0.706298828125 0.81982421875 0.686767578125 0.822265625 0.68359375 0.830810546875 0.685546875 0.839599609375 0.691650390625 0.84521484375
0 0.7138671875 0.800048828125 0.716796875 0.795654296875 0.716796875 0.789794921875 0.714599609375 0.78759765625 0.709228515625 0.78759765625 0.70458984375 0.792236328125 0.705078125 0.796142578125 0.709716796875 0.80029296875
0 0.77454931640625 0.8357705078125 0.77661328125 0.82957958984375 0.77936474609375 0.81994921875 0.78349169921875 0.8178857421875 0.79174658203125 0.8213251953125 0.78899462890625 0.82751611328125 0.78280419921875 0.83301904296875
0 0.80137646484375 0.8749794921875 0.79587353515625 0.87566748046875 0.7896826171875 0.87704296875 0.7855556640625 0.8749794921875 0.7841796875 0.8694765625 0.7862431640625 0.86672509765625 0.79037060546875 0.86534912109375 0.795185546875 0.86534912109375 0.798625 0.8681005859375 0.80275244140625 0.87222802734375
0 0.732421875 0.879150390625 0.742919921875 0.875 0.75244140625 0.865478515625 0.75390625 0.859130859375 0.749755859375 0.853515625 0.745361328125 0.85205078125 0.736572265625 0.85302734375 0.72705078125 0.858642578125 0.72412109375 0.866455078125 0.72509765625 0.874755859375 0.729736328125 0.87939453125
0 0.673828125 0.899658203125 0.677490234375 0.8984375 0.68359375 0.890380859375 0.6845703125 0.885498046875 0.682373046875 0.88232421875 0.673095703125 0.88330078125 0.66357421875 0.890380859375 0.6630859375 0.894775390625 0.665771484375 0.8994140625
0 0.6417890625 0.87979443359375 0.6362861328125 0.87979443359375 0.63215869140625 0.8749794921875 0.63215869140625 0.87016455078125 0.63559814453125 0.8681005859375 0.64110107421875 0.86878857421875 0.64247705078125 0.8749794921875
0 0.5732421875 0.959228515625 0.5810546875 0.953369140625 0.58984375 0.940673828125 0.59033203125 0.934814453125 0.584716796875 0.93017578125 0.572998046875 0.93017578125 0.55810546875 0.943115234375 0.55859375 0.953369140625 0.562255859375 0.95654296875
0 0.5966796875 0.924560546875 0.60302734375 0.919677734375 0.60693359375 0.911376953125 0.60595703125 0.902587890625 0.600830078125 0.8994140625 0.595458984375 0.89990234375 0.589111328125 0.9033203125 0.5849609375 0.906494140625 0.583984375 0.909912109375 0.5849609375 0.913330078125
0 0.5888671875 0.979248046875 0.59814453125 0.972900390625 0.599609375 0.958740234375 0.596435546875 0.95458984375 0.588134765625 0.95751953125 0.58349609375 0.965576171875 0.5830078125 0.977294921875
0 0.60546875 0.99951171875 0.60986328125 0.992431640625 0.6064453125 0.980712890625 0.604248046875 0.978515625 0.600341796875 0.978515625 0.59228515625 0.988525390625 0.58984375 0.998291015625 0.591064453125 0.99951171875
0 0.66242529296875 0.97059423828125 0.6541708984375 0.9712822265625 0.645228515625 0.97059423828125 0.637662109375 0.96990673828125 0.63353466796875 0.96921875 0.63215869140625 0.96509130859375 0.63353466796875 0.9609638671875 0.63559814453125 0.95821240234375 0.64041357421875 0.9568369140625 0.6466044921875 0.95614892578125 0.6507314453125 0.9547734375 0.655546875 0.95270947265625 0.66036181640625 0.95270947265625 0.66311328125 0.95752490234375 0.66380126953125 0.96233984375
0 0.7360283203125 0.96853076171875 0.7284619140625 0.96921875 0.7250224609375 0.9678427734375 0.72227099609375 0.9637158203125 0.723646484375 0.95752490234375 0.72639794921875 0.9533974609375 0.72983740234375 0.94927001953125 0.73534033203125 0.94720654296875 0.737404296875 0.94927001953125 0.738091796875 0.95408544921875 0.738091796875 0.95958837890625
0 0.5220986328125 0.873603515625 0.51728369140625 0.87016455078125 0.51453173828125 0.86878857421875 0.509716796875 0.86878857421875 0.50627734375 0.8681005859375 0.5042138671875 0.866037109375 0.5042138671875 0.85984619140625 0.50696533203125 0.85778271484375 0.5117802734375 0.85847021484375 0.5152197265625 0.85984619140625 0.51934716796875 0.85984619140625 0.52347412109375 0.86328564453125 0.52347412109375 0.86878857421875
0 0.50558935546875 0.8894248046875 0.50696533203125 0.883921875 0.50834130859375 0.8784189453125 0.51315625 0.87704296875 0.51590771484375 0.8784189453125 0.516595703125 0.883921875 0.51384423828125 0.8894248046875
0 0.83251953125 0.998291015625 0.8408203125 0.992431640625 0.84375 0.985595703125 0.84375 0.980224609375 0.83984375 0.966552734375 0.835205078125 0.9609375 0.830322265625 0.96044921875 0.8232421875 0.963134765625 0.81982421875 0.975830078125 0.81982421875 0.983642578125 0.82470703125 0.996337890625 0.827880859375 0.99853515625
0 0.84884033203125 0.98091259765625 0.8467763671875 0.97540966796875 0.84815234375 0.96715478515625 0.852279296875 0.96302783203125 0.859158203125 0.96165185546875 0.86534912109375 0.965779296875 0.8639736328125 0.97197021484375 0.8605341796875 0.97540966796875 0.85640673828125 0.97953662109375
0 0.64794921875 0.798095703125 0.65087890625 0.791748046875 0.646728515625 0.78271484375 0.639404296875 0.78173828125 0.63232421875 0.786376953125 0.63134765625 0.788330078125 0.635986328125 0.79296875 0.642822265625 0.7978515625
0 0.85986328125 0.781982421875 0.86376953125 0.776611328125 0.8623046875 0.770751953125 0.856689453125 0.76708984375 0.851806640625 0.76708984375 0.85009765625 0.768798828125 0.8515625 0.774658203125 0.856201171875 0.78125
0 0.90524609375 0.8894248046875 0.8963037109375 0.8894248046875 0.8928642578125 0.8852978515625 0.8928642578125 0.88117041015625 0.8963037109375 0.87635546875 0.90249462890625 0.8749794921875 0.9073095703125 0.873603515625 0.91143701171875 0.872916015625 0.915564453125 0.87635546875 0.9128125 0.88117041015625 0.91006103515625 0.88460986328125
0 0.896484375 0.931884765625 0.901123046875 0.93017578125 0.904296875 0.924560546875 0.90576171875 0.913818359375 0.902587890625 0.91015625 0.894287109375 0.91064453125 0.886474609375 0.91455078125 0.8818359375 0.921142578125 0.8818359375 0.926025390625 0.885986328125 0.9306640625
0 0.8247646484375 0.937576171875 0.80825537109375 0.9355126953125 0.8068798828125 0.93069775390625 0.808943359375 0.92381884765625 0.8110068359375 0.91969140625 0.8178857421875 0.91831591796875 0.82407666015625 0.915564453125 0.830267578125 0.915564453125 0.83439453125 0.91900341796875 0.83508251953125 0.9251943359375 0.8357705078125 0.93138525390625 0.83301904296875 0.937576171875
0 0.80137646484375 0.96715478515625 0.7979375 0.96509130859375 0.795185546875 0.9609638671875 0.795185546875 0.9568369140625 0.80068896484375 0.952021484375 0.8075673828125 0.94583056640625 0.81169482421875 0.94583056640625 0.815822265625 0.94789453125 0.81857373046875 0.951333984375 0.81994921875 0.95752490234375 0.8178857421875 0.9644033203125 0.81375830078125 0.96646728515625
0 0.81857373046875 0.95408544921875 0.81719775390625 0.9465185546875 0.82201318359375 0.94376708984375 0.8288916015625 0.94583056640625 0.83164306640625 0.9499580078125 0.83164306640625 0.9554609375 0.8288916015625 0.95958837890625 0.826828125 0.96233984375 0.82201318359375 0.96233984375 0.81926123046875 0.958900390625
0 0.92037939453125 0.923130859375 0.91969140625 0.915564453125 0.923130859375 0.9107490234375 0.9286337890625 0.908685546875 0.9320732421875 0.90937353515625 0.93688818359375 0.91350048828125 0.937576171875 0.91900341796875 0.93482470703125 0.9245068359375 0.93138525390625 0.92725830078125 0.9265703125 0.92932177734375 0.9210673828125 0.92794580078125
0 0.97265625 0.947509765625 0.9775390625 0.937255859375 0.972412109375 0.93017578125 0.968505859375 0.93017578125 0.9638671875 0.932861328125 0.96142578125 0.939697265625 0.965087890625 0.94677734375
0 0.9499580078125 0.92037939453125 0.94927001953125 0.912125 0.9554609375 0.90662158203125 0.96302783203125 0.90662158203125 0.965779296875 0.912125 0.9609638671875 0.916251953125 0.9568369140625 0.91900341796875
0 0.980224609375 0.87016455078125 0.97747314453125 0.8639736328125 0.980224609375 0.8570947265625 0.98297607421875 0.85296728515625 0.9857275390625 0.852279296875 0.99123046875 0.85571875 0.9960458984375 0.85778271484375 0.993982421875 0.86122216796875 0.9891669921875 0.866037109375
0 0.958900390625 0.859158203125 0.9547734375 0.8536552734375 0.9547734375 0.84952783203125 0.95958837890625 0.844712890625 0.9644033203125 0.8412734375 0.96990673828125 0.8412734375 0.96990673828125 0.84884033203125 0.9678427734375 0.85503125 0.96165185546875 0.85984619140625
0 0.94287109375 0.864013671875 0.948974609375 0.8623046875 0.9521484375 0.859130859375 0.95458984375 0.852783203125 0.95458984375 0.843994140625 0.947021484375 0.8349609375 0.937744140625 0.83349609375 0.93310546875 0.838623046875 0.93310546875 0.854736328125 0.937744140625 0.86328125
0 0.89561572265625 0.8288916015625 0.89217626953125 0.8213251953125 0.89561572265625 0.8130703125 0.90111865234375 0.808943359375 0.90799755859375 0.80619189453125 0.91006103515625 0.81031884765625 0.90662158203125 0.81994921875 0.901806640625 0.8254521484375
0 0.39697265625 0.589599609375 0.40185546875 0.585693359375 0.40234375 0.579833984375 0.398681640625 0.57373046875 0.392822265625 0.57275390625 0.38818359375 0.576416015625 0.38671875 0.584228515625 0.389404296875 0.587890625
0 0.47119140625 0.568603515625 0.474609375 0.566650390625 0.47607421875 0.560791015625 0.471435546875 0.5546875 0.466552734375 0.5546875 0.4638671875 0.556884765625 0.46435546875 0.562255859375 0.467529296875 0.56787109375
0 0.44775390625 0.593994140625 0.451171875 0.591552734375 0.4521484375 0.588134765625 0.45068359375 0.582763671875 0.446533203125 0.580078125 0.439208984375 0.58447265625 0.4375 0.588623046875 0.439697265625 0.59375
0 0.48291015625 0.617919921875 0.488525390625 0.61572265625 0.49267578125 0.608154296875 0.49169921875 0.603271484375 0.486572265625 0.59912109375 0.479736328125 0.6005859375 0.4736328125 0.606689453125 0.4755859375 0.614990234375
0 0.5029296875 0.680419921875 0.522705078125 0.67578125 0.5322265625 0.665283203125 0.53662109375 0.653564453125 0.53662109375 0.645751953125 0.533447265625 0.64013671875 0.530029296875 0.63818359375 0.513916015625 0.64013671875 0.49853515625 0.647705078125 0.4912109375 0.662353515625 0.49072265625 0.673095703125 0.494384765625 0.67919921875
0 0.53585595703125 0.74841015625 0.53448046875 0.73877978515625 0.53448046875 0.73396484375 0.5365439453125 0.7270859375 0.53929541015625 0.71951953125 0.5434228515625 0.71539208984375 0.54892578125 0.712640625 0.55718017578125 0.70988916015625 0.5647470703125 0.70988916015625 0.566810546875 0.7147041015625 0.5716259765625 0.72020703125 0.5716259765625 0.7284619140625 0.56749853515625 0.73327685546875 0.5613076171875 0.7394677734375 0.55718017578125 0.74359521484375 0.55167724609375 0.744970703125 0.5468623046875 0.7463466796875 0.541359375 0.74772216796875
0 0.5331044921875 0.72295849609375 0.52691357421875 0.72295849609375 0.52485009765625 0.71883154296875 0.52828955078125 0.71401611328125 0.5331044921875 0.71057666015625 0.538607421875 0.7112646484375 0.53929541015625 0.716080078125
0 0.50634765625 0.745361328125 0.510498046875 0.74462890625 0.51806640625 0.734619140625 0.5166015625 0.728271484375 0.510986328125 0.72412109375 0.504150390625 0.72705078125 0.498046875 0.736572265625 0.498046875 0.741943359375
0 0.3623046875 0.684326171875 0.371337890625 0.67919921875 0.37548828125 0.673583984375 0.376953125 0.666748046875 0.372802734375 0.6611328125 0.364013671875 0.66064453125 0.355224609375 0.66552734375 0.35107421875 0.670654296875 0.35302734375 0.680908203125 0.356689453125 0.68408203125
0 0.3984375 0.691650390625 0.40185546875 0.688720703125 0.4033203125 0.682373046875 0.399658203125 0.67724609375 0.395751953125 0.67578125 0.39013671875 0.679931640625 0.38916015625 0.686767578125 0.391845703125 0.6904296875
0 0.41357421875 0.702392578125 0.4189453125 0.698974609375 0.41943359375 0.693603515625 0.416748046875 0.68994140625 0.411376953125 0.68896484375 0.4072265625 0.691650390625 0.40576171875 0.697998046875 0.408935546875 0.7021484375
0 0.42431640625 0.730712890625 0.4296875 0.726318359375 0.431640625 0.721923828125 0.42822265625 0.715087890625 0.419677734375 0.7099609375 0.410888671875 0.71337890625 0.40673828125 0.718994140625 0.408203125 0.726806640625 0.414306640625 0.72998046875
0 0.44091796875 0.757080078125 0.447265625 0.751220703125 0.44677734375 0.744384765625 0.440185546875 0.74072265625 0.431884765625 0.74267578125 0.42919921875 0.747314453125 0.42919921875 0.753173828125 0.433837890625 0.75732421875
0 0.6240234375 0.726806640625 0.626708984375 0.72607421875 0.62890625 0.721923828125 0.62744140625 0.714111328125 0.623779296875 0.7109375 0.617919921875 0.71142578125 0.615234375 0.713623046875 0.6162109375 0.718994140625
0 0.64404296875 0.679931640625 0.651611328125 0.67724609375 0.6572265625 0.669189453125 0.6572265625 0.662841796875 0.65185546875 0.641845703125 0.648193359375 0.63818359375 0.641357421875 0.6396484375 0.63525390625 0.649658203125 0.638671875 0.670654296875 0.6376953125 0.675537109375 0.640380859375 0.67919921875
0 0.75732421875 0.656982421875 0.763916015625 0.6533203125 0.7685546875 0.647705078125 0.77001953125 0.643798828125 0.768798828125 0.634765625 0.763916015625 0.63427734375 0.75390625 0.643310546875 0.75048828125 0.651123046875 0.7509765625 0.655029296875
0 0.72314453125 0.742431640625 0.7265625 0.739501953125 0.72705078125 0.733154296875 0.723876953125 0.7275390625 0.718017578125 0.72509765625 0.71435546875 0.730224609375 0.71484375 0.737548828125 0.717529296875 0.7412109375
0 0.77392578125 0.697509765625 0.77734375 0.695068359375 0.77880859375 0.689697265625 0.77734375 0.684814453125 0.772705078125 0.6826171875 0.76611328125 0.686279296875 0.765625 0.691650390625 0.769287109375 0.69677734375
0 0.9345703125 0.791748046875 0.946044921875 0.7890625 0.9521484375 0.784423828125 0.95361328125 0.775634765625 0.951904296875 0.77294921875 0.938232421875 0.76953125 0.9365234375 0.770751953125 0.9326171875 0.775634765625 0.931640625 0.781982421875 0.93212890625 0.788818359375
0 0.951171875 0.759033203125 0.95751953125 0.756103515625 0.96044921875 0.732666015625 0.955322265625 0.72314453125 0.947509765625 0.716796875 0.943115234375 0.7158203125 0.93994140625 0.718505859375 0.9345703125 0.745849609375 0.947021484375 0.75830078125
0 0.97403369140625 0.716767578125 0.96990673828125 0.712640625 0.96853076171875 0.70438623046875 0.97059423828125 0.6981953125 0.97540966796875 0.69613134765625 0.9822880859375 0.69613134765625 0.98985498046875 0.69957080078125 0.9857275390625 0.7071376953125 0.97953662109375 0.712640625
0 0.92626953125 0.756103515625 0.93603515625 0.745361328125 0.93603515625 0.737060546875 0.93310546875 0.731201171875 0.919189453125 0.716796875 0.909423828125 0.71533203125 0.898193359375 0.71875 0.8916015625 0.724365234375 0.88623046875 0.738525390625 0.8857421875 0.741455078125 0.887939453125 0.74462890625 0.891357421875 0.7470703125 0.916259765625 0.751953125
0 0.87429150390625 0.77454931640625 0.87085205078125 0.7683583984375 0.8694765625 0.76216748046875 0.8715400390625 0.75460107421875 0.87910693359375 0.7504736328125 0.8894248046875 0.75253759765625 0.89355224609375 0.7552890625 0.894240234375 0.7642314453125 0.887361328125 0.77110986328125 0.87979443359375 0.77454931640625
0 0.38623046875 0.522216796875 0.396240234375 0.5185546875 0.40673828125 0.506591796875 0.41162109375 0.494873046875 0.41162109375 0.490478515625 0.407958984375 0.4833984375 0.400146484375 0.48095703125 0.385498046875 0.48388671875 0.380615234375 0.486328125 0.37451171875 0.493896484375 0.37109375 0.503173828125 0.37158203125 0.510498046875 0.380126953125 0.521484375
0 0.357421875 0.491455078125 0.362548828125 0.48974609375 0.3671875 0.485107421875 0.3701171875 0.475341796875 0.3701171875 0.470947265625 0.361083984375 0.46142578125 0.350830078125 0.466796875 0.34130859375 0.479248046875 0.341796875 0.487060546875 0.344482421875 0.48974609375
0 0.30224609375 0.570556640625 0.3076171875 0.566650390625 0.30859375 0.560791015625 0.3056640625 0.552978515625 0.302490234375 0.5498046875 0.297607421875 0.548828125 0.28857421875 0.553466796875 0.28662109375 0.561279296875 0.293701171875 0.5693359375
0 0.03369140625 0.444580078125 0.04052734375 0.439697265625 0.04150390625 0.432861328125 0.035888671875 0.4228515625 0.028564453125 0.4228515625 0.02392578125 0.427490234375 0.025390625 0.439697265625 0.028076171875 0.44384765625
0 0.48193359375 0.506591796875 0.4892578125 0.502685546875 0.4892578125 0.498291015625 0.482666015625 0.48779296875 0.477783203125 0.4873046875 0.47265625 0.490478515625 0.47216796875 0.495361328125 0.474609375 0.504150390625 0.477783203125 0.5068359375
0 0.60546875 0.711669921875 0.608642578125 0.71044921875 0.61083984375 0.706298828125 0.60986328125 0.700439453125 0.603759765625 0.69580078125 0.595947265625 0.6953125 0.5927734375 0.698486328125 0.59375 0.707275390625 0.598388671875 0.71142578125
0 0.59776513671875 0.68856494140625 0.598453125 0.68168603515625 0.60533154296875 0.67618310546875 0.6128984375 0.6754951171875 0.61427392578125 0.68031005859375 0.6080830078125 0.6858134765625
0 0.58935546875 0.694091796875 0.59326171875 0.691162109375 0.59423828125 0.686279296875 0.5888671875 0.674560546875 0.583740234375 0.6728515625 0.577880859375 0.67529296875 0.57470703125 0.681884765625 0.57666015625 0.687255859375 0.583251953125 0.69287109375
0 0.58935546875 0.636474609375 0.597412109375 0.63330078125 0.60791015625 0.619384765625 0.6083984375 0.611083984375 0.604248046875 0.6025390625 0.588623046875 0.6083984375 0.58203125 0.620361328125 0.58056640625 0.631591796875 0.583251953125 0.634765625
0 0.29853857421875 0.85090380859375 0.2978505859375 0.84196142578125 0.3012900390625 0.83645849609375 0.3116083984375 0.8323310546875 0.31435986328125 0.83645849609375 0.31092041015625 0.8460888671875 0.3047294921875 0.8502158203125
0 0.99951171875 0.641845703125 0.99951171875 0.611328125 0.978271484375 0.62451171875 0.9736328125 0.631103515625 0.974609375 0.635498046875 0.984619140625 0.64208984375
0 0.99951171875 0.659423828125 0.99951171875 0.640869140625 0.985107421875 0.640625 0.98193359375 0.649658203125 0.9833984375 0.654052734375 0.992431640625 0.6591796875
0 0.93413671875 0.68306201171875 0.93276123046875 0.67687109375 0.9320732421875 0.67274365234375 0.9320732421875 0.6699921875 0.93964013671875 0.66930419921875 0.9430791015625 0.67411962890625 0.94376708984375 0.68031005859375 0.94032763671875 0.68306201171875
0 0.8983671875 0.68168603515625 0.8983671875 0.673431640625 0.901806640625 0.6679287109375 0.91006103515625 0.66517724609375 0.91487646484375 0.66930419921875 0.912125 0.67755859375 0.90662158203125 0.68168603515625
0 0.7463466796875 0.61358642578125 0.74221923828125 0.60877099609375 0.7429072265625 0.6039560546875 0.74841015625 0.6039560546875 0.74978564453125 0.60877099609375
0 0.67755859375 0.5613076171875 0.67687109375 0.552365234375 0.67962255859375 0.54617431640625 0.68306201171875 0.541359375 0.687876953125 0.5365439453125 0.6968193359375 0.53723193359375 0.70163427734375 0.54411083984375 0.7002587890625 0.55167724609375 0.69200439453125 0.55718017578125 0.6844375 0.56061962890625
0 0.60601953125 0.58538330078125 0.60464404296875 0.580568359375 0.60670751953125 0.57644091796875 0.609458984375 0.57093798828125 0.6128984375 0.5681865234375 0.61564990234375 0.5681865234375 0.617025390625 0.57300146484375 0.617025390625 0.57850439453125 0.6149619140625 0.58331982421875
0 0.6123046875 0.556884765625 0.618896484375 0.5537109375 0.6220703125 0.549072265625 0.6220703125 0.545166015625 0.619384765625 0.5419921875 0.610107421875 0.54150390625 0.60546875 0.546142578125 0.60595703125 0.552978515625 0.608642578125 0.55615234375
0 0.80029296875 0.526611328125 0.80419921875 0.514404296875 0.80322265625 0.510009765625 0.798583984375 0.5048828125 0.792236328125 0.50341796875 0.78369140625 0.510498046875 0.7822265625 0.518310546875 0.790283203125 0.525390625
0 0.982421875 0.398681640625 0.988525390625 0.396484375 0.99951171875 0.386474609375 0.99951171875 0.3505859375 0.989013671875 0.35302734375 0.976806640625 0.36279296875 0.96435546875 0.376708984375 0.96484375 0.384521484375 0.97265625 0.394287109375 0.976806640625 0.3984375
0 0.92626953125 0.595947265625 0.93115234375 0.592529296875 0.9326171875 0.584228515625 0.929443359375 0.58056640625 0.924560546875 0.57958984375 0.920654296875 0.5810546875 0.91845703125 0.585205078125 0.9208984375 0.593505859375
0 0.87979443359375 0.580568359375 0.8715400390625 0.57781640625 0.86672509765625 0.5723134765625 0.8681005859375 0.56543505859375 0.87085205078125 0.55855615234375 0.87566748046875 0.5558046875 0.8818583984375 0.5558046875 0.89148828125 0.56199560546875 0.894240234375 0.56956201171875 0.887361328125 0.57850439453125
0 0.93798828125 0.567138671875 0.945068359375 0.56494140625 0.95361328125 0.554443359375 0.95556640625 0.545166015625 0.952880859375 0.54052734375 0.948486328125 0.53955078125 0.938232421875 0.54443359375 0.9296875 0.553955078125 0.9296875 0.563720703125
0 0.94775390625 0.531005859375 0.952880859375 0.52880859375 0.95654296875 0.522216796875 0.95654296875 0.517333984375 0.953369140625 0.5146484375 0.945556640625 0.51611328125 0.94091796875 0.521728515625 0.94091796875 0.529541015625
0 0.8671875 0.550537109375 0.8720703125 0.547119140625 0.8720703125 0.542236328125 0.866943359375 0.53564453125 0.863037109375 0.53515625 0.859375 0.538818359375 0.859375 0.544677734375 0.862548828125 0.548828125
0 0.89111328125 0.544677734375 0.895751953125 0.54296875 0.89990234375 0.537353515625 0.8984375 0.531982421875 0.894775390625 0.52880859375 0.889892578125 0.52880859375 0.88818359375 0.530517578125 0.884765625 0.540771484375 0.886962890625 0.5439453125
0 0.91943359375 0.511474609375 0.928466796875 0.50927734375 0.93115234375 0.506103515625 0.931640625 0.501220703125 0.926513671875 0.494140625 0.917724609375 0.49169921875 0.9052734375 0.502197265625 0.9052734375 0.506103515625 0.909423828125 0.51123046875
0 0.89561572265625 0.50627734375 0.88873681640625 0.4993984375 0.88873681640625 0.49114404296875 0.8894248046875 0.4828896484375 0.8894248046875 0.47463525390625 0.89217626953125 0.46569287109375 0.89699169921875 0.46225341796875 0.90455810546875 0.46569287109375 0.91350048828125 0.4718837890625 0.915564453125 0.48426513671875 0.915564453125 0.49114404296875 0.90937353515625 0.5007744140625 0.9031826171875 0.5042138671875
0 0.7822265625 0.625244140625 0.78759765625 0.621826171875 0.78955078125 0.616455078125 0.784423828125 0.60986328125 0.780517578125 0.611328125 0.77734375 0.615966796875 0.77783203125 0.623779296875
0 0.72021484375 0.542236328125 0.724609375 0.537841796875 0.72412109375 0.531494140625 0.720458984375 0.52734375 0.714111328125 0.52734375 0.71044921875 0.530517578125 0.71044921875 0.537353515625 0.714111328125 0.54150390625
0 0.64794921875 0.490966796875 0.65966796875 0.479248046875 0.6591796875 0.474853515625 0.655517578125 0.470703125 0.650146484375 0.47021484375 0.645263671875 0.47216796875 0.6396484375 0.478759765625 0.638671875 0.486572265625 0.642822265625 0.49072265625
0 0.72998046875 0.458740234375 0.7373046875 0.453857421875 0.74267578125 0.444091796875 0.7412109375 0.439208984375 0.734130859375 0.435546875 0.72705078125 0.439208984375 0.72119140625 0.449951171875 0.72119140625 0.455810546875 0.725341796875 0.458984375
0 0.6083984375 0.485595703125 0.613525390625 0.4833984375 0.6220703125 0.474365234375 0.62353515625 0.467041015625 0.620849609375 0.46337890625 0.615966796875 0.46337890625 0.60205078125 0.474853515625 0.60107421875 0.482666015625 0.603759765625 0.4853515625
0 0.5234375 0.499755859375 0.5283203125 0.496337890625 0.53515625 0.482177734375 0.53564453125 0.478759765625 0.532470703125 0.4755859375 0.529541015625 0.47509765625 0.521728515625 0.4794921875 0.513671875 0.490478515625 0.51416015625 0.495361328125 0.517333984375 0.4990234375
0 0.51708984375 0.458251953125 0.523681640625 0.45751953125 0.52978515625 0.452392578125 0.52978515625 0.447021484375 0.526123046875 0.4423828125 0.517333984375 0.44091796875 0.5107421875 0.445556640625 0.5087890625 0.454833984375 0.511474609375 0.4580078125
0 0.5419921875 0.466552734375 0.554443359375 0.46337890625 0.56005859375 0.459716796875 0.5625 0.450927734375 0.559326171875 0.44287109375 0.549072265625 0.4404296875 0.53857421875 0.449951171875 0.5341796875 0.459228515625 0.537841796875 0.4658203125
0 0.58740234375 0.457275390625 0.59033203125 0.453369140625 0.58740234375 0.432861328125 0.582763671875 0.42822265625 0.576904296875 0.427734375 0.5703125 0.435302734375 0.5703125 0.443115234375 0.57373046875 0.451416015625 0.577392578125 0.455078125
0 0.6845703125 0.414794921875 0.689697265625 0.41357421875 0.6923828125 0.409423828125 0.69189453125 0.404052734375 0.686767578125 0.40087890625 0.680419921875 0.40234375 0.673828125 0.407470703125 0.676513671875 0.4140625
0 0.9389521484375 0.4760107421875 0.93413671875 0.4725712890625 0.93276123046875 0.46569287109375 0.93482470703125 0.45881396484375 0.93964013671875 0.459501953125 0.94170361328125 0.46638037109375
0 0.85205078125 0.427978515625 0.85791015625 0.423583984375 0.85986328125 0.417236328125 0.85546875 0.408447265625 0.851318359375 0.40673828125 0.84423828125 0.411865234375 0.84326171875 0.418212890625 0.8447265625 0.425048828125 0.846923828125 0.42724609375
0 0.8749794921875 0.38796240234375 0.87016455078125 0.38727490234375 0.86672509765625 0.38245947265625 0.8681005859375 0.37764453125 0.8715400390625 0.37695654296875 0.87566748046875 0.381771484375
0 0.87222802734375 0.4113505859375 0.86672509765625 0.4079111328125 0.86878857421875 0.403095703125 0.8715400390625 0.39896875 0.87566748046875 0.402408203125
0 0.9465185546875 0.3370595703125 0.94583056640625 0.33018115234375 0.94858251953125 0.32674169921875 0.95408544921875 0.32536572265625 0.95752490234375 0.3294931640625 0.95408544921875 0.3370595703125
0 0.7421875 0.371826171875 0.75 0.366943359375 0.75048828125 0.362548828125 0.747314453125 0.35693359375 0.740478515625 0.3544921875 0.7353515625 0.356689453125 0.73046875 0.365478515625 0.735595703125 0.37109375
0 0.49462890625 0.364013671875 0.50244140625 0.362060546875 0.50634765625 0.354248046875 0.505859375 0.345947265625 0.501220703125 0.34228515625 0.485595703125 0.34228515625 0.48193359375 0.344970703125 0.482421875 0.358642578125 0.486083984375 0.3623046875
0 0.26025390625 0.346435546875 0.269775390625 0.34228515625 0.27392578125 0.336181640625 0.2744140625 0.329345703125 0.266845703125 0.32177734375 0.259521484375 0.32470703125 0.25 0.336669921875 0.24951171875 0.341552734375 0.251220703125 0.34423828125
0 0.033203125 0.311767578125 0.03857421875 0.305908203125 0.0361328125 0.296142578125 0.030517578125 0.29296875 0.020263671875 0.29541015625 0.017578125 0.301025390625 0.01904296875 0.306396484375 0.026611328125 0.31201171875
0 0.4052734375 0.346923828125 0.411865234375 0.3447265625 0.42041015625 0.338134765625 0.4228515625 0.325927734375 0.420166015625 0.32275390625 0.412353515625 0.32421875 0.40234375 0.331787109375 0.40087890625 0.344970703125
0 0.43310546875 0.316650390625 0.43994140625 0.314208984375 0.44091796875 0.305908203125 0.431884765625 0.296875 0.427978515625 0.296875 0.423828125 0.302001953125 0.42431640625 0.305419921875 0.42724609375 0.313232421875
0 0.3466796875 0.343505859375 0.355712890625 0.33837890625 0.359375 0.333740234375 0.35986328125 0.329345703125 0.356689453125 0.3251953125 0.349853515625 0.32568359375 0.3408203125 0.332275390625 0.3388671875 0.341552734375
0 0.37841796875 0.355224609375 0.380859375 0.347900390625 0.37744140625 0.337646484375 0.368896484375 0.33837890625 0.3671875 0.341064453125 0.3681640625 0.347900390625 0.372802734375 0.35400390625
0 0.35907177734375 0.2366298828125 0.35769580078125 0.23043896484375 0.3549443359375 0.2228720703125 0.3549443359375 0.2139296875 0.35907177734375 0.20705078125 0.36388671875 0.20429931640625 0.3721416015625 0.20636328125 0.3721416015625 0.21324169921875 0.36939013671875 0.22080859375 0.36663818359375 0.22699951171875 0.36457470703125 0.23525390625
0 0.552365234375 0.388650390625 0.552365234375 0.38245947265625 0.55167724609375 0.37489306640625 0.55855615234375 0.36939013671875 0.56268310546875 0.36939013671875 0.56543505859375 0.37695654296875 0.5613076171875 0.38383544921875
0 0.5888671875 0.370849609375 0.5986328125 0.361572265625 0.60009765625 0.358154296875 0.59912109375 0.350341796875 0.596435546875 0.34765625 0.586669921875 0.34619140625 0.572021484375 0.3515625 0.56884765625 0.357177734375 0.57275390625 0.365478515625 0.580322265625 0.37060546875
0 0.6474609375 0.338134765625 0.653076171875 0.33642578125 0.6572265625 0.329345703125 0.654296875 0.314208984375 0.651123046875 0.3115234375 0.646240234375 0.31103515625 0.638671875 0.314208984375 0.63720703125 0.322509765625 0.640625 0.334716796875
0 0.66748046875 0.315673828125 0.6728515625 0.310302734375 0.671875 0.305419921875 0.659912109375 0.29443359375 0.655029296875 0.294921875 0.650390625 0.304443359375 0.65234375 0.310791015625 0.660888671875 0.3154296875
0 0.58154296875 0.319091796875 0.587890625 0.315185546875 0.59033203125 0.304443359375 0.585693359375 0.29736328125 0.579833984375 0.2958984375 0.576171875 0.298583984375 0.57275390625 0.314697265625 0.574951171875 0.31787109375
0 0.63623046875 0.293212890625 0.64208984375 0.289794921875 0.64453125 0.280029296875 0.64453125 0.274658203125 0.637939453125 0.2705078125 0.631591796875 0.2724609375 0.625 0.278076171875 0.62353515625 0.281982421875 0.6240234375 0.286376953125 0.627685546875 0.29150390625
0 0.55374072265625 0.26139306640625 0.54755029296875 0.256578125 0.54755029296875 0.2476357421875 0.55167724609375 0.24350830078125 0.55718017578125 0.24282080078125 0.56061962890625 0.24969921875 0.55855615234375 0.25726611328125
0 0.57080078125 0.220458984375 0.576416015625 0.21826171875 0.57958984375 0.213623046875 0.580078125 0.207763671875 0.577392578125 0.20556640625 0.569580078125 0.20556640625 0.56396484375 0.212158203125 0.564453125 0.217041015625
0 0.66259765625 0.234619140625 0.66650390625 0.231689453125 0.666015625 0.224365234375 0.658935546875 0.21875 0.651611328125 0.22119140625 0.64794921875 0.227783203125 0.6494140625 0.231689453125 0.655517578125 0.234375
0 0.815822265625 0.36044775390625 0.8130703125 0.35219287109375 0.8144462890625 0.346001953125 0.81857373046875 0.34462646484375 0.826828125 0.345314453125 0.82957958984375 0.3508173828125 0.82614013671875 0.3563203125
0 0.8570947265625 0.3012900390625 0.85571875 0.29303564453125 0.859158203125 0.2868447265625 0.86534912109375 0.28478125 0.86878857421875 0.28959619140625 0.86878857421875 0.29509912109375 0.8646611328125 0.30060205078125
0 0.91969140625 0.2655205078125 0.915564453125 0.25795361328125 0.91831591796875 0.25245068359375 0.923130859375 0.2510751953125 0.92932177734375 0.25245068359375 0.93344921875 0.256578125 0.93276123046875 0.260017578125 0.9286337890625 0.26483251953125
0 0.99673388671875 0.23112646484375 0.9891669921875 0.23043896484375 0.9816005859375 0.22699951171875 0.9816005859375 0.22149658203125 0.98503955078125 0.21668115234375 0.98847900390625 0.2139296875 0.994669921875 0.2159931640625 0.99742138671875 0.21874462890625 0.99742138671875 0.22356005859375
0 0.365234375 0.122802734375 0.376953125 0.113037109375 0.37939453125 0.107666015625 0.37890625 0.101806640625 0.369873046875 0.09619140625 0.360595703125 0.09912109375 0.353515625 0.110107421875 0.3564453125 0.120849609375 0.360107421875 0.123046875
0 0.4333623046875 0.167154296875 0.4257958984375 0.167841796875 0.41822900390625 0.1657783203125 0.41960498046875 0.160275390625 0.424419921875 0.1568359375 0.43198681640625 0.1554599609375 0.43611376953125 0.15958740234375
0 0.353515625 0.159912109375 0.3603515625 0.156982421875 0.36083984375 0.148681640625 0.357421875 0.139892578125 0.348876953125 0.13671875 0.341796875 0.143310546875 0.3408203125 0.150146484375 0.345458984375 0.158203125
0 0.345703125 0.184326171875 0.352783203125 0.181640625 0.35693359375 0.176513671875 0.3564453125 0.167236328125 0.352783203125 0.16357421875 0.347412109375 0.16357421875 0.337890625 0.170654296875 0.33740234375 0.180908203125 0.341552734375 0.18408203125
0 0.83984375 0.251220703125 0.845458984375 0.2490234375 0.849609375 0.243408203125 0.84814453125 0.237548828125 0.841552734375 0.2333984375 0.836669921875 0.234375 0.830078125 0.244873046875 0.831787109375 0.25048828125
0 0.869140625 0.264892578125 0.876220703125 0.2626953125 0.87841796875 0.259521484375 0.8779296875 0.250732421875 0.875244140625 0.24658203125 0.866943359375 0.24951171875 0.8603515625 0.255126953125 0.859375 0.259033203125 0.861328125 0.262939453125 0.863037109375 0.2646484375
0 0.8837890625 0.262451171875 0.894287109375 0.255859375 0.89892578125 0.249755859375 0.90087890625 0.239013671875 0.898193359375 0.23486328125 0.885986328125 0.23779296875 0.8740234375 0.247314453125 0.8759765625 0.260009765625 0.879638671875 0.2626953125
0 0.9306640625 0.218505859375 0.9375 0.211669921875 0.937744140625 0.2001953125 0.926025390625 0.201171875 0.9169921875 0.212158203125 0.922119140625 0.21826171875
0 0.5152197265625 0.053654296875 0.51246826171875 0.046087890625 0.51728369140625 0.0426484375 0.52347412109375 0.04196044921875 0.52347412109375 0.04883935546875 0.52003515625 0.05640576171875
0 0.91064453125 0.046142578125 0.933837890625 0.03662109375 0.939453125 0.031005859375 0.943359375 0.015869140625 0.939697265625 0.0078125 0.934326171875 0.0068359375 0.922607421875 0.009765625 0.908203125 0.021728515625 0.904296875 0.031005859375 0.90380859375 0.040283203125 0.906494140625 0.044921875
0 0.9609638671875 0.05640576171875 0.95821240234375 0.0515908203125 0.9609638671875 0.0447119140625 0.96509130859375 0.046775390625 0.9678427734375 0.05434228515625
0 0.92932177734375 0.07910595703125 0.91969140625 0.0770419921875 0.91969140625 0.0715390625 0.92381884765625 0.0660361328125 0.930009765625 0.067412109375 0.9355126953125 0.0715390625 0.9355126953125 0.0770419921875
0 0.95556640625 0.142333984375 0.963623046875 0.138671875 0.97119140625 0.129638671875 0.9716796875 0.121826171875 0.966064453125 0.1171875 0.961181640625 0.1171875 0.953857421875 0.12158203125 0.947265625 0.130615234375 0.94873046875 0.139892578125
0 0.9892578125 0.119873046875 0.994873046875 0.1181640625 0.99853515625 0.114013671875 0.9990234375 0.106201171875 0.995849609375 0.1025390625 0.988525390625 0.10302734375 0.984375 0.109619140625 0.984375 0.117919921875
0 0.82270068359375 0.16096337890625 0.816509765625 0.1588994140625 0.81169482421875 0.15752392578125 0.81169482421875 0.15408447265625 0.81513427734375 0.15064501953125 0.8213251953125 0.153396484375
0 0.7578125 0.173095703125 0.763671875 0.162353515625 0.76416015625 0.156982421875 0.760986328125 0.154296875 0.755615234375 0.15478515625 0.7490234375 0.162353515625 0.75 0.170654296875 0.753173828125 0.17333984375
0 0.75460107421875 0.08116943359375 0.75460107421875 0.07429052734375 0.7552890625 0.067412109375 0.76010400390625 0.06466064453125 0.7649189453125 0.06466064453125 0.766294921875 0.06878759765625 0.7649189453125 0.07360302734375 0.759416015625 0.0797939453125
0 0.69131640625 0.06122119140625 0.68856494140625 0.0550302734375 0.687876953125 0.04883935546875 0.6892529296875 0.04402392578125 0.69406787109375 0.04539990234375 0.6988828125 0.0515908203125 0.6981953125 0.0591572265625
0 0.66311328125 0.088736328125 0.65485888671875 0.07910595703125 0.658986328125 0.07360302734375 0.66724072265625 0.0770419921875 0.6679287109375 0.08254541015625
0 0.65234375 0.135986328125 0.660400390625 0.13330078125 0.66259765625 0.128173828125 0.662109375 0.120849609375 0.656005859375 0.11572265625 0.648681640625 0.11865234375 0.64404296875 0.125244140625 0.64697265625 0.134521484375
0 0.71044921875 0.182373046875 0.72119140625 0.175537109375 0.72265625 0.168701171875 0.718505859375 0.16357421875 0.707275390625 0.1650390625 0.70361328125 0.168701171875 0.70361328125 0.177001953125 0.707275390625 0.181640625
0 0.7373046875 0.191162109375 0.7431640625 0.186279296875 0.744140625 0.179443359375 0.74169921875 0.173583984375 0.736572265625 0.1708984375 0.728515625 0.175537109375 0.7265625 0.181396484375 0.729736328125 0.189453125
0 0.1623388671875 0.19535693359375 0.1623388671875 0.189166015625 0.16371484375 0.18297509765625 0.167154296875 0.1802236328125 0.174720703125 0.1850390625 0.17128125 0.1905419921875 0.167154296875 0.1939814453125
0 0.3012900390625 0.9533974609375 0.2992265625 0.94720654296875 0.302666015625 0.94170361328125 0.30885693359375 0.937576171875 0.3157353515625 0.93620068359375 0.32192626953125 0.93826416015625 0.32192626953125 0.94170361328125 0.3157353515625 0.94376708984375 0.31298388671875 0.94720654296875 0.310232421875 0.94858251953125
0 0.37145361328125 0.637662109375 0.370765625 0.62803173828125 0.37351708984375 0.62252880859375 0.37695654296875 0.62046484375 0.3852109375 0.616337890625 0.38933837890625 0.616337890625 0.38727490234375 0.623904296875 0.3831474609375 0.630783203125 0.3797080078125 0.63422265625
0 0.737404296875 0.3370595703125 0.7291494140625 0.33499609375 0.72227099609375 0.331556640625 0.71883154296875 0.324677734375 0.723646484375 0.31986279296875 0.7291494140625 0.31779931640625 0.73534033203125 0.317111328125 0.74153125 0.31986279296875 0.74565869140625 0.323990234375 0.74565869140625 0.33086865234375 0.74221923828125 0.3363720703125
0 0.90622314453125 0.99308642578125 0.89845556640625 0.9926396484375 0.8953837890625 0.98518017578125 0.89977197265625 0.977720703125 0.90810888671875 0.9799150390625 0.911619140625 0.9860576171875
0 0.93565673828125 0.97040771484375 0.93399755859375 0.96499609375 0.93619140625 0.95973095703125 0.94145703125 0.9592919921875 0.9427734375 0.96499609375 0.94057958984375 0.97026171875
0 0.31825634765625 0.33675341796875 0.3112802734375 0.3396650390625 0.3022041015625 0.33753076171875 0.3022041015625 0.32632763671875 0.30861083984375 0.32259326171875 0.31715283203125 0.32259326171875 0.319822265625 0.33006201171875
0 0.75238671875 0.4794091796875 0.7415986328125 0.47730517578125 0.741064453125 0.469302734375 0.74213232421875 0.45916650390625 0.7469375 0.45169775390625 0.754412109375 0.45383154296875 0.75494580078125 0.46663525390625
0 0.8193115234375 0.2821572265625 0.80993701171875 0.28066455078125 0.805666015625 0.27372900390625 0.808869140625 0.265193359375 0.81687744140625 0.2630595703125 0.8232841796875 0.26786083984375 0.8248857421875 0.272662109375
0 0.2337197265625 0.55690087890625 0.227458984375 0.55231005859375 0.2327978515625 0.54484130859375 0.23973828125 0.54697509765625 0.24080615234375 0.553376953125 0.23653515625 0.55764501953125
0 0.24951171875 0.2353515625 0.24755859375 0.2392578125 0.2490234375 0.2470703125 0.255859375 0.2509765625 0.263671875 0.25 0.26513671875 0.248046875 0.263671875 0.23291015625 0.25146484375 0.2333984375
0 0.1687314453125 0.00619091796875 0.16704833984375 0.0119736328125 0.16113037109375 0.01756591796875 0.15521240234375 0.0165791015625 0.1529111328125 0.01328955078125 0.15455517578125 0.0103291015625 0.159486328125 0.004408203125 0.1624453125 0.0040791015625
0 0.231123046875 0.21506689453125 0.22787158203125 0.22052490234375 0.22228271484375 0.22249853515625 0.21899462890625 0.2198671875 0.21965234375 0.2155908203125 0.22392626953125 0.21230126953125 0.22688525390625 0.21263037109375
0 0.22189990234375 0.0967939453125 0.22129638671875 0.10144677734375 0.21570703125 0.10342041015625 0.21340576171875 0.09914404296875 0.21636474609375 0.0965126953125
0 0.15082763671875 0.08540087890625 0.1489658203125 0.0902626953125 0.1440341796875 0.09157861328125 0.1410751953125 0.0882890625 0.14271923828125 0.0840126953125 0.1460068359375 0.0823681640625
0 0.08911474609375 0.22669140625 0.0877138671875 0.23397509765625 0.07920654296875 0.23656591796875 0.07254931640625 0.2324951171875 0.0729189453125 0.22805419921875 0.077357421875 0.2247236328125 0.08290576171875 0.2247236328125 0.08845361328125 0.2262041015625
0 0.08972509765625 0.186408203125 0.09104248046875 0.19400830078125 0.089193359375 0.197708984375 0.08253564453125 0.19548876953125 0.07957666015625 0.192158203125 0.08105615234375 0.1869775390625
0 0.07873876953125 0.1027900390625 0.0732890625 0.111484375 0.0670009765625 0.11444482421875 0.05886376953125 0.11444482421875 0.05664453125 0.1070439453125 0.06071337890625 0.10223291015625 0.0688505859375 0.0977919921875 0.0747685546875 0.098162109375
0 0.04089697265625 0.1076728515625 0.03519189453125 0.1055634765625 0.03519189453125 0.10075244140625 0.03704150390625 0.098162109375 0.041849609375 0.098162109375 0.04443896484375 0.10186279296875
0 0.02624853515625 0.0832587890625 0.022986328125 0.08854052734375 0.01817822265625 0.08928076171875 0.01669873046875 0.08483984375 0.0185478515625 0.08187939453125 0.02224658203125 0.08150927734375
0 0.26367529296875 0.19739453125 0.2626630859375 0.20252001953125 0.2578544921875 0.20548046875 0.253416015625 0.20326025390625 0.25267626953125 0.1988193359375 0.255265625 0.19437841796875 0.259333984375 0.192158203125
0 0.02197607421875 0.1003486328125 0.021876953125 0.105193359375 0.01817822265625 0.11000439453125 0.01373974609375 0.111484375 0.01041064453125 0.1070439453125 0.010041015625 0.10297314453125 0.0144794921875 0.10075244140625
0 0.04455908203125 0.2504951171875 0.0481376953125 0.25617919921875 0.04702783203125 0.26247021484375 0.04258935546875 0.26247021484375 0.0392607421875 0.26135986328125 0.03815087890625 0.25691943359375 0.038890625 0.2535888671875
0 0.27466162109375 0.28528515625 0.27412890625 0.29096484375 0.270060546875 0.29429541015625 0.2656220703125 0.293185546875 0.26636181640625 0.28985498046875 0.2685810546875 0.2865244140625
0 0.20691259765625 0.0661689453125 0.2053330078125 0.0718876953125 0.20126416015625 0.07484814453125 0.197935546875 0.0726279296875 0.1994150390625 0.06855712890625
0 0.51269873046875 0.0564033203125 0.5126962890625 0.06226611328125 0.5097373046875 0.06781689453125 0.505298828125 0.06966748046875 0.50270947265625 0.065966796875 0.50233984375 0.06263623046875 0.5038193359375 0.060416015625 0.50714794921875 0.05708544921875
0 0.54809912109375 0.0148994140625 0.547833984375 0.02081884765625 0.54413525390625 0.02229931640625 0.53821728515625 0.02303955078125 0.53525830078125 0.02155908203125 0.535998046875 0.01711865234375 0.53932666015625 0.01489794921875 0.54228564453125 0.01341796875
0 0.60242041015625 0.005744140625 0.6018349609375 0.01008740234375 0.59924609375 0.01452783203125 0.59517724609375 0.01563818359375 0.59221826171875 0.01415771484375 0.59221826171875 0.00897705078125 0.5948076171875 0.00638671875 0.597396484375 0.005646484375
0 0.12207373046875 0.230353515625 0.11693359375 0.22842431640625 0.11619384765625 0.2239833984375 0.118783203125 0.22065283203125 0.12544091796875 0.22176318359375 0.12766015625 0.2269443359375
0 0.40649755859375 0.0905830078125 0.4050634765625 0.09705224609375 0.40136474609375 0.0992724609375 0.396556640625 0.0992724609375 0.39359765625 0.09483154296875 0.39470703125 0.08780029296875 0.399515625 0.08854052734375
0 0.38954296875 0.13531396484375 0.39053271484375 0.139869140625 0.38790234375 0.144474609375 0.38165576171875 0.14348779296875 0.3773818359375 0.13888232421875 0.37968310546875 0.13690869140625 0.38395703125 0.13526416015625
0 0.07541552734375 0.15972802734375 0.07227880859375 0.16585595703125 0.0680048828125 0.1668427734375 0.0630732421875 0.1645400390625 0.0640595703125 0.16026416015625 0.06767578125 0.15730322265625 0.0709638671875 0.15730322265625
0 0.06564990234375 0.16732373046875 0.066689453125 0.17210595703125 0.062744140625 0.1753955078125 0.0581416015625 0.1753955078125 0.0551826171875 0.17243505859375 0.05452490234375 0.1691455078125 0.0617578125 0.1645400390625
0 0.416505859375 0.18855322265625 0.42110888671875 0.1934873046875 0.42308154296875 0.19875048828125 0.422423828125 0.20467138671875 0.41946484375 0.205658203125 0.41584814453125 0.20072412109375 0.41420458984375 0.1954609375
0 0.48448681640625 0.21235400390625 0.48489111328125 0.21684228515625 0.48258935546875 0.2201318359375 0.47864404296875 0.22078955078125 0.4773291015625 0.216513671875 0.47995947265625 0.21157958984375
0 0.47200830078125 0.2432783203125 0.4733837890625 0.2474345703125 0.47108251953125 0.2513818359375 0.46779443359375 0.252697265625 0.46121923828125 0.2507236328125 0.4595751953125 0.24842138671875 0.463849609375 0.24348681640625
0 0.45301953125 0.0897412109375 0.4536572265625 0.09348828125 0.452013671875 0.10039599609375 0.44938330078125 0.10434326171875 0.444123046875 0.10598779296875 0.4428076171875 0.10039599609375 0.444123046875 0.09414599609375
0 0.44542431640625 0.0506787109375 0.45036962890625 0.05138330078125 0.4536572265625 0.05302783203125 0.45497265625 0.0579619140625 0.45234228515625 0.06092236328125 0.44708203125 0.0586201171875
0 0.47200830078125 0.01107373046875 0.4714111328125 0.01618603515625 0.46976708984375 0.0194755859375 0.46286279296875 0.02144921875 0.46121923828125 0.0171728515625 0.46319189453125 0.01388330078125
0 0.27235546875 0.1532177734375 0.27151611328125 0.1582900390625 0.2672421875 0.16190869140625 0.26066650390625 0.16026416015625 0.260337890625 0.15631640625 0.26559814453125 0.15138232421875
0 0.18989013671875 0.1776318359375 0.19326806640625 0.18263232421875 0.19030908203125 0.18625048828125 0.18603466796875 0.185921875 0.18537744140625 0.18263232421875 0.1886650390625 0.17638232421875
0 0.02658740234375 0.215609375 0.0334833984375 0.21585546875 0.0394013671875 0.2178291015625 0.04170263671875 0.22210546875 0.03907275390625 0.22539501953125 0.03183935546875 0.22539501953125 0.02723681640625 0.2224345703125
0 0.0515439453125 0.18197216796875 0.05090869140625 0.18690869140625 0.04762060546875 0.19085595703125 0.04268896484375 0.19019775390625 0.0413740234375 0.185263671875 0.04499072265625 0.1816455078125
0 0.2197294921875 0.1559306640625 0.2123369140625 0.152369140625 0.21266552734375 0.146119140625 0.21759716796875 0.14907958984375 0.222857421875 0.15335595703125
0 0.1513701171875 0.27094775390625 0.1501982421875 0.27671044921875 0.14592431640625 0.27868408203125 0.1413212890625 0.27440771484375 0.14197900390625 0.27046044921875
0 0.4487255859375 0.28690771484375 0.448068359375 0.291841796875 0.44313671875 0.29546044921875 0.4398486328125 0.2925 0.44050634765625 0.28855224609375
0 0.3320341796875 0.2557568359375 0.32576416015625 0.25598681640625 0.3211611328125 0.25236865234375 0.31951708984375 0.2467763671875 0.32444873046875 0.2474345703125 0.33069580078125 0.25203955078125
0 0.13563671875 0.0750927734375 0.1396484375 0.0778779296875 0.140634765625 0.08577294921875 0.13701806640625 0.08939111328125 0.1317578125 0.0887333984375 0.1301142578125 0.0824833984375
0 0.56478173828125 0.07834814453125 0.565740234375 0.08445703125 0.561794921875 0.0880751953125 0.555876953125 0.0847861328125 0.55752099609375 0.0808388671875
0 0.53765478515625 0.10276220703125 0.5325341796875 0.10189111328125 0.52990380859375 0.09958837890625 0.5285888671875 0.09399658203125 0.5335205078125 0.09399658203125 0.53910986328125 0.096298828125 0.54075341796875 0.0989306640625
0 0.56749462890625 0.02680712890625 0.56935693359375 0.03116796875 0.567712890625 0.03741796875 0.561794921875 0.0393916015625 0.557849609375 0.03807568359375 0.55653466796875 0.03248388671875 0.5571923828125 0.0275498046875 0.56146630859375 0.0265625
0 0.05479931640625 0.29047900390625 0.05548193359375 0.29465283203125 0.05252294921875 0.2972841796875 0.0472626953125 0.29695556640625 0.04397509765625 0.2939951171875 0.047591796875 0.29070556640625
0 0.34234228515625 0.276373046875 0.34743408203125 0.27820556640625 0.3507216796875 0.28215283203125 0.3497353515625 0.28445556640625 0.3457900390625 0.287416015625 0.3418447265625 0.28610009765625 0.3388857421875 0.281166015625
0 0.206708984375 0.217779296875 0.20573193359375 0.226232421875 0.19784130859375 0.2321533203125 0.1935673828125 0.22886376953125 0.1915947265625 0.22294287109375 0.19422509765625 0.219982421875 0.1994853515625 0.21932421875
0 0.50022021484375 0.19662060546875 0.49965673828125 0.202876953125 0.49669775390625 0.2094560546875 0.48979345703125 0.21011376953125 0.4871630859375 0.2071533203125 0.48782080078125 0.20221923828125 0.490451171875 0.1989296875 0.4950537109375 0.19662744140625
0 0.53548486328125 0.1217509765625 0.53615087890625 0.127548828125 0.5351640625 0.1357724609375 0.53023291015625 0.14333837890625 0.52398583984375 0.14498291015625 0.52135595703125 0.14300927734375 0.52135595703125 0.135443359375 0.5276025390625 0.127548828125
0 0.51649609375 0.0875712890625 0.51806787109375 0.09399658203125 0.5118212890625 0.10024658203125 0.5068896484375 0.09794384765625 0.50623193359375 0.0910361328125 0.5108349609375 0.0861015625
0 0.5029326171875 0.07672021484375 0.50327294921875 0.080509765625 0.50031396484375 0.0841279296875 0.49669775390625 0.0828125 0.4953828125 0.07886474609375 0.49834130859375 0.07524658203125
0 0.02387451171875 0.02083935546875 0.0235908203125 0.0252470703125 0.01931689453125 0.02853662109375 0.01537158203125 0.0265625 0.0186591796875 0.02195751953125
0 0.255376953125 0.12261474609375 0.255376953125 0.12689111328125 0.25241796875 0.133140625 0.2478154296875 0.13281201171875 0.24617138671875 0.13018017578125 0.2478154296875 0.1255751953125
0 0.33040673828125 0.1043896484375 0.3300087890625 0.10847021484375 0.326392578125 0.11439111328125 0.32113232421875 0.11241748046875 0.3214609375 0.1074833984375 0.32376220703125 0.10222021484375
0 0.3906279296875 0.2313427734375 0.3911611328125 0.23807421875 0.3882021484375 0.2423505859375 0.38458544921875 0.24432421875 0.3793251953125 0.24498193359375 0.37570849609375 0.242021484375 0.37603759765625 0.2364296875 0.37998291015625 0.23314013671875 0.3842568359375 0.23149560546875
0 0.45030712890625 0.2644375 0.44771044921875 0.27195556640625 0.44343603515625 0.2729423828125 0.43949072265625 0.27031103515625 0.43883349609375 0.26636376953125 0.441134765625 0.26373193359375 0.445080078125 0.26373193359375
0 0.5300595703125 0.21126904296875 0.52530126953125 0.2094560546875 0.52299951171875 0.20616650390625 0.5246435546875 0.202876953125 0.5295751953125 0.20254833984375 0.5325341796875 0.20485107421875 0.53384912109375 0.2094560546875
0 0.5300595703125 0.3534130859375 0.52850732421875 0.359984375 0.5232470703125 0.359984375 0.51864404296875 0.3540634765625 0.51995947265625 0.3501162109375 0.5232470703125 0.3501162109375
0 0.406904296875 0.3854228515625 0.4114638671875 0.390576171875 0.4104775390625 0.3964970703125 0.4085048828125 0.39978662109375 0.40390185546875 0.39781298828125 0.40094287109375 0.39222119140625 0.4035732421875 0.38794482421875
0 0.4861142578125 0.40875146484375 0.482150390625 0.41426025390625 0.47754736328125 0.4168916015625 0.47130078125 0.4132734375 0.4719580078125 0.40833935546875 0.476232421875 0.40570751953125 0.4811640625 0.40636572265625
0 0.11827587890625 0.36263623046875 0.11951171875 0.3665634765625 0.114580078125 0.36787890625 0.108662109375 0.3665634765625 0.1080048828125 0.36327392578125 0.1129365234375 0.36162890625
0 0.094404296875 0.36209375 0.09353857421875 0.36787890625 0.08959326171875 0.36952392578125 0.08663427734375 0.36722119140625 0.08794970703125 0.36327392578125
0 0.094404296875 0.40278369140625 0.09288134765625 0.40866796875 0.08597705078125 0.4089970703125 0.08564794921875 0.404720703125 0.08992236328125 0.4011025390625
0 0.06944775390625 0.4537822265625 0.06822314453125 0.4599833984375 0.06098974609375 0.46393115234375 0.05803125 0.4599833984375 0.0577021484375 0.458009765625 0.0616474609375 0.45307568359375
0 0.05805419921875 0.42611279296875 0.06526416015625 0.42643115234375 0.06986669921875 0.43268115234375 0.0715107421875 0.43662841796875 0.06789404296875 0.44123388671875 0.06230517578125 0.4418916015625 0.057044921875 0.4353125 0.05638720703125 0.43070751953125 0.05638720703125 0.42741796875
0 0.02333203125 0.4923017578125 0.0251533203125 0.4997861328125 0.019564453125 0.50439111328125 0.015619140625 0.50406201171875 0.01331787109375 0.49814111328125 0.01594775390625 0.49386474609375
0 0.543623046875 0.2828837890625 0.53935693359375 0.28959033203125 0.53278173828125 0.29156396484375 0.5262060546875 0.28893212890625 0.5291650390625 0.28531396484375 0.53541162109375 0.2836689453125
0 0.53439990234375 0.37945458984375 0.53475439453125 0.3846552734375 0.53278173828125 0.38958935546875 0.5281787109375 0.3862998046875 0.5291650390625 0.3800498046875
0 0.40256396484375 0.35395556640625 0.40324462890625 0.36064208984375 0.40028564453125 0.366234375 0.39436767578125 0.3659052734375 0.39140869140625 0.359984375 0.39403857421875 0.35472119140625
0 0.0488310546875 0.42339990234375 0.0537568359375 0.42840478515625 0.051126953125 0.43465478515625 0.0461953125 0.43432568359375 0.04455126953125 0.43070751953125
0 0.22515478515625 0.41743212890625 0.23425439453125 0.42051025390625 0.2395146484375 0.42708935546875 0.23688427734375 0.43268115234375 0.23030908203125 0.43366796875 0.22537744140625 0.42906298828125 0.22340478515625 0.42215478515625
0 0.2257060546875 0.45866796875 0.2227470703125 0.468865234375 0.21748681640625 0.4701806640625 0.2138701171875 0.4662333984375 0.21518505859375 0.45866796875 0.2188017578125 0.45241796875 0.22636376953125 0.448470703125
0 0.13129638671875 0.4098369140625 0.13003271484375 0.41590478515625 0.1237861328125 0.423470703125 0.11721044921875 0.4214970703125 0.116552734375 0.41458935546875 0.1227998046875 0.40998388671875
0 0.1171904296875 0.2969892578125 0.1178681640625 0.3047216796875 0.11523779296875 0.31195849609375 0.10931982421875 0.315248046875 0.1060322265625 0.3109716796875 0.10373046875 0.3030771484375 0.10734716796875 0.29748486328125 0.11162109375 0.294853515625
0 0.05913916015625 0.3756572265625 0.06394873046875 0.3784052734375 0.06493505859375 0.38169482421875 0.06197607421875 0.3862998046875 0.05737353515625 0.38728662109375 0.0540859375 0.38531298828125 0.0537568359375 0.3820234375
0 0.284833984375 0.34907275390625 0.2858720703125 0.35669482421875 0.28324169921875 0.36097119140625 0.27765234375 0.363931640625 0.27239208984375 0.3636025390625 0.2691044921875 0.3603134765625 0.27140576171875 0.3540634765625 0.2769951171875 0.35044482421875
0 0.3125029296875 0.4733134765625 0.316119140625 0.4764306640625 0.31743408203125 0.48169384765625 0.31381787109375 0.48629931640625 0.30757080078125 0.4866279296875 0.30526953125 0.483009765625 0.30526953125 0.476759765625
0 0.3054501953125 0.3973583984375 0.3072421875 0.40537890625 0.30395458984375 0.40801025390625 0.29869384765625 0.4066943359375 0.298365234375 0.40241845703125 0.300337890625 0.4007734375
0 0.15679541015625 0.5096630859375 0.16225244140625 0.51294384765625 0.16455419921875 0.5201806640625 0.15896484375 0.52248291015625 0.154033203125 0.52281201171875 0.15140283203125 0.51458837890625
0 0.1832939453125 0.5195224609375 0.1783623046875 0.52248291015625 0.17310205078125 0.522154296875 0.17080078125 0.51919384765625 0.1724443359375 0.51491748046875 0.17606103515625 0.51458837890625 0.18000634765625 0.5162333984375
0 0.17686962890625 0.5340771484375 0.1724443359375 0.53564111328125 0.16685546875 0.53366748046875 0.16554052734375 0.52939111328125 0.167841796875 0.5257724609375 0.17112939453125 0.52478564453125 0.17507470703125 0.52675927734375
0 0.2099638671875 0.51834375 0.20630859375 0.5201806640625 0.2020341796875 0.51919384765625 0.20170556640625 0.51425927734375 0.203349609375 0.51228564453125 0.20762353515625 0.5132724609375 0.20959619140625 0.5155751953125
0 0.22841015625 0.4874189453125 0.2306376953125 0.49222021484375 0.22603466796875 0.49649658203125 0.2207744140625 0.49649658203125 0.21913037109375 0.49254931640625 0.22241845703125 0.48860205078125
0 0.43403076171875 0.4586650390625 0.43316259765625 0.46360205078125 0.4282314453125 0.46754931640625 0.420998046875 0.46524658203125 0.4203408203125 0.46129931640625 0.424943359375 0.45735205078125
0 0.09006396484375 0.4678876953125 0.0941962890625 0.4708388671875 0.09682666015625 0.47445703125 0.09452490234375 0.4803779296875 0.08860693359375 0.48004931640625 0.0863056640625 0.476759765625 0.08564794921875 0.47215478515625
0 0.43294580078125 0.36480615234375 0.426916015625 0.36524755859375 0.4232998046875 0.3636025390625 0.42395703125 0.3603134765625 0.42757373046875 0.35735302734375 0.43053271484375 0.35899755859375
0 0.57486474609375 0.39912890625 0.5696044921875 0.4027470703125 0.5646728515625 0.40011572265625 0.5646728515625 0.39583935546875 0.569275390625 0.395181640625 0.5725634765625 0.396826171875
0 0.60438671875 0.41037939453125 0.60544091796875 0.41590478515625 0.602810546875 0.4195234375 0.59656396484375 0.4214970703125 0.59360498046875 0.4175498046875 0.59557763671875 0.410970703125 0.5998515625 0.41064208984375
0 0.16547607421875 0.28668115234375 0.15863623046875 0.28926123046875 0.15140283203125 0.2879453125 0.1491015625 0.28268212890625 0.15238916015625 0.2803798828125 0.15896484375 0.2803798828125 0.16356787109375 0.2820244140625
0 0.17144384765625 0.46626025390625 0.16915673828125 0.4708388671875 0.16652685546875 0.47347021484375 0.159951171875 0.47445703125 0.15896484375 0.46952294921875 0.16225244140625 0.4665625 0.165869140625 0.46590478515625
0 0.1464873046875 0.3729443359375 0.142197265625 0.37544482421875 0.13496435546875 0.3761025390625 0.13003271484375 0.372484375 0.1316767578125 0.36952392578125 0.13759423828125 0.368537109375 0.14285498046875 0.3698525390625
0 0.09711669921875 0.60406396484375 0.10024658203125 0.61042431640625 0.096958984375 0.61470068359375 0.0916982421875 0.615029296875 0.0887392578125 0.611740234375 0.089068359375 0.60680615234375 0.09202734375 0.60384521484375
0 0.28700390625 0.593755859375 0.29093603515625 0.5995693359375 0.2902783203125 0.60483203125 0.28699072265625 0.61042431640625 0.28370263671875 0.61042431640625 0.28074365234375 0.6028583984375 0.28172998046875 0.59759521484375
0 0.26421728515625 0.56879931640625 0.26529150390625 0.57358251953125 0.2639765625 0.58016162109375 0.25838720703125 0.5808193359375 0.2567431640625 0.5768720703125 0.25937353515625 0.5722666015625
0 0.57671728515625 0.54221533203125 0.58025732421875 0.54693798828125 0.5789423828125 0.5541748046875 0.57072314453125 0.55318798828125 0.56973681640625 0.5479248046875
0 0.5908232421875 0.52268408203125 0.5888056640625 0.52687255859375 0.58354541015625 0.52851708984375 0.57960009765625 0.5275302734375 0.57828466796875 0.5229248046875 0.5828876953125 0.5212802734375
0 0.57726025390625 0.5232265625 0.5759833984375 0.5275302734375 0.5720380859375 0.52884619140625 0.5671064453125 0.5252275390625 0.5680927734375 0.52029345703125 0.5730244140625 0.519306640625
0 0.63422607421875 0.371859375 0.62760107421875 0.37424169921875 0.6233271484375 0.3716103515625 0.6252998046875 0.365689453125 0.6302314453125 0.36207080078125 0.63450537109375 0.3653603515625 0.63549169921875 0.371939453125 0.63384765625 0.371939453125
0 0.02875732421875 0.53461962890625 0.031861328125 0.53838525390625 0.0272587890625 0.54463525390625 0.0233134765625 0.54233251953125 0.02364208984375 0.53674072265625
0 0.10362744140625 0.535162109375 0.10419189453125 0.541345703125 0.1025478515625 0.54529296875 0.09728759765625 0.54660888671875 0.09597265625 0.5433193359375
0 0.08897900390625 0.5460126953125 0.093013671875 0.54726708984375 0.09334228515625 0.5518720703125 0.0897255859375 0.5541748046875 0.08479443359375 0.55285888671875 0.08413671875 0.54858251953125
0 0.265302734375 0.505865234375 0.2646337890625 0.5110830078125 0.261017578125 0.51404345703125 0.25542822265625 0.51371435546875 0.25246923828125 0.51075390625 0.25411328125 0.50779345703125 0.25838720703125 0.5064775390625
0 0.43296630859375 0.59035888671875 0.43691162109375 0.591345703125 0.44085693359375 0.59562158203125 0.43691162109375 0.59989794921875 0.4316513671875 0.60055615234375 0.42737744140625 0.599240234375 0.42836376953125 0.59430615234375
0 0.12490478515625 0.60779296875 0.12293212890625 0.6130556640625 0.11800048828125 0.61470068359375 0.1124111328125 0.6130556640625 0.11175390625 0.6097666015625 0.11569921875 0.60614794921875 0.1203017578125 0.605490234375
0 0.13075390625 0.5780224609375 0.1360830078125 0.57983251953125 0.13838427734375 0.58410888671875 0.13838427734375 0.588384765625 0.13575439453125 0.5906875 0.13082275390625 0.58772705078125 0.12852099609375 0.5824638671875
0 0.15462548828125 0.6073193359375 0.1567958984375 0.61075341796875 0.15350830078125 0.6137138671875 0.14857666015625 0.615029296875 0.14726123046875 0.61042431640625
0 0.31630078125 0.703890625 0.31235498046875 0.70184228515625 0.3107109375 0.6988818359375 0.3120263671875 0.69592138671875 0.31465625 0.69559228515625 0.3189306640625 0.698552734375 0.32024560546875 0.703158203125
0 0.4834013671875 0.664828125 0.481673828125 0.6705927734375 0.47871484375 0.67388232421875 0.47345458984375 0.6745400390625 0.4711533203125 0.6722373046875 0.471810546875 0.66565869140625 0.4750986328125 0.66335595703125 0.47871484375 0.66269775390625
0 0.52626171875 0.51997119140625 0.52540087890625 0.52481201171875 0.520140625 0.53106201171875 0.51685302734375 0.5284306640625 0.515208984375 0.52152294921875 0.51849658203125 0.5175751953125 0.52178466796875 0.517904296875
0 0.51215576171875 0.53353466796875 0.504359375 0.53172021484375 0.50107177734375 0.52744384765625 0.50074267578125 0.52316748046875 0.503373046875 0.52152294921875 0.50797607421875 0.5238251953125 0.51225 0.52777294921875
0 0.60926953125 0.50912060546875 0.6095673828125 0.51395703125 0.604306640625 0.51691748046875 0.59543017578125 0.5156015625 0.5937861328125 0.51132568359375 0.59707373046875 0.5073779296875 0.6016767578125 0.5073779296875
0 0.431318359375 0.48687646484375 0.4287412109375 0.49257568359375 0.42216552734375 0.49027294921875 0.42150830078125 0.48665478515625 0.4238095703125 0.4830361328125 0.42808349609375 0.4830361328125
0 0.3200986328125 0.7755048828125 0.321560546875 0.78081787109375 0.31662890625 0.7860810546875 0.31038232421875 0.78641015625 0.30545068359375 0.78312060546875 0.30742333984375 0.77884423828125 0.31268359375 0.776212890625
0 0.34776806640625 0.79449365234375 0.351150390625 0.7969365234375 0.351150390625 0.80351513671875 0.34556103515625 0.80581787109375 0.341287109375 0.80187060546875 0.34095849609375 0.7985810546875
0 0.12098828125 0.83735400390625 0.12758349609375 0.8380546875 0.13152880859375 0.84134375 0.13152880859375 0.848251953125 0.1262685546875 0.8495673828125 0.12002197265625 0.8439755859375
0 0.2343779296875 0.8113125 0.22753125 0.817001953125 0.22161328125 0.8196337890625 0.21898291015625 0.815357421875 0.22391455078125 0.80614697265625 0.2281884765625 0.804501953125 0.23180517578125 0.80548876953125
0 0.03364013671875 0.7076884765625 0.03454052734375 0.715029296875 0.02960888671875 0.7186474609375 0.0259921875 0.716673828125 0.02566357421875 0.71108154296875 0.028951171875 0.7068056640625
0 0.0195341796875 0.64475439453125 0.01284130859375 0.6466083984375 0.0085673828125 0.642990234375 0.009224609375 0.636740234375 0.0154716796875 0.6364111328125 0.019087890625 0.638384765625
0 0.09657421875 0.71636865234375 0.08944580078125 0.71601611328125 0.08648681640625 0.71173974609375 0.0891171875 0.7064765625 0.09437744140625 0.70483203125 0.099966796875 0.70548974609375 0.10292578125 0.70746337890625 0.10424072265625 0.7127265625
0 0.2810361328125 0.7331875 0.27520361328125 0.734765625 0.26632666015625 0.73246337890625 0.26402490234375 0.7288447265625 0.26698388671875 0.72555517578125 0.27191552734375 0.724568359375 0.2775048828125 0.72423974609375 0.28408056640625 0.7272001953125
0 0.221357421875 0.65180712890625 0.21996923828125 0.65812158203125 0.21536669921875 0.661740234375 0.21043505859375 0.661740234375 0.208791015625 0.65581884765625 0.21109228515625 0.65154296875 0.2156953125 0.6495693359375
0 0.0634794921875 0.645296875 0.064458984375 0.650884765625 0.06182861328125 0.65581884765625 0.05591064453125 0.65812158203125 0.05295166015625 0.65417431640625 0.053609375 0.6495693359375 0.05689697265625 0.6466083984375
0 0.03472509765625 0.6170849609375 0.03980078125 0.6183193359375 0.04637646484375 0.6206220703125 0.04539013671875 0.6285166015625 0.036841796875 0.62785888671875 0.0322392578125 0.6222666015625
0 0.01573681640625 0.7565166015625 0.01777294921875 0.76042333984375 0.017115234375 0.76469970703125 0.01185498046875 0.7679892578125 0.00823193359375 0.76305517578125 0.00987548828125 0.75877880859375
0 0.3298642578125 0.73372998046875 0.3225634765625 0.731275390625 0.321248046875 0.727328125 0.32289208984375 0.725025390625 0.32815234375 0.725025390625 0.33078271484375 0.72798583984375
0 0.08138330078125 0.9122236328125 0.075982421875 0.91293994140625 0.07170849609375 0.9093212890625 0.072037109375 0.9037294921875 0.0766396484375 0.90274267578125 0.079927734375 0.905703125
0 0.1784970703125 0.99360400390625 0.174943359375 0.99024169921875 0.1762587890625 0.98596533203125 0.179875 0.98399169921875 0.184806640625 0.98662353515625 0.18316259765625 0.9915576171875
0 0.24360107421875 0.98166845703125 0.2505615234375 0.98432080078125 0.2505615234375 0.98662353515625 0.24924658203125 0.99221533203125 0.24332861328125 0.99254443359375 0.2387255859375 0.98826806640625 0.23938330078125 0.98432080078125
0 0.0466611328125 0.98872119140625 0.03915966796875 0.989583984375 0.03817333984375 0.99254443359375 0.04113232421875 0.99649169921875 0.04737890625 0.99418896484375 0.04902294921875 0.99188671875
0 0.294599609375 0.872076171875 0.29363134765625 0.87804248046875 0.29034326171875 0.881990234375 0.28639794921875 0.881990234375 0.28376806640625 0.8777138671875 0.28541162109375 0.87442431640625 0.28837060546875 0.87212158203125
0 0.52463427734375 0.8395244140625 0.524759765625 0.84613525390625 0.52048583984375 0.85139794921875 0.51423876953125 0.84810888671875 0.5158828125 0.84317431640625 0.5194990234375 0.83988525390625
0 0.44542431640625 0.8161953125 0.4521005859375 0.82179296875 0.4530869140625 0.83166162109375 0.4511142578125 0.8408720703125 0.4471689453125 0.8408720703125 0.44289501953125 0.831990234375 0.4432236328125 0.82508251953125
0 0.526732421875 0.93626611328125 0.52015673828125 0.9349501953125 0.51785546875 0.93198974609375 0.520814453125 0.9263974609375 0.5244306640625 0.9267265625 0.528705078125 0.9310029296875
0 0.51975146484375 0.9393505859375 0.514896484375 0.94218701171875 0.51029345703125 0.9405419921875 0.50963623046875 0.93758154296875 0.51226611328125 0.9349501953125 0.516869140625 0.93462109375
0 0.28646142578125 0.8454921875 0.28574072265625 0.852384765625 0.28146630859375 0.85797705078125 0.27456201171875 0.85929296875 0.27061669921875 0.8573193359375 0.27094580078125 0.85172705078125 0.2722607421875 0.84613525390625 0.27554833984375 0.84317431640625 0.27883642578125 0.84317431640625
0 0.15571044921875 0.813482421875 0.14995654296875 0.8138984375 0.14601123046875 0.81060888671875 0.14699755859375 0.80633251953125 0.1506142578125 0.805345703125 0.1555458984375 0.80633251953125 0.1575185546875 0.80896435546875
0 0.24143115234375 0.90571337890625 0.2377392578125 0.90073974609375 0.2390546875 0.8958056640625 0.24234228515625 0.8954765625 0.24431494140625 0.90073974609375
0 0.35373583984375 0.647466796875 0.34919384765625 0.6464365234375 0.34722119140625 0.64150244140625 0.348865234375 0.63755517578125 0.35445458984375 0.63689697265625 0.356755859375 0.63952880859375 0.35741357421875 0.64216015625
0 0.56369677734375 0.70443310546875 0.55632177734375 0.70169921875 0.55369189453125 0.696107421875 0.554349609375 0.6934755859375 0.55960986328125 0.69248876953125 0.56454150390625 0.69512060546875 0.56750048828125 0.70038330078125 0.56552783203125 0.70334423828125
0 0.20128369140625 0.69466748046875 0.20124560546875 0.702357421875 0.19762890625 0.705646484375 0.190724609375 0.70794921875 0.188751953125 0.70268603515625 0.190724609375 0.69709423828125 0.196642578125 0.6941337890625
0 0.07921337890625 0.97515771484375 0.06842041015625 0.9740947265625 0.06644775390625 0.969818359375 0.07137939453125 0.96619970703125 0.075982421875 0.96587109375 0.08124267578125 0.969818359375
0 0.11122265625 0.935552734375 0.10853076171875 0.94021337890625 0.1045859375 0.94021337890625 0.101626953125 0.93560791015625 0.10590087890625 0.93560791015625
0 0.7617216796875 0.98166845703125 0.76162841796875 0.987734375 0.7553818359375 0.99168212890625 0.7514365234375 0.98937939453125 0.75209423828125 0.9844453125 0.75571044921875 0.9824716796875 0.7603134765625 0.98148486328125
0 0.72808447265625 0.93121240234375 0.72809375 0.93970849609375 0.72546337890625 0.9472744140625 0.71954541015625 0.94859033203125 0.71658642578125 0.94562939453125 0.71658642578125 0.93905078125 0.720203125 0.93378759765625
0 0.74544580078125 0.9344677734375 0.74025830078125 0.9406953125 0.73236767578125 0.93970849609375 0.72940869140625 0.9344453125 0.7320390625 0.93115625 0.73795703125 0.92951123046875 0.7425595703125 0.930498046875
0 0.67925634765625 0.9295849609375 0.67548974609375 0.93211376953125 0.6712158203125 0.93211376953125 0.66858544921875 0.9271796875 0.6702294921875 0.92060107421875 0.67483203125 0.9235615234375
0 0.54796337890625 0.85308740234375 0.54628125 0.8600458984375 0.54003466796875 0.86530908203125 0.53411669921875 0.86794091796875 0.53017138671875 0.8662958984375 0.527541015625 0.86103271484375 0.5308291015625 0.85313818359375 0.53576025390625 0.8482041015625 0.541349609375 0.847875
0 0.5886533203125 0.818365234375 0.5903369140625 0.8232041015625 0.5893505859375 0.829783203125 0.5863916015625 0.83077001953125 0.58409033203125 0.82748046875 0.58507666015625 0.8215595703125
0 0.58539794921875 0.83138623046875 0.5854052734375 0.83899365234375 0.5817890625 0.8445859375 0.578830078125 0.84129638671875 0.57784375 0.83537548828125 0.58113134765625 0.8301123046875
0 0.66298046875 0.6952099609375 0.66464013671875 0.70047900390625 0.66168115234375 0.70409716796875 0.657078125 0.705083984375 0.6554345703125 0.7014658203125 0.65773583984375 0.6975185546875
0 0.744861328125 0.71982861328125 0.73729931640625 0.72246044921875 0.73039501953125 0.71785498046875 0.7287509765625 0.71028955078125 0.7326962890625 0.707 0.7415732421875 0.709302734375 0.744861328125 0.71423681640625
0 0.82899609375 0.5753095703125 0.82935595703125 0.58068505859375 0.82672607421875 0.58529052734375 0.82080810546875 0.5836455078125 0.82080810546875 0.57838232421875 0.82475341796875 0.57443505859375
0 0.84906982421875 0.598638671875 0.84743896484375 0.606013671875 0.841849609375 0.60535595703125 0.83921923828125 0.59976416015625 0.843822265625 0.59713232421875
0 0.62446044921875 0.686529296875 0.6258447265625 0.69249755859375 0.6238720703125 0.69874755859375 0.6209130859375 0.69611572265625 0.62124169921875 0.69052392578125
0 0.76557373046875 0.60039306640625 0.7691904296875 0.6026953125 0.77050537109375 0.6089453125 0.76787548828125 0.61420849609375 0.7622861328125 0.615853515625 0.75899853515625 0.61223486328125 0.75965625 0.60565625
0 0.6982451171875 0.657232421875 0.70014794921875 0.66286328125 0.699490234375 0.66911328125 0.695544921875 0.67371875 0.69127099609375 0.6710869140625 0.69061328125 0.6648369140625 0.69422998046875 0.6608896484375
0 0.51486865234375 0.47222802734375 0.51044482421875 0.47632275390625 0.505841796875 0.47829638671875 0.49860888671875 0.47698046875 0.49696484375 0.47402001953125 0.4989375 0.471388671875 0.5032119140625 0.469744140625 0.5101162109375 0.469744140625
0 0.62934326171875 0.4988125 0.6268310546875 0.50329638671875 0.62222802734375 0.50559912109375 0.61729638671875 0.5062568359375 0.61565283203125 0.50263818359375 0.61663916015625 0.49737548828125 0.62255712890625 0.49671728515625
0 0.67274609375 0.43587841796875 0.67844873046875 0.43879443359375 0.6791064453125 0.4457021484375 0.6741748046875 0.449978515625 0.6692431640625 0.44866259765625 0.6672705078125 0.44274169921875 0.6689140625 0.43846533203125
0 0.90223828125 0.40658154296875 0.9066181640625 0.40918896484375 0.9076044921875 0.41609716796875 0.90431689453125 0.4190576171875 0.901029296875 0.41609716796875 0.90004296875 0.4121494140625
0 0.89084521484375 0.4000712890625 0.89445361328125 0.4026103515625 0.8957685546875 0.40557080078125 0.895111328125 0.41149169921875 0.8898505859375 0.4144521484375 0.8859052734375 0.41182080078125 0.8859052734375 0.4049130859375 0.8878779296875 0.40293896484375
0 0.62120556640625 0.39681591796875 0.62354345703125 0.40359716796875 0.62157080078125 0.40951806640625 0.61631005859375 0.4105048828125 0.61433740234375 0.40524169921875 0.61631005859375 0.40063671875
0 0.76389208984375 0.4391337890625 0.76853271484375 0.44142578125 0.7701767578125 0.44603076171875 0.7672177734375 0.4493203125 0.76294384765625 0.4493203125 0.76195751953125 0.44635986328125 0.76393017578125 0.43780712890625
0 0.54579296875 0.33550927734375 0.55154150390625 0.34041064453125 0.5502265625 0.345673828125 0.54660986328125 0.350279296875 0.54266455078125 0.3476474609375 0.54266455078125 0.3413974609375 0.54365087890625 0.33876611328125
0 0.78071044921875 0.37457177734375 0.7780673828125 0.37988427734375 0.7741220703125 0.38152880859375 0.76853271484375 0.37988427734375 0.77149169921875 0.37297607421875 0.77543701171875 0.370673828125
0 0.8181455078125 0.393560546875 0.8116025390625 0.39402880859375 0.80930078125 0.391068359375 0.80897216796875 0.38613427734375 0.814232421875 0.38350244140625 0.81784912109375 0.3867919921875
0 0.6982451171875 0.3268291015625 0.69718896484375 0.33150048828125 0.69225732421875 0.33544775390625 0.6850244140625 0.3318291015625 0.68338037109375 0.325908203125 0.68535302734375 0.32360546875 0.69291455078125 0.32459228515625
0 0.6521298828125 0.3924755859375 0.64984521484375 0.39893408203125 0.64327001953125 0.39926318359375 0.64228369140625 0.39432861328125 0.64425634765625 0.39103955078125
0 0.57726025390625 0.18685498046875 0.5854052734375 0.1896669921875 0.58704931640625 0.19525927734375 0.582775390625 0.1982197265625 0.578830078125 0.19493017578125 0.57718603515625 0.19065380859375
0 0.69227734375 0.2731181640625 0.69455859375 0.278482421875 0.693572265625 0.28539013671875 0.6869970703125 0.28933740234375 0.6840380859375 0.2827587890625 0.68633935546875 0.27683740234375
0 0.89248095703125 0.1863486328125 0.886234375 0.188322265625 0.8819599609375 0.18602001953125 0.88360400390625 0.18174365234375 0.88754931640625 0.178125
0 0.641279296875 0.19282275390625 0.63439306640625 0.1899384765625 0.63209130859375 0.183359375 0.63537939453125 0.1790830078125 0.64327001953125 0.18072802734375 0.646228515625 0.1836884765625 0.6455712890625 0.19026708984375
0 0.88758984375 0.13911181640625 0.8878779296875 0.14388623046875 0.883275390625 0.14914892578125 0.87637109375 0.14980712890625 0.87078173828125 0.144873046875 0.8730830078125 0.14125439453125 0.879330078125 0.13960986328125
0 0.60438671875 0.0772626953125 0.6011865234375 0.08401806640625 0.5952685546875 0.08401806640625 0.59395361328125 0.07941259765625 0.59789892578125 0.07612353515625
0 0.72374462890625 0.039828125 0.71757275390625 0.03632080078125 0.71823046875 0.02908447265625 0.721189453125 0.0254658203125 0.72842236328125 0.0254658203125 0.7287509765625 0.03500537109375
0 0.616865234375 0.1071025390625 0.61236474609375 0.11493896484375 0.6061181640625 0.1139521484375 0.6051318359375 0.107373046875 0.61039208984375 0.1030966796875
0 0.74815869140625 0.12066552734375 0.74913525390625 0.1264521484375 0.74584765625 0.132373046875 0.7405869140625 0.1297412109375 0.73927197265625 0.1257939453125 0.7425595703125 0.12053076171875
0 0.91905712890625 0.2535869140625 0.91596142578125 0.25914306640625 0.90938623046875 0.2624326171875 0.902810546875 0.260458984375 0.90445458984375 0.25519580078125 0.90905712890625 0.25124853515625 0.9156328125 0.25059033203125
0 0.9353330078125 0.2872236328125 0.93963330078125 0.28973486328125 0.93996240234375 0.29631396484375 0.93568798828125 0.2989453125 0.93174267578125 0.29762939453125 0.93174267578125 0.2926953125
0 0.78505078125 0.078890625 0.78313671875 0.08543115234375 0.77689013671875 0.0867470703125 0.774259765625 0.08181298828125 0.77557470703125 0.0781943359375 0.77984912109375 0.0781943359375
0 0.9695126953125 0.4244853515625 0.97316845703125 0.42863623046875 0.971853515625 0.43751806640625 0.9675791015625 0.4398203125 0.96100390625 0.43817578125 0.96133251953125 0.43357080078125 0.96429150390625 0.42863623046875
0 0.81864453125 0.3075849609375 0.81995947265625 0.31218994140625 0.81864453125 0.31909765625 0.8127265625 0.32238720703125 0.80910986328125 0.31843994140625 0.8114111328125 0.31284765625
0 0.77745556640625 0.3035 0.77952001953125 0.30659765625 0.778205078125 0.31416357421875 0.7732734375 0.3177822265625 0.768341796875 0.317453125 0.76801318359375 0.31284765625 0.77162939453125 0.30857177734375
0 0.817060546875 0.505865234375 0.81469921875 0.50997265625 0.809767578125 0.50865673828125 0.807794921875 0.50438037109375 0.81206884765625 0.50470947265625
0 0.11970458984375 0.1523701171875 0.12421923828125 0.15454150390625 0.12759326171875 0.16072998046875 0.12759326171875 0.1669189453125 0.1233759765625 0.16860693359375 0.11831494140625 0.1660751953125 0.11494091796875 0.16157421875 0.11494091796875 0.1565107421875
0 0.17166845703125 0.2539775390625 0.167798828125 0.258955078125 0.16133251953125 0.2626123046875 0.156833984375 0.26036181640625 0.155427734375 0.2541728515625 0.15739599609375 0.249671875 0.16077001953125 0.247703125 0.1652685546875 0.247703125 0.168923828125 0.247703125 0.1720166015625 0.25023486328125
0 0.68168701171875 0.677341796875 0.68541845703125 0.6787939453125 0.68591552734375 0.683021484375 0.68541845703125 0.6884921875 0.68168994140625 0.69222265625 0.67597314453125 0.69321728515625 0.67249365234375 0.69346630859375 0.66876513671875 0.69097900390625 0.66826806640625 0.683767578125 0.66876513671875 0.68053466796875 0.67249365234375 0.67755029296875 0.67671923828125 0.6773017578125
0 0.5494560546875 0.69267626953125 0.539921875 0.69613232421875 0.52806298828125 0.69743017578125 0.524357421875 0.693537109375 0.5234306640625 0.6877900390625 0.52454248046875 0.68389697265625 0.5289892578125 0.6807451171875 0.53658642578125 0.6788916015625 0.54140380859375 0.6785205078125 0.54566552734375 0.6796328125 0.549556640625 0.684453125 0.55066845703125 0.68853173828125
0 0.71945947265625 0.75627490234375 0.71909814453125 0.76271875 0.71557763671875 0.7682802734375 0.71205712890625 0.76994873046875 0.7085361328125 0.769578125 0.705201171875 0.76587060546875 0.702421875 0.75864013671875 0.70427490234375 0.75326416015625 0.7074248046875 0.74937109375 0.7115009765625 0.74751708984375 0.7157626953125 0.74862939453125 0.71891259765625 0.75215185546875
0 0.60989794921875 0.728431640625 0.60979736328125 0.73271044921875 0.60541748046875 0.733384765625 0.6025537109375 0.732373046875 0.60171142578125 0.72900244140625 0.60154296875 0.72596875 0.603564453125 0.7229345703125 0.60743896484375 0.72276611328125 0.610302734375 0.72495751953125
0 0.631212890625 0.70089111328125 0.63507763671875 0.70068408203125 0.6369423828125 0.7019755859375 0.63737255859375 0.70513232421875 0.63507763671875 0.70886328125 0.63192236328125 0.71044189453125 0.629197265625 0.7092939453125 0.6280498046875 0.7065673828125 0.628193359375 0.70312353515625 0.629197265625 0.700970703125
0 0.77637744140625 0.7190966796875 0.776716796875 0.7248330078125 0.77446875 0.73053125 0.77192041015625 0.73682958984375 0.769822265625 0.7396787109375 0.76652490234375 0.74012890625 0.7639765625 0.7390791015625 0.7620283203125 0.7363798828125 0.76127880859375 0.73143115234375 0.76187841796875 0.72798193359375 0.76352734375 0.72453271484375 0.76742431640625 0.72153369140625 0.771021484375 0.718984375 0.77431884765625 0.7179345703125
0 0.76351611328125 0.73987255859375 0.76217822265625 0.74642724609375 0.75723193359375 0.750326171875 0.75243603515625 0.7482265625 0.7498876953125 0.74222802734375 0.7510869140625 0.7369794921875 0.75378466796875 0.73383056640625 0.75663232421875 0.7329306640625 0.75948046875 0.7329306640625 0.76157861328125 0.73338037109375 0.76352734375 0.73652978515625
0 0.84594873046875 0.74727001953125 0.8470712890625 0.75343408203125 0.84526220703125 0.75837060546875 0.84279541015625 0.761826171875 0.83967041015625 0.76231982421875 0.83605224609375 0.760509765625 0.83325634765625 0.75853515625 0.83210498046875 0.75475048828125 0.83259814453125 0.75145947265625 0.8344072265625 0.7483330078125 0.84082177734375 0.74537109375
0 0.78352734375 0.7763095703125 0.77832421875 0.773673828125 0.7747060546875 0.76890185546875 0.774376953125 0.76363623046875 0.7755283203125 0.7595224609375 0.77766650390625 0.7555732421875 0.78210693359375 0.7535986328125 0.787041015625 0.753927734375 0.7904951171875 0.75738330078125 0.7914814453125 0.76643359375 0.7890146484375 0.77416748046875
0 0.76055810546875 0.954583984375 0.76426318359375 0.9553896484375 0.7695791015625 0.95716259765625 0.77457275390625 0.960224609375 0.77731103515625 0.9640927734375 0.7757001953125 0.9723125 0.7695791015625 0.97553564453125 0.762330078125 0.97198974609375 0.75508154296875 0.96425390625 0.75540380859375 0.9592578125 0.75733642578125 0.9560341796875
0 0.40235302734375 0.85376953125 0.39749853515625 0.85155615234375 0.3938974609375 0.847267578125 0.39183984375 0.84057666015625 0.39252587890625 0.83234228515625 0.39509765625 0.82959716796875 0.40024169921875 0.82822509765625 0.4038427734375 0.8289111328125 0.4062431640625 0.834572265625 0.40607177734375 0.842978515625 0.40607177734375 0.848296875 0.40521435546875 0.85310009765625
0 0.60949951171875 0.80691064453125 0.60649462890625 0.80583935546875 0.60444287109375 0.802759765625 0.604556640625 0.799908203125 0.60603857421875 0.7966005859375 0.60786279296875 0.795345703125 0.610142578125 0.7948896484375 0.61287841796875 0.79523193359375 0.61390478515625 0.7986533203125 0.61424658203125 0.8032158203125 0.6140185546875 0.80675146484375 0.61162451171875 0.8077783203125
0 0.67722998046875 0.8213505859375 0.6762978515625 0.82462548828125 0.673412109375 0.82689404296875 0.67062939453125 0.82740966796875 0.66815576171875 0.82586328125 0.66753759765625 0.8240068359375 0.66846484375 0.82122265625 0.6705263671875 0.8184384765625 0.6736181640625 0.817201171875 0.676091796875 0.8169951171875 0.6776376953125 0.8180263671875
0 0.67263818359375 0.8381875 0.67001123046875 0.8407119140625 0.66619775390625 0.84009326171875 0.6634150390625 0.83854638671875 0.66310595703125 0.835865234375 0.66465185546875 0.834421875 0.6682587890625 0.83421533203125 0.670732421875 0.83473095703125 0.6722783203125 0.836484375
0 0.82699169921875 0.69961669921875 0.822478515625 0.71522314453125 0.8178583984375 0.72323583984375 0.80738525390625 0.72755029296875 0.79906884765625 0.72323583984375 0.80030078125 0.71244921875 0.80954150390625 0.70258740234375 0.8157021484375 0.6970400390625 0.822478515625 0.6942666015625 0.826791015625 0.6958076171875
0 0.887986328125 0.6411630859375 0.88285107421875 0.6431083984375 0.875150390625 0.64125927734375 0.87114599609375 0.63540380859375 0.8742265625 0.63016455078125 0.8810029296875 0.62954833984375 0.8871630859375 0.63232177734375 0.8893193359375 0.63694482421875
0 0.8701962890625 0.65793701171875 0.862521484375 0.65666845703125 0.85728515625 0.65204541015625 0.85913330078125 0.64495751953125 0.86498583984375 0.64218359375 0.87237841796875 0.64341650390625 0.8742265625 0.6505048828125
0 0.8391904296875 0.62133984375 0.83757177734375 0.6286240234375 0.83233544921875 0.63478759765625 0.82648291015625 0.63478759765625 0.8209384765625 0.6298564453125 0.82494287109375 0.61783740234375 0.8304873046875 0.61568017578125 0.83633935546875 0.61722119140625
0 0.858505859375 0.67928515625 0.85112451171875 0.67639208984375 0.849892578125 0.6680712890625 0.85081640625 0.66098291015625 0.85543701171875 0.65666845703125 0.86159765625 0.65574365234375 0.86714208984375 0.658517578125 0.8677578125 0.66622216796875 0.8652939453125 0.6739267578125
0 0.8620634765625 0.84905419921875 0.8588251953125 0.85491064453125 0.85266455078125 0.8524453125 0.85235693359375 0.8475146484375 0.8566689453125 0.8459736328125
0 0.37410498046875 0.72248974609375 0.3664169921875 0.72312060546875 0.36025634765625 0.71880615234375 0.3642607421875 0.7120263671875 0.368880859375 0.7104853515625 0.37442529296875 0.71017724609375 0.3790458984375 0.7120263671875 0.37750537109375 0.7178818359375
0 0.43255810546875 0.53747216796875 0.43175 0.5465869140625 0.428669921875 0.55059326171875 0.4240498046875 0.54936083984375 0.41942919921875 0.54627880859375 0.41942919921875 0.54103955078125 0.4240498046875 0.53734130859375 0.42774609375 0.53672509765625
0 0.51032666015625 0.75857861328125 0.51068505859375 0.76621337890625 0.50852880859375 0.7745341796875 0.50452490234375 0.78008154296875 0.49589990234375 0.78223876953125 0.49220361328125 0.78162255859375 0.4863515625 0.77915673828125 0.48542724609375 0.77422607421875 0.48819970703125 0.76528857421875 0.4940517578125 0.75881689453125 0.504216796875 0.75604345703125
0 0.54886767578125 0.07739697265625 0.5423994140625 0.07523974609375 0.5402431640625 0.07000048828125 0.53993505859375 0.06291259765625 0.5423994140625 0.05983056640625 0.5454794921875 0.05890625 0.5507158203125 0.06198779296875 0.55133203125 0.0696923828125 0.55164013671875 0.074931640625
0 0.49558642578125 0.14812158203125 0.48787939453125 0.1458134765625 0.4888037109375 0.13595166015625 0.4928076171875 0.13286962890625 0.49742822265625 0.13502685546875 0.4992763671875 0.14057421875 0.497736328125 0.14673779296875
0 0.76701318359375 0.23859716796875 0.76828271484375 0.24684765625 0.76674267578125 0.25239501953125 0.76243017578125 0.2554765625 0.756578125 0.25855859375 0.751341796875 0.25578466796875 0.749185546875 0.243765625 0.752265625 0.236677734375 0.7581181640625 0.2345205078125
0 0.86053857421875 0.336697265625 0.8519482421875 0.33415380859375 0.847328125 0.32922265625 0.84979248046875 0.321826171875 0.85595263671875 0.32090185546875 0.860880859375 0.3242919921875 0.863037109375 0.32798974609375 0.863037109375 0.33261279296875
0 0.87070458984375 0.48257666015625 0.8757412109375 0.48564306640625 0.87728125 0.49149853515625 0.878513671875 0.49612109375 0.87389306640625 0.50382568359375 0.86680859375 0.50814013671875 0.86188037109375 0.509373046875 0.85664404296875 0.50505859375 0.85972412109375 0.494580078125 0.8621884765625 0.48903271484375
0 0.7998681640625 0.1294541015625 0.79074169921875 0.138783203125 0.77719775390625 0.14104248046875 0.76854443359375 0.13539501953125 0.77268310546875 0.1256064453125 0.78246484375 0.12221826171875 0.7922470703125 0.12447705078125
0 0.92744091796875 0.71651318359375 0.9209169921875 0.7130517578125 0.919412109375 0.7085341796875 0.92279833984375 0.7055224609375 0.92731298828125 0.7070283203125 0.93069873046875 0.709287109375 0.93182763671875 0.714181640625
0 0.8742646484375 0.73262939453125 0.86786865234375 0.7318759765625 0.86034423828125 0.72773486328125 0.859591796875 0.7209580078125 0.86184912109375 0.7156875 0.86786865234375 0.71041650390625 0.872759765625 0.71041650390625 0.87765087890625 0.71455810546875 0.8802841796875 0.7217109375 0.87765087890625 0.7296171875
0 0.6739892578125 0.73627001953125 0.6654580078125 0.7340859375 0.6632001953125 0.7269326171875 0.6654580078125 0.72203857421875 0.6703486328125 0.7175205078125 0.67523974609375 0.718650390625 0.679001953125 0.72505029296875 0.67937841796875 0.7340859375
0 0.449326171875 0.96996484375 0.43980126953125 0.96879931640625 0.43378125 0.96315185546875 0.4364150390625 0.9582578125 0.44205859375 0.9590107421875 0.44770166015625 0.962775390625 0.4507119140625 0.96578759765625
0 0.44085888671875 0.93891845703125 0.4435634765625 0.94432763671875 0.443939453125 0.94922216796875 0.44205859375 0.95336328125 0.4375439453125 0.95298681640625 0.43378125 0.94733984375 0.431900390625 0.94206884765625 0.43378125 0.93943359375
0 0.20829296875 0.5381376953125 0.20428173828125 0.540458984375 0.198638671875 0.54083544921875 0.19374755859375 0.5382001953125 0.19224267578125 0.5351884765625 0.1945 0.5317998046875 0.1990146484375 0.52991748046875 0.204658203125 0.531046875 0.208796875 0.53368212890625
0 0.11910546875 0.57257080078125 0.11774951171875 0.5837548828125 0.1139873046875 0.59354296875 0.10646240234375 0.59956689453125 0.1008193359375 0.59655517578125 0.09780908203125 0.58714306640625 0.10044287109375 0.5788603515625 0.1068388671875 0.575095703125 0.1117294921875 0.57283642578125
0 0.3472841796875 0.58486279296875 0.34734912109375 0.591412109375 0.34171728515625 0.59930224609375 0.33524072265625 0.60352880859375 0.33017236328125 0.60155615234375 0.32679296875 0.5970478515625 0.32848291015625 0.59113037109375 0.33298828125 0.58493115234375 0.3389013671875 0.582958984375 0.34143603515625 0.58239501953125
0 0.20237109375 0.4226279296875 0.198669921875 0.43169775390625 0.1936015625 0.433388671875 0.18740625 0.43169775390625 0.18627978515625 0.42634375 0.1899404296875 0.42239892578125 0.19416455078125 0.41873583984375 0.19838818359375 0.41817236328125
0 0.04773779296875 0.93646484375 0.04942724609375 0.94210009765625 0.046330078125 0.94660888671875 0.04154296875 0.94717236328125 0.0381640625 0.943791015625 0.03872705078125 0.93843701171875 0.042951171875 0.9344921875
0 0.16994775390625 0.99141162109375 0.169666015625 0.99648388671875 0.16403466796875 0.99951171875 0.1572763671875 0.99761083984375 0.15446044921875 0.99479296875 0.1547421875 0.99084814453125 0.1575576171875 0.9869033203125 0.16431591796875 0.98859423828125 0.169384765625 0.99141162109375
0 0.47825537109375 0.82230029296875 0.47209326171875 0.825498046875 0.4633642578125 0.82296240234375 0.46139306640625 0.8187353515625 0.464490234375 0.81535400390625 0.470966796875 0.815072265625 0.4765986328125 0.81479052734375 0.48025927734375 0.81845361328125
0 0.079427734375 0.51135009765625 0.0753232421875 0.5145146484375 0.06969189453125 0.5145146484375 0.06490478515625 0.5122607421875 0.06603076171875 0.506625 0.07166259765625 0.50577978515625 0.07644970703125 0.5060615234375 0.07954736328125 0.507751953125
0 0.08872216796875 0.982845703125 0.0863056640625 0.985486328125 0.0817998046875 0.98717724609375 0.07785791015625 0.985486328125 0.07701318359375 0.98266845703125 0.08039208984375 0.9775966796875 0.084052734375 0.97731494140625 0.087150390625 0.97787841796875
0 0.62528076171875 0.97439599609375 0.62608349609375 0.9809970703125 0.6255205078125 0.98494189453125 0.62214111328125 0.987759765625 0.61791748046875 0.987759765625 0.61707275390625 0.98296923828125 0.6173544921875 0.977333984375 0.6207333984375 0.974234375
0 0.7262548828125 0.89370068359375 0.72210546875 0.89730810546875 0.71816357421875 0.89928076171875 0.71168701171875 0.89928076171875 0.707462890625 0.89843505859375 0.7049287109375 0.89420849609375 0.70436572265625 0.88941845703125 0.70858935546875 0.8871640625 0.7164736328125 0.8866005859375 0.72210546875 0.88631884765625 0.72576611328125 0.88998193359375
0 0.73385986328125 0.51261767578125 0.73055322265625 0.5156240234375 0.72464013671875 0.5144970703125 0.72182421875 0.51111572265625 0.72182421875 0.50745263671875 0.7243583984375 0.5051982421875 0.7274560546875 0.5051982421875 0.7316796875 0.5071708984375 0.73477734375 0.50942529296875
0 0.9742548828125 0.49994287109375 0.96821484375 0.50125341796875 0.9625830078125 0.500408203125 0.958359375 0.49759033203125 0.958359375 0.4947724609375 0.9639912109375 0.4936455078125 0.96821484375 0.4936455078125 0.97412841796875 0.49646337890625
0 0.88553271484375 0.43783740234375 0.88852490234375 0.44465234375 0.89021435546875 0.45366943359375 0.888806640625 0.458177734375 0.8845830078125 0.460150390625 0.8797958984375 0.45845947265625 0.87557177734375 0.4514150390625 0.8744453125 0.4440888671875 0.87726171875 0.43873486328125 0.88120361328125 0.43817138671875
0 0.8931376953125 0.2743349609375 0.89640966796875 0.27791162109375 0.89669091796875 0.28467431640625 0.89246728515625 0.28861962890625 0.88683544921875 0.282138671875 0.88683544921875 0.27678466796875 0.888806640625 0.273966796875
0 0.62528076171875 0.33475048828125 0.619888671875 0.3356767578125 0.6156650390625 0.3337041015625 0.61481982421875 0.3294775390625 0.61819921875 0.3275048828125 0.622986328125 0.327787109375 0.62777294921875 0.3306044921875
0 0.9124599609375 0.3227333984375 0.91583935546875 0.324423828125 0.9169658203125 0.32724169921875 0.91612060546875 0.33400439453125 0.9121787109375 0.3385126953125 0.90879931640625 0.3373857421875 0.90682861328125 0.330623046875 0.90851806640625 0.32611474609375
0 0.51013916015625 0.2817099609375 0.5005654296875 0.283119140625 0.4923994140625 0.2822734375 0.48845703125 0.27720166015625 0.48817529296875 0.27297509765625 0.490146484375 0.2701572265625 0.4957783203125 0.26959375 0.50366259765625 0.27100244140625 0.50929443359375 0.272693359375 0.511265625 0.27607470703125
0 0.25856201171875 0.55993603515625 0.25819384765625 0.565501953125 0.2553779296875 0.5686015625 0.25143603515625 0.5686015625 0.24749365234375 0.56522021484375 0.24749365234375 0.561275390625 0.24974609375 0.559302734375 0.25340673828125 0.55817578125
0 0.47412109375 0.84879541015625 0.46977197265625 0.86418359375 0.4642392578125 0.8729765625 0.45577783203125 0.8710224609375 0.4535 0.86222998046875 0.4564287109375 0.84724951171875 0.4616357421875 0.84138720703125 0.46912109375 0.8423642578125 0.47270068359375 0.8449697265625
0 0.20263671875 0.90494775390625 0.204537109375 0.90945068359375 0.20388623046875 0.91791796875 0.19640087890625 0.9234541015625 0.187939453125 0.9234541015625 0.18208154296875 0.92084912109375 0.17980322265625 0.91466162109375 0.1814306640625 0.90717138671875 0.19054296875 0.9029375 0.19770263671875 0.90261181640625