0 0.97659619140625 0.8907490234375 0.9711015625 0.88662841796875 0.9711015625 0.87907373046875 0.97453564453125 0.87357958984375 0.980716796875 0.87151904296875 0.9814033203125 0.8797607421875 0.9814033203125 0.8852548828125
0 0.9738486328125 0.917533203125 0.97865625 0.91066552734375 0.98209033203125 0.9092919921875 0.9834638671875 0.91341259765625 0.980716796875 0.917533203125
0 0.27196337890625 0.96080029296875 0.265095703125 0.9566796875 0.265095703125 0.95118505859375 0.26921630859375 0.94843798828125 0.27471044921875 0.95118505859375 0.2753974609375 0.95393212890625
0 0.81245654296875 0.1194990234375 0.80490185546875 0.11743896484375 0.8035283203125 0.109197265625 0.806275390625 0.103703125 0.81314306640625 0.1030166015625 0.817263671875 0.105763671875 0.81795068359375 0.10988427734375 0.817263671875 0.11469140625
0 0.57689208984375 0.9683544921875 0.5707109375 0.965607421875 0.56933740234375 0.95873974609375 0.5707109375 0.954619140625 0.57483203125 0.95255859375 0.57895263671875 0.95049853515625 0.5810126953125 0.9518720703125 0.5810126953125 0.9573662109375 0.57963916015625 0.96423388671875 0.57895263671875 0.96904150390625
0 0.75202001953125 0.9704150390625 0.7478994140625 0.96354736328125 0.75202001953125 0.95805322265625 0.756140625 0.96354736328125 0.756140625 0.96698095703125
0 0.79391357421875 0.95599267578125 0.787732421875 0.9566796875 0.780177734375 0.95599267578125 0.7739970703125 0.9518720703125 0.776744140625 0.94569091796875 0.7794912109375 0.9408837890625 0.7829248046875 0.93951025390625 0.7870458984375 0.94019677734375 0.78979296875 0.943630859375 0.7925400390625 0.949125
0 0.09614892578125 0.8330595703125 0.08928076171875 0.8303125 0.0844736328125 0.82550537109375 0.0844736328125 0.8200107421875 0.08584716796875 0.8145166015625 0.0899677734375 0.81176953125 0.09202783203125 0.8110830078125 0.09614892578125 0.81245654296875 0.09958251953125 0.81795068359375 0.1009560546875 0.82344482421875 0.10164306640625 0.82893896484375
0 0.17581494140625 0.99951171875 0.17306787109375 0.99513916015625 0.17306787109375 0.9889580078125 0.17650146484375 0.98552392578125 0.1806220703125 0.98758447265625 0.1861162109375 0.99101806640625 0.1861162109375 0.99513916015625 0.1861162109375 0.99857275390625 0.183369140625 0.99951171875
0 0.24792626953125 0.98483740234375 0.238998046875 0.984150390625 0.235564453125 0.97934326171875 0.2383115234375 0.973162109375 0.2444921875 0.973162109375 0.2492998046875 0.97453564453125 0.24998681640625 0.97865625
0 0.21290087890625 0.9814033203125 0.21152734375 0.97659619140625 0.21358740234375 0.9704150390625 0.21633447265625 0.96766796875 0.22114208984375 0.96698095703125 0.222515625 0.9704150390625 0.22114208984375 0.97522216796875 0.21908154296875 0.97728271484375
0 0.3214111328125 0.97934326171875 0.3179775390625 0.9759091796875 0.3186640625 0.96904150390625 0.32484521484375 0.96629443359375 0.32759228515625 0.9704150390625 0.32690576171875 0.97728271484375
0 0.2252626953125 0.9463779296875 0.2197685546875 0.94843798828125 0.21358740234375 0.9463779296875 0.2142744140625 0.9415703125 0.21908154296875 0.9388232421875 0.22388916015625 0.93813671875 0.228009765625 0.93951025390625
0 0.41275244140625 0.84404833984375 0.40725830078125 0.84130078125 0.41000537109375 0.8351201171875 0.41481298828125 0.8330595703125 0.4216806640625 0.83168603515625 0.4271748046875 0.8351201171875 0.424427734375 0.84198779296875 0.41824658203125 0.84404833984375
0 0.420994140625 0.83099951171875 0.42030712890625 0.82344482421875 0.42030712890625 0.81795068359375 0.420994140625 0.81520361328125 0.42236767578125 0.81176953125 0.42580126953125 0.81039599609375 0.4292353515625 0.81039599609375 0.43060888671875 0.8145166015625 0.43060888671875 0.8220712890625 0.42854833984375 0.8275654296875 0.42580126953125 0.8330595703125
0 0.48692431640625 0.99788623046875 0.48349072265625 0.99101806640625 0.48417724609375 0.98483740234375 0.4882978515625 0.980716796875 0.49173193359375 0.97865625 0.4979130859375 0.97934326171875 0.49928662109375 0.98277685546875 0.49722607421875 0.9889580078125 0.49447900390625 0.991705078125 0.49173193359375 0.99376513671875
0 0.52950439453125 0.9738486328125 0.52332373046875 0.97178857421875 0.51851611328125 0.96766796875 0.5164560546875 0.96423388671875 0.5164560546875 0.9594267578125 0.51851611328125 0.9553056640625 0.52263671875 0.95324560546875 0.5274443359375 0.95255859375 0.53225146484375 0.95599267578125 0.535685546875 0.96080029296875 0.53499853515625 0.96698095703125
0 0.62977392578125 0.98483740234375 0.62771337890625 0.97728271484375 0.62977392578125 0.96972802734375 0.63526806640625 0.9683544921875 0.64144921875 0.9704150390625 0.64350927734375 0.97453564453125 0.64350927734375 0.980716796875 0.63732861328125 0.98277685546875
0 0.62702685546875 0.96629443359375 0.6180986328125 0.9628603515625 0.6153515625 0.95393212890625 0.620845703125 0.9498115234375 0.62496630859375 0.9498115234375 0.6290869140625 0.954619140625 0.6311474609375 0.95873974609375 0.63252099609375 0.962173828125
0 0.58994091796875 0.99788623046875 0.58719384765625 0.9889580078125 0.58719384765625 0.98209033203125 0.5920009765625 0.98002978515625 0.59749560546875 0.98002978515625 0.60024267578125 0.98277685546875 0.60436328125 0.98483740234375 0.6050498046875 0.99033154296875 0.60298974609375 0.9944521484375 0.60024267578125 0.99582568359375 0.59543505859375 0.99719921875
0 0.55079443359375 0.9463779296875 0.54530029296875 0.94225732421875 0.54461376953125 0.9367626953125 0.54461376953125 0.9312685546875 0.5494208984375 0.9278349609375 0.55354150390625 0.93538916015625 0.55354150390625 0.94019677734375
0 0.80490185546875 0.93951025390625 0.80490185546875 0.9312685546875 0.80696240234375 0.92714794921875 0.80970947265625 0.92440087890625 0.81520361328125 0.92371435546875 0.81932421875 0.92920849609375 0.81589013671875 0.93538916015625 0.81176953125 0.9367626953125
0 0.47318896484375 0.96011328125 0.4718154296875 0.9518720703125 0.4752490234375 0.94225732421875 0.48143017578125 0.9408837890625 0.48692431640625 0.94294384765625 0.487611328125 0.949125 0.48143017578125 0.9573662109375
0 0.42854833984375 0.93538916015625 0.42511474609375 0.92714794921875 0.42648828125 0.91959375 0.43129541015625 0.90860498046875 0.43678955078125 0.91135205078125 0.43885009765625 0.92096728515625 0.43885009765625 0.9278349609375 0.4381630859375 0.936076171875
0 0.4292353515625 0.9037978515625 0.42305419921875 0.90105078125 0.41824658203125 0.89761669921875 0.41824658203125 0.89212255859375 0.4196201171875 0.88662841796875 0.42305419921875 0.88388134765625 0.42511474609375 0.8825078125 0.43060888671875 0.88182080078125 0.4347294921875 0.8831943359375 0.43885009765625 0.8852548828125 0.4381630859375 0.8907490234375 0.435416015625 0.898990234375
0 0.46826171875 0.843505859375 0.473388671875 0.84130859375 0.48095703125 0.831787109375 0.47998046875 0.827392578125 0.474365234375 0.82421875 0.466064453125 0.82470703125 0.4599609375 0.831787109375 0.462890625 0.841552734375
0 0.469068359375 0.91890673828125 0.46288720703125 0.917533203125 0.4567060546875 0.9092919921875 0.45945361328125 0.898990234375 0.46494775390625 0.8969296875 0.47318896484375 0.8962431640625 0.47868310546875 0.89967724609375 0.48074365234375 0.904484375 0.48074365234375 0.9092919921875 0.47593603515625 0.9127255859375
0 0.4718154296875 0.93470263671875 0.4670078125 0.9312685546875 0.46563427734375 0.92646142578125 0.4697548828125 0.91959375 0.47318896484375 0.91409912109375 0.4793701171875 0.9092919921875 0.48349072265625 0.90860498046875 0.487611328125 0.9092919921875 0.48967138671875 0.91341259765625 0.48967138671875 0.91890673828125 0.48623779296875 0.92371435546875 0.4848642578125 0.9257744140625 0.48143017578125 0.928521484375 0.47868310546875 0.9312685546875 0.4752490234375 0.93264208984375
0 0.10782373046875 0.85847021484375 0.1030166015625 0.861904296875 0.098208984375 0.86396484375 0.0954619140625 0.86327783203125 0.09477490234375 0.85778369140625 0.09614892578125 0.85641015625 0.09889599609375 0.85503662109375 0.103703125 0.85503662109375
0 0.12568017578125 0.8667119140625 0.1188125 0.86533837890625 0.11331787109375 0.86327783203125 0.11057080078125 0.861904296875 0.109197265625 0.85847021484375 0.11263134765625 0.85503662109375 0.1188125 0.85641015625 0.124306640625 0.85847021484375 0.127740234375 0.8612177734375
0 0.02609765625 0.8722060546875 0.01991650390625 0.872892578125 0.01442236328125 0.872892578125 0.01167529296875 0.86877197265625 0.01098828125 0.86327783203125 0.013048828125 0.85984375 0.01716943359375 0.85847021484375 0.0212900390625 0.85847021484375 0.02541064453125 0.86053076171875 0.02953125 0.86327783203125 0.03090478515625 0.8673984375
0 0.03021826171875 0.891435546875 0.02747119140625 0.88662841796875 0.02815771484375 0.88113427734375 0.0322783203125 0.8777001953125 0.03571240234375 0.8797607421875 0.03639892578125 0.88731494140625
0 0.08584716796875 0.7925400390625 0.0824130859375 0.78841943359375 0.0824130859375 0.78223828125 0.08653369140625 0.78086474609375 0.09134130859375 0.78361181640625 0.09134130859375 0.78979296875
0 0.12224609375 0.77811767578125 0.11743896484375 0.7774306640625 0.12018603515625 0.76781591796875 0.1249931640625 0.76232177734375 0.12842724609375 0.76781591796875 0.12911376953125 0.77331005859375 0.12636669921875 0.77811767578125
0 0.13666845703125 0.73759765625 0.1304873046875 0.73759765625 0.12842724609375 0.73279052734375 0.13117431640625 0.728669921875 0.13598193359375 0.72729638671875 0.13735546875 0.73279052734375
0 0.07760595703125 0.65655810546875 0.0748583984375 0.64831689453125 0.079666015625 0.63801513671875 0.08516015625 0.63801513671875 0.087220703125 0.64282275390625 0.08584716796875 0.65106396484375 0.0817265625 0.65587158203125
0 0.0844736328125 0.70051171875 0.07829248046875 0.706005859375 0.07348486328125 0.70737939453125 0.0693642578125 0.70463232421875 0.07005126953125 0.69913818359375 0.07829248046875 0.69570458984375 0.08310009765625 0.695017578125
0 0.32484521484375 0.695017578125 0.3214111328125 0.69089697265625 0.3214111328125 0.6847158203125 0.3255322265625 0.6847158203125 0.32965283203125 0.6888369140625 0.32965283203125 0.691583984375
0 0.27677099609375 0.70051171875 0.2843251953125 0.6977646484375 0.28707275390625 0.6943310546875 0.28569873046875 0.6895234375 0.2808916015625 0.68814990234375 0.27471044921875 0.6922705078125 0.2733369140625 0.69639111328125
0 0.36467822265625 0.64900341796875 0.35918408203125 0.6441962890625 0.36193115234375 0.6387021484375 0.36673876953125 0.63801513671875 0.368798828125 0.6421357421875
0 0.38184765625 0.76232177734375 0.383908203125 0.7554541015625 0.38871533203125 0.74927294921875 0.3955830078125 0.7458388671875 0.400390625 0.74652587890625 0.4031376953125 0.75408056640625 0.4010771484375 0.7609482421875 0.39627001953125 0.7643818359375 0.3900888671875 0.7664423828125
0 0.424427734375 0.78635888671875 0.41893359375 0.7849853515625 0.413439453125 0.78223828125 0.413439453125 0.77880419921875 0.41549951171875 0.77537060546875 0.4196201171875 0.77331005859375 0.42305419921875 0.77262353515625 0.42786181640625 0.77468359375 0.43060888671875 0.7774306640625 0.429921875 0.78223828125 0.42854833984375 0.7829248046875
0 0.461513671875 0.8014677734375 0.4567060546875 0.7959736328125 0.4587666015625 0.78979296875 0.46563427734375 0.78979296875 0.4663212890625 0.79460009765625
0 0.46014013671875 0.75133349609375 0.4532724609375 0.7499599609375 0.453958984375 0.7458388671875 0.4608271484375 0.74171826171875 0.4670078125 0.73828466796875 0.47112841796875 0.7369111328125 0.4773095703125 0.73553759765625 0.48143017578125 0.7369111328125 0.48074365234375 0.7403447265625 0.47387548828125 0.74652587890625 0.46838134765625 0.74927294921875
0 0.51508203125 0.80764892578125 0.5068408203125 0.80421533203125 0.5034072265625 0.80078125 0.5034072265625 0.79666064453125 0.50821435546875 0.79185302734375 0.5143955078125 0.7925400390625 0.51851611328125 0.79666064453125 0.51851611328125 0.80009423828125
0 0.48898486328125 0.82619189453125 0.48417724609375 0.82275830078125 0.48349072265625 0.8145166015625 0.48349072265625 0.80970947265625 0.48555078125 0.80421533203125 0.48898486328125 0.8014677734375 0.49447900390625 0.79666064453125 0.49722607421875 0.80215478515625 0.49997314453125 0.80696240234375 0.49997314453125 0.81176953125 0.49997314453125 0.8165771484375 0.4979130859375 0.82138427734375 0.49516552734375 0.82344482421875 0.491044921875 0.82550537109375
0 0.52332373046875 0.75751416015625 0.5143955078125 0.7636953125 0.50821435546875 0.761634765625 0.50478076171875 0.75751416015625 0.50478076171875 0.750646484375 0.50752783203125 0.74652587890625 0.5116484375 0.74377880859375 0.517142578125 0.747212890625 0.52263671875 0.75270703125
0 0.56982421875 0.743408203125 0.57470703125 0.740478515625 0.57958984375 0.730224609375 0.5791015625 0.725830078125 0.572021484375 0.72216796875 0.568115234375 0.72265625 0.56298828125 0.729248046875 0.56298828125 0.738525390625 0.565185546875 0.7421875
0 0.5068408203125 0.71424755859375 0.50203369140625 0.710126953125 0.5013466796875 0.70119873046875 0.506154296875 0.69845166015625 0.51096142578125 0.6977646484375 0.51508203125 0.70119873046875 0.51508203125 0.70669287109375 0.5143955078125 0.7108134765625
0 0.578265625 0.82687890625 0.5755185546875 0.8220712890625 0.5734580078125 0.81520361328125 0.57620556640625 0.8090224609375 0.57963916015625 0.80970947265625 0.58169970703125 0.81245654296875 0.5830732421875 0.81795068359375 0.5830732421875 0.82344482421875 0.58238623046875 0.82825244140625
0 0.73553759765625 0.75476708984375 0.726609375 0.75476708984375 0.72248876953125 0.74652587890625 0.72729638671875 0.74515234375 0.73553759765625 0.74652587890625
0 0.9892578125 0.539306640625 0.99951171875 0.534912109375 0.99951171875 0.519775390625 0.997314453125 0.517578125 0.991943359375 0.51708984375 0.985595703125 0.52001953125 0.97900390625 0.529052734375 0.97900390625 0.533447265625 0.9814453125 0.537353515625
0 0.8055888671875 0.874953125 0.7959736328125 0.87357958984375 0.7959736328125 0.8673984375 0.798720703125 0.86327783203125 0.8035283203125 0.8646513671875 0.8083359375 0.87083251953125
0 0.78155126953125 0.869458984375 0.7739970703125 0.86877197265625 0.77331005859375 0.8612177734375 0.776744140625 0.85297607421875 0.78223828125 0.850916015625 0.78567236328125 0.8591572265625
0 0.75751416015625 0.87426611328125 0.75476708984375 0.869458984375 0.756140625 0.86327783203125 0.7609482421875 0.86259130859375 0.76506884765625 0.86327783203125 0.7664423828125 0.86877197265625 0.7636953125 0.8722060546875
0 0.758201171875 0.861904296875 0.75476708984375 0.85641015625 0.756140625 0.8516025390625 0.7643818359375 0.84885546875 0.7685029296875 0.850916015625 0.77056298828125 0.85503662109375 0.7664423828125 0.85984375
0 0.81176953125 0.77468359375 0.80490185546875 0.78155126953125 0.79460009765625 0.7794912109375 0.78979296875 0.769189453125 0.7959736328125 0.76712939453125 0.80215478515625 0.76781591796875
0 0.965607421875 0.85022900390625 0.962173828125 0.8570966796875 0.9566796875 0.86053076171875 0.95049853515625 0.85984375 0.949125 0.85572314453125 0.95049853515625 0.84954248046875 0.95599267578125 0.845421875 0.96080029296875 0.843361328125 0.9628603515625 0.84473486328125
0 0.8200107421875 0.76506884765625 0.813830078125 0.76506884765625 0.8083359375 0.7643818359375 0.8035283203125 0.7609482421875 0.8035283203125 0.756140625 0.8055888671875 0.75133349609375 0.8110830078125 0.750646484375 0.81520361328125 0.7499599609375 0.82069775390625 0.7499599609375 0.8220712890625 0.75408056640625 0.8220712890625 0.758201171875
0 0.79460009765625 0.73759765625 0.78979296875 0.73004345703125 0.7904794921875 0.724548828125 0.79460009765625 0.7190546875 0.80009423828125 0.71562109375 0.80421533203125 0.7190546875 0.80421533203125 0.72592236328125 0.80284130859375 0.73347705078125
0 0.99951171875 0.710693359375 0.99951171875 0.68603515625 0.9912109375 0.690673828125 0.98974609375 0.698974609375 0.9921875 0.706298828125
0 0.9931640625 0.783935546875 0.99951171875 0.779541015625 0.99951171875 0.7548828125 0.9921875 0.760009765625 0.98974609375 0.765869140625 0.9892578125 0.781982421875
0 0.8852548828125 0.84404833984375 0.88182080078125 0.84198779296875 0.880447265625 0.83649365234375 0.8831943359375 0.8330595703125 0.8886884765625 0.83443310546875 0.8886884765625 0.83924072265625
0 0.90517138671875 0.8378671875 0.89761669921875 0.835806640625 0.89830322265625 0.8275654296875 0.90242431640625 0.82687890625 0.90860498046875 0.8303125 0.90860498046875 0.83443310546875
0 0.93896484375 0.779052734375 0.943603515625 0.77783203125 0.94970703125 0.769287109375 0.95068359375 0.761474609375 0.945556640625 0.75634765625 0.932861328125 0.76171875 0.92919921875 0.765869140625 0.9306640625 0.775146484375 0.933837890625 0.7783203125
0 0.9704150390625 0.76987646484375 0.96148681640625 0.76712939453125 0.96011328125 0.758201171875 0.96354736328125 0.750646484375 0.96904150390625 0.74927294921875 0.9738486328125 0.75682763671875 0.97522216796875 0.761634765625 0.97522216796875 0.7664423828125
0 0.86808544921875 0.73828466796875 0.85984375 0.73553759765625 0.8591572265625 0.7314169921875 0.85984375 0.724548828125 0.86259130859375 0.7183681640625 0.86808544921875 0.71699462890625 0.874953125 0.721115234375 0.874953125 0.73004345703125
0 0.843361328125 0.73759765625 0.83718017578125 0.7403447265625 0.83374658203125 0.73553759765625 0.8351201171875 0.7314169921875 0.83992724609375 0.72798291015625 0.843361328125 0.7238623046875 0.84679541015625 0.72523583984375 0.8461083984375 0.73347705078125
0 0.824818359375 0.71493408203125 0.82069775390625 0.71150048828125 0.81863720703125 0.7053193359375 0.8200107421875 0.70051171875 0.82344482421875 0.69845166015625 0.83168603515625 0.70119873046875 0.8330595703125 0.70463232421875 0.8330595703125 0.70875341796875
0 0.83099951171875 0.72798291015625 0.82275830078125 0.72592236328125 0.81932421875 0.7238623046875 0.81863720703125 0.71768115234375 0.82550537109375 0.71493408203125 0.82893896484375 0.7128740234375 0.8351201171875 0.7128740234375 0.8378671875 0.7128740234375 0.83924072265625 0.71562109375 0.8385537109375 0.72042822265625 0.83374658203125 0.72592236328125
0 0.8536630859375 0.63732861328125 0.84404833984375 0.6387021484375 0.8378671875 0.63801513671875 0.83718017578125 0.63389453125 0.83924072265625 0.6290869140625 0.8426748046875 0.62427978515625 0.84679541015625 0.62221923828125 0.850916015625 0.620845703125 0.8570966796875 0.6201591796875 0.8612177734375 0.62221923828125 0.85778369140625 0.6290869140625
0 0.8837890625 0.634033203125 0.888671875 0.630615234375 0.89013671875 0.623779296875 0.887451171875 0.6201171875 0.882080078125 0.619140625 0.876953125 0.622802734375 0.8759765625 0.628662109375 0.878173828125 0.63232421875
0 0.59680859375 0.65381103515625 0.5885673828125 0.65381103515625 0.5858203125 0.64831689453125 0.58925390625 0.64282275390625 0.5961220703125 0.64282275390625 0.59818212890625 0.64831689453125
0 0.63732861328125 0.5961220703125 0.6290869140625 0.60092919921875 0.6201591796875 0.59474853515625 0.62153271484375 0.58719384765625 0.6290869140625 0.58513330078125 0.635955078125 0.5865068359375
0 0.6448828125 0.61878564453125 0.6366416015625 0.61603857421875 0.6366416015625 0.607796875 0.64282275390625 0.60367626953125 0.6476298828125 0.602302734375 0.65381103515625 0.60642333984375 0.64900341796875 0.6153515625
0 0.5458984375 0.520263671875 0.552734375 0.514404296875 0.55126953125 0.504638671875 0.546142578125 0.50146484375 0.533935546875 0.50341796875 0.53173828125 0.505615234375 0.53173828125 0.510009765625 0.53466796875 0.515380859375 0.540283203125 0.52001953125
0 0.40931884765625 0.27127685546875 0.40657177734375 0.26372216796875 0.41000537109375 0.25822802734375 0.41549951171875 0.25548095703125 0.41893359375 0.2623486328125 0.41549951171875 0.26852978515625
0 0.57963916015625 0.6180986328125 0.56933740234375 0.61672509765625 0.5679638671875 0.6071103515625 0.56933740234375 0.5961220703125 0.5755185546875 0.593375 0.58444677734375 0.602302734375 0.58513330078125 0.61123095703125
0 0.9862109375 0.5123349609375 0.99582568359375 0.51370849609375 0.999259765625 0.5116484375 0.99951171875 0.50546728515625 0.99951171875 0.49997314453125 0.99719921875 0.49447900390625 0.98964453125 0.5013466796875
0 0.4745625 0.49310546875 0.4793701171875 0.4882978515625 0.48143017578125 0.48417724609375 0.48074365234375 0.47799609375 0.4773095703125 0.47593603515625 0.47387548828125 0.480056640625 0.47387548828125 0.48555078125
0 0.4609375 0.496826171875 0.46484375 0.493408203125 0.46484375 0.486083984375 0.463134765625 0.484375 0.457763671875 0.48486328125 0.455078125 0.489013671875 0.4560546875 0.495361328125
0 0.41275244140625 0.47799609375 0.40725830078125 0.47387548828125 0.40657177734375 0.4697548828125 0.41000537109375 0.46563427734375 0.416873046875 0.4670078125 0.4196201171875 0.4718154296875
0 0.46563427734375 0.45258544921875 0.4587666015625 0.4512119140625 0.4587666015625 0.44640478515625 0.4587666015625 0.43953662109375 0.46220068359375 0.43610302734375 0.4663212890625 0.4347294921875 0.47112841796875 0.44091064453125 0.47112841796875 0.4477783203125
0 0.88182080078125 0.53980615234375 0.880447265625 0.533625 0.88182080078125 0.528130859375 0.88388134765625 0.5253837890625 0.88731494140625 0.5253837890625 0.8886884765625 0.53225146484375 0.88731494140625 0.5384326171875
0 0.58719384765625 0.1531513671875 0.5775791015625 0.1531513671875 0.57483203125 0.1510908203125 0.57483203125 0.142849609375 0.580326171875 0.1401025390625 0.5858203125 0.1435361328125
0 0.60092919921875 0.47112841796875 0.59268798828125 0.4752490234375 0.591314453125 0.4752490234375 0.58238623046875 0.4697548828125 0.58513330078125 0.46357421875 0.58788037109375 0.46288720703125 0.5920009765625 0.46288720703125 0.59543505859375 0.46494775390625
0 0.64013671875 0.538330078125 0.653076171875 0.53369140625 0.6552734375 0.525634765625 0.647705078125 0.5224609375 0.638916015625 0.52392578125 0.63671875 0.534423828125
0 0.68814990234375 0.45601953125 0.68334228515625 0.453958984375 0.68265576171875 0.4477783203125 0.6847158203125 0.442970703125 0.6895234375 0.4422841796875 0.691583984375 0.44159716796875 0.6943310546875 0.4457177734375 0.6943310546875 0.44915185546875 0.69089697265625 0.45464599609375
0 0.88388134765625 0.48692431640625 0.87632666015625 0.48967138671875 0.87357958984375 0.48898486328125 0.872892578125 0.48349072265625 0.87426611328125 0.47799609375 0.8797607421875 0.47318896484375 0.88594140625 0.4718154296875 0.888001953125 0.4773095703125 0.88662841796875 0.4828037109375
0 0.732103515625 0.491044921875 0.72523583984375 0.491044921875 0.72248876953125 0.4848642578125 0.72248876953125 0.47799609375 0.726609375 0.47799609375 0.73004345703125 0.48143017578125 0.732103515625 0.48555078125
0 0.6448828125 0.40725830078125 0.6421357421875 0.400390625 0.64076220703125 0.3976435546875 0.64282275390625 0.39077587890625 0.64625634765625 0.38940234375 0.6524375 0.38940234375 0.654498046875 0.39627001953125 0.6524375 0.4031376953125 0.6496904296875 0.40451123046875
0 0.88456787109375 0.44434423828125 0.88113427734375 0.4374765625 0.88456787109375 0.42580126953125 0.88937548828125 0.4216806640625 0.8941826171875 0.4237412109375 0.8962431640625 0.429921875 0.8941826171875 0.435416015625 0.89212255859375 0.4381630859375 0.888001953125 0.44091064453125
0 0.8603515625 0.421142578125 0.86962890625 0.415283203125 0.8701171875 0.410888671875 0.866455078125 0.40673828125 0.857666015625 0.40869140625 0.853515625 0.413330078125 0.8544921875 0.419677734375
0 0.44434423828125 0.4374765625 0.43610302734375 0.43678955078125 0.4347294921875 0.431982421875 0.442970703125 0.429921875 0.44640478515625 0.431982421875
0 0.45601953125 0.361244140625 0.44503125 0.3660517578125 0.43885009765625 0.36261767578125 0.44091064453125 0.3550634765625 0.44640478515625 0.3530029296875 0.45601953125 0.35368994140625
0 0.50752783203125 0.36742529296875 0.50409375 0.36399169921875 0.50409375 0.35712353515625 0.5089013671875 0.3550634765625 0.51370849609375 0.3550634765625 0.5164560546875 0.357810546875 0.51370849609375 0.36193115234375
0 0.38528173828125 0.357810546875 0.379787109375 0.3530029296875 0.38253466796875 0.3475087890625 0.38596826171875 0.346822265625 0.38940234375 0.35162939453125 0.38940234375 0.35712353515625
0 0.15177734375 0.3584970703125 0.14765673828125 0.36467822265625 0.14422314453125 0.365365234375 0.14216259765625 0.36467822265625 0.1435361328125 0.35918408203125 0.1455966796875 0.35712353515625
0 0.98002978515625 0.3255322265625 0.973162109375 0.320724609375 0.9711015625 0.31523046875 0.9704150390625 0.30767578125 0.97453564453125 0.3028681640625 0.980716796875 0.30630224609375 0.9834638671875 0.309736328125 0.9834638671875 0.31729052734375 0.98277685546875 0.32278466796875
0 0.9257744140625 0.27196337890625 0.91822021484375 0.27471044921875 0.91547265625 0.27471044921875 0.90860498046875 0.2733369140625 0.9092919921875 0.2699033203125 0.9120390625 0.265095703125 0.9147861328125 0.26166162109375 0.91684619140625 0.26097509765625 0.9257744140625 0.26372216796875 0.92920849609375 0.26921630859375
0 0.85778369140625 0.339267578125 0.8516025390625 0.3344599609375 0.8516025390625 0.328279296875 0.85641015625 0.32621875 0.861904296875 0.3289658203125 0.861904296875 0.33308642578125
0 0.82666015625 0.303955078125 0.8310546875 0.300048828125 0.8310546875 0.294677734375 0.825927734375 0.28857421875 0.819580078125 0.28857421875 0.8154296875 0.294189453125 0.81494140625 0.298583984375 0.820068359375 0.30322265625
0 0.5888671875 0.298095703125 0.59326171875 0.293701171875 0.59326171875 0.286865234375 0.589599609375 0.283203125 0.584228515625 0.283203125 0.5771484375 0.289794921875 0.5751953125 0.295166015625 0.580322265625 0.2978515625
0 0.673041015625 0.2362509765625 0.6661728515625 0.2362509765625 0.6627392578125 0.23487744140625 0.6606787109375 0.2300703125 0.66136572265625 0.22388916015625 0.6661728515625 0.222515625 0.673041015625 0.22732275390625 0.676474609375 0.23213037109375
0 0.65312451171875 0.2252626953125 0.646943359375 0.228009765625 0.6441962890625 0.22732275390625 0.6421357421875 0.2252626953125 0.64144921875 0.22182861328125 0.64282275390625 0.2177080078125 0.64350927734375 0.2177080078125 0.6496904296875 0.2197685546875
0 0.24998681640625 0.05700244140625 0.238998046875 0.06181005859375 0.23487744140625 0.05700244140625 0.2383115234375 0.04807421875 0.2444921875 0.04670068359375 0.24792626953125 0.04944775390625
0 0.2149609375 0.068677734375 0.20740625 0.07073779296875 0.20328564453125 0.068677734375 0.20397265625 0.061123046875 0.20603271484375 0.057689453125 0.2122138671875 0.0583759765625 0.21633447265625 0.06249658203125
0 0.1991650390625 0.09134130859375 0.19504443359375 0.0844736328125 0.19641796875 0.0817265625 0.19985205078125 0.08035302734375 0.2046591796875 0.0824130859375 0.20603271484375 0.08516015625 0.20534619140625 0.09202783203125
0 0.20740625 0.153837890625 0.201912109375 0.1510908203125 0.2046591796875 0.14147607421875 0.20877978515625 0.1401025390625 0.21084033203125 0.14834375
0 0.54804736328125 0.0157958984375 0.5404931640625 0.01991650390625 0.535685546875 0.01922998046875 0.53637255859375 0.0137353515625 0.5411796875 0.00961474609375 0.54736083984375 0.00961474609375 0.55079443359375 0.01167529296875
0 0.66960693359375 0.146283203125 0.66205224609375 0.14490966796875 0.657931640625 0.13735546875 0.6627392578125 0.1325478515625 0.6702939453125 0.13392138671875 0.67166748046875 0.1380419921875
0 0.85022900390625 0.11469140625 0.8426748046875 0.11057080078125 0.83992724609375 0.105763671875 0.8385537109375 0.09958251953125 0.83992724609375 0.0934013671875 0.8426748046875 0.0899677734375 0.8481689453125 0.09202783203125 0.8536630859375 0.098208984375 0.85503662109375 0.10026953125 0.8536630859375 0.109197265625 0.85297607421875 0.10988427734375
0 0.89280908203125 0.2383115234375 0.8831943359375 0.23693798828125 0.88388134765625 0.2307568359375 0.88662841796875 0.2232021484375 0.89280908203125 0.22388916015625 0.8962431640625 0.22938330078125
0 0.90791845703125 0.22182861328125 0.90311083984375 0.22732275390625 0.89967724609375 0.22457568359375 0.90036376953125 0.2197685546875 0.9037978515625 0.2142744140625 0.90791845703125 0.21633447265625
0 0.91409912109375 0.24586572265625 0.90791845703125 0.24586572265625 0.906544921875 0.24243212890625 0.9072314453125 0.238998046875 0.9120390625 0.2383115234375 0.9147861328125 0.24105859375
0 0.98003125 0.152462890625 0.97316357421875 0.1517763671875 0.97041650390625 0.1476552734375 0.97110302734375 0.14353466796875 0.9752236328125 0.14010107421875 0.98003125 0.1421611328125 0.98003125 0.14628173828125
0 0.91890673828125 0.09614892578125 0.91890673828125 0.0879072265625 0.9202802734375 0.08103955078125 0.9278349609375 0.08103955078125 0.9312685546875 0.087220703125 0.92989501953125 0.0934013671875 0.92646142578125 0.09614892578125
0 0.96698095703125 0.74652587890625 0.96354736328125 0.73759765625 0.96972802734375 0.728669921875 0.9779697265625 0.73004345703125 0.980716796875 0.73622412109375 0.98002978515625 0.74171826171875 0.97522216796875 0.74515234375
0 0.56727734375 0.67784814453125 0.55972265625 0.6737275390625 0.55834912109375 0.665486328125 0.56384326171875 0.66205224609375 0.56727734375 0.6627392578125 0.5700244140625 0.66685986328125 0.5707109375 0.67235400390625
0 0.52675732421875 0.31385693359375 0.519203125 0.30904931640625 0.5198896484375 0.3028681640625 0.52263671875 0.2994345703125 0.52675732421875 0.29806103515625 0.53156494140625 0.30080810546875 0.5329384765625 0.3069892578125
0 0.06318359375 0.370859375 0.05700244140625 0.37223291015625 0.05219482421875 0.36948583984375 0.05219482421875 0.36193115234375 0.05494189453125 0.357810546875 0.06249658203125 0.36193115234375
0 0.57895263671875 0.02472412109375 0.56865087890625 0.02197705078125 0.5645302734375 0.01991650390625 0.56590380859375 0.013048828125 0.57208447265625 0.00686767578125 0.5775791015625 0.00686767578125 0.58238623046875 0.0103017578125 0.58238623046875 0.0157958984375 0.58169970703125 0.020603515625
0 0.61123095703125 0.6311474609375 0.60436328125 0.62977392578125 0.602302734375 0.620845703125 0.61397802734375 0.6180986328125 0.6201591796875 0.6180986328125 0.617412109375 0.62702685546875
0 0.88456787109375 0.70806640625 0.8777001953125 0.702572265625 0.8797607421875 0.69570458984375 0.88937548828125 0.69570458984375 0.89349609375 0.69913818359375 0.891435546875 0.70463232421875
0 0.58238623046875 0.3791005859375 0.5810126953125 0.370859375 0.5865068359375 0.36467822265625 0.59062744140625 0.3633046875 0.593375 0.3660517578125 0.5940615234375 0.3736064453125 0.593375 0.3791005859375
0 0.65655810546875 0.46357421875 0.65106396484375 0.45739306640625 0.65312451171875 0.4512119140625 0.65930517578125 0.44983837890625 0.665486328125 0.44915185546875 0.67166748046875 0.44983837890625 0.67166748046875 0.45601953125 0.66411279296875 0.4608271484375
0 0.97934326171875 0.38528173828125 0.97178857421875 0.37566650390625 0.973162109375 0.365365234375 0.9779697265625 0.365365234375 0.98277685546875 0.3715458984375 0.9834638671875 0.37497998046875 0.9834638671875 0.379787109375
0 0.66479931640625 0.5755185546875 0.6551845703125 0.5707109375 0.657931640625 0.56109619140625 0.66685986328125 0.554228515625 0.67235400390625 0.55560205078125 0.673041015625 0.5624697265625 0.673041015625 0.56727734375
0 0.64625634765625 0.69021044921875 0.63801513671875 0.6867763671875 0.635955078125 0.68059521484375 0.63801513671875 0.67235400390625 0.6421357421875 0.6682333984375 0.6448828125 0.66754638671875 0.6496904296875 0.668919921875 0.65037744140625 0.67716162109375 0.6517509765625 0.68334228515625
0 0.70394580078125 0.78841943359375 0.70119873046875 0.77880419921875 0.70463232421875 0.769189453125 0.7108134765625 0.76712939453125 0.71699462890625 0.7664423828125 0.71974169921875 0.76781591796875 0.72042822265625 0.77262353515625 0.71974169921875 0.7774306640625 0.7183681640625 0.78086474609375 0.71493408203125 0.78567236328125
0 0.19849609375 0.23548583984375 0.19505078125 0.22811767578125 0.19932177734375 0.22278271484375 0.2062626953125 0.2217158203125 0.2094658203125 0.2254501953125 0.20893212890625 0.23025146484375
0 0.87256201171875 0.76585693359375 0.86188427734375 0.76265576171875 0.85761279296875 0.75358642578125 0.86081640625 0.749318359375 0.8677568359375 0.74665087890625 0.873095703125 0.753052734375 0.87576513671875 0.75732080078125
0 0.07328564453125 0.10986083984375 0.0784091796875 0.112439453125 0.079677734375 0.120056640625 0.07291064453125 0.12598046875 0.06656689453125 0.12259521484375 0.0652978515625 0.11455517578125
0 0.06560888671875 0.39949853515625 0.06191455078125 0.39510986328125 0.064029296875 0.389185546875 0.0707958984375 0.39003173828125 0.06952734375 0.39510986328125
0 0.03978564453125 0.42811328125 0.04288232421875 0.4372216796875 0.03822998046875 0.4439921875 0.03019384765625 0.441453125 0.031462890625 0.4346826171875
0 0.5304248046875 0.6514482421875 0.53106591796875 0.658171875 0.524298828125 0.66198046875 0.517955078125 0.66028759765625 0.51880078125 0.65436328125 0.5238759765625 0.65224755859375
0 0.7816767578125 0.4832490234375 0.7869443359375 0.48763671875 0.7831376953125 0.4944072265625 0.777216796875 0.49948486328125 0.77171826171875 0.49948486328125 0.769603515625 0.49271435546875 0.7738330078125 0.48721337890625
0 0.7460830078125 0.3024873046875 0.7517802734375 0.30308837890625 0.75262646484375 0.31028173828125 0.74755078125 0.314513671875 0.74332177734375 0.31239794921875 0.74332177734375 0.30731982421875
0 0.0858486328125 0.24316357421875 0.08200341796875 0.25017822265625 0.07439013671875 0.2535634765625 0.07312158203125 0.24848583984375 0.0756591796875 0.24340771484375
0 0.2959228515625 0.4022900390625 0.29097216796875 0.4075400390625 0.2854736328125 0.40838623046875 0.28124462890625 0.404578125 0.2837822265625 0.4020390625 0.29097216796875 0.39823046875
0 0.388048828125 0.6514482421875 0.39036279296875 0.65692529296875 0.38697900390625 0.66454248046875 0.38063525390625 0.66073388671875 0.37809765625 0.65523291015625 0.38148095703125 0.6531171875
0 0.68257177734375 0.65214599609375 0.6742919921875 0.65405517578125 0.6696396484375 0.64770751953125 0.67175439453125 0.6426298828125 0.67598388671875 0.6426298828125 0.68105908203125 0.646861328125
0 0.138890625 0.78126171875 0.14382958984375 0.78331787109375 0.14467578125 0.79093505859375 0.13875439453125 0.7943203125 0.1311416015625 0.7943203125 0.1311416015625 0.786703125
0 0.21845361328125 0.5104677734375 0.2105341796875 0.507755859375 0.2105341796875 0.50183154296875 0.214763671875 0.49675341796875 0.22153076171875 0.501408203125 0.22322265625 0.50733251953125
0 0.79075 0.204080078125 0.7855771484375 0.21012548828125 0.7762724609375 0.21097216796875 0.7716201171875 0.2063173828125 0.77838720703125 0.20208544921875 0.78473095703125 0.20039306640625
0 0.57160205078125 0.2592158203125 0.576451171875 0.2641484375 0.5777197265625 0.27176513671875 0.573490234375 0.28149755859375 0.5667236328125 0.2857294921875 0.5629169921875 0.28403662109375 0.56122509765625 0.27853564453125 0.564185546875 0.271341796875 0.5675693359375 0.26626416015625
0 0.381767578125 0.09241259765625 0.38350439453125 0.0978759765625 0.38350439453125 0.10803173828125 0.3775830078125 0.11057080078125 0.3725078125 0.104646484375 0.37504541015625 0.0991455078125
0 0.371298828125 0.09171484375 0.3712451171875 0.10055859375 0.364478515625 0.1047900390625 0.3602490234375 0.10225146484375 0.360671875 0.09294189453125 0.36532421875 0.09040283203125
0 0.101900390625 0.76869921875 0.09370068359375 0.76906494140625 0.0911630859375 0.76229443359375 0.09412353515625 0.75806298828125 0.10004443359375 0.7563701171875 0.10258203125 0.7614482421875
0 0.4524951171875 0.97648583984375 0.44586083984375 0.97209423828125 0.4440615234375 0.968494140625 0.44478125 0.96309326171875 0.45233837890625 0.96453369140625 0.45593701171875 0.97137451171875
0 0.20249609375 0.8446572265625 0.19828125 0.85363818359375 0.19180419921875 0.85579833984375 0.18892529296875 0.85111767578125 0.1885654296875 0.8428369140625 0.19252392578125 0.8417568359375 0.19648193359375 0.8417568359375
0 0.3729228515625 0.965203125 0.37795654296875 0.96974755859375 0.38299462890625 0.9747880859375 0.385513671875 0.97910888671875 0.3833544921875 0.98342919921875 0.37831640625 0.98558935546875 0.37147900390625 0.9841494140625 0.36644140625 0.9751484375 0.36680126953125 0.9693876953125
0 0.052853515625 0.54596533203125 0.047970703125 0.54983056640625 0.042212890625 0.5491103515625 0.03789453125 0.54335009765625 0.04185302734375 0.5393896484375 0.0472509765625 0.53866943359375 0.0519287109375 0.54082958984375
0 0.14905224609375 0.38147705078125 0.145130859375 0.3866650390625 0.13865380859375 0.3866650390625 0.13433544921875 0.3823447265625 0.1368544921875 0.3776640625 0.14225244140625 0.37802392578125
0 0.086701171875 0.442046875 0.093671875 0.44823193359375 0.09403173828125 0.4521923828125 0.0915126953125 0.45579296875 0.08575537109375 0.4565126953125 0.08143701171875 0.4521923828125 0.080357421875 0.44463134765625
0 0.92101953125 0.42898291015625 0.9281748046875 0.43157861328125 0.9296142578125 0.43697900390625 0.9296142578125 0.4456201171875 0.92637548828125 0.449220703125 0.91809912109375 0.44597998046875 0.91593994140625 0.439859375
0 0.87588916015625 0.65107177734375 0.8752763671875 0.65663134765625 0.8709580078125 0.65879150390625 0.8666396484375 0.66023193359375 0.86232177734375 0.658431640625 0.86232177734375 0.65303076171875 0.86627978515625 0.64691015625 0.8723974609375 0.64691015625
0 0.89073486328125 0.49549072265625 0.88751123046875 0.5046943359375 0.877435546875 0.508294921875 0.87203759765625 0.50397412109375 0.8709580078125 0.497853515625 0.87131787109375 0.493533203125 0.8781552734375 0.491373046875 0.8849921875 0.49173291015625
0 0.55289404296875 0.35049951171875 0.5476328125 0.34762548828125 0.54671630859375 0.34212255859375 0.5490078125 0.33982958984375 0.5545078125 0.34028857421875 0.5581748046875 0.34441552734375 0.5581748046875 0.34854296875
0 0.384529296875 0.4375166015625 0.37824609375 0.43965087890625 0.37687548828125 0.44342236328125 0.3785888671875 0.44890771484375 0.38681298828125 0.45096533203125 0.3892119140625 0.4470224609375 0.38938330078125 0.44290771484375 0.38835498046875 0.43930810546875
0 0.254396484375 0.44757470703125 0.25312158203125 0.45080322265625 0.24793798828125 0.45328369140625 0.2441064453125 0.4510283203125 0.2441064453125 0.44787158203125 0.24726171875 0.44471435546875 0.25086767578125 0.44471435546875
0 0.830203125 0.22211279296875 0.832048828125 0.2264814453125 0.83283544921875 0.23146533203125 0.8312626953125 0.23671142578125 0.825232421875 0.2414326171875 0.8189404296875 0.2440556640625 0.8165810546875 0.2414326171875 0.81841650390625 0.23671142578125 0.8215625 0.2298916015625 0.82418408203125 0.22490771484375
0 0.88341552734375 0.25412646484375 0.8866103515625 0.25537158203125 0.887134765625 0.2590439453125 0.8855615234375 0.26324072265625 0.88293994140625 0.26455224609375 0.87926953125 0.26271630859375 0.87900732421875 0.25878173828125 0.880318359375 0.25484716796875
0 0.89423095703125 0.3787216796875 0.894921875 0.3822021484375 0.89413525390625 0.38639892578125 0.89230029296875 0.38797265625 0.8886298828125 0.38613671875 0.887056640625 0.3803662109375 0.8896787109375 0.37879248046875
0 0.9340322265625 0.31988525390625 0.9349462890625 0.3242333984375 0.93232470703125 0.32764306640625 0.9281298828125 0.3294794921875 0.92262451171875 0.329216796875 0.92105126953125 0.3268564453125 0.92210009765625 0.322134765625 0.92550830078125 0.31924951171875 0.928654296875 0.3189873046875
0 0.98075537109375 0.34584228515625 0.9807734375 0.34889599609375 0.9784140625 0.35492919921875 0.97343310546875 0.35361767578125 0.97185986328125 0.3486337890625 0.97290869140625 0.34391259765625 0.977103515625 0.34312548828125
0 0.88207275390625 0.34316943359375 0.88163916015625 0.34777099609375 0.87776708984375 0.35358154296875 0.8717177734375 0.35358154296875 0.8719599609375 0.34728662109375 0.87558935546875 0.3436552734375
0 0.93492236328125 0.3443896484375 0.93171435546875 0.348748046875 0.9267431640625 0.35070703125 0.92342919921875 0.3488984375 0.92282666015625 0.34467822265625 0.9250859375 0.34271923828125 0.929755859375 0.34181494140625
0 0.9193427734375 0.61651025390625 0.91351708984375 0.61896728515625 0.909181640625 0.61834765625 0.905775390625 0.614009765625 0.90763330078125 0.61246044921875 0.91351708984375 0.6093623046875 0.9178525390625 0.61122119140625
0 0.93722900390625 0.74528955078125 0.93736279296875 0.7514560546875 0.93240771484375 0.75517431640625 0.92714306640625 0.7539345703125 0.9249755859375 0.75083642578125 0.925904296875 0.7471181640625 0.9305498046875 0.74339990234375
0 0.176408203125 0.185318359375 0.1693466796875 0.184611328125 0.16352490234375 0.18116943359375 0.16431884765625 0.1771982421875 0.169611328125 0.17534521484375 0.1743740234375 0.1771982421875 0.17675537109375 0.18090478515625
0 0.02707470703125 0.2001640625 0.02659130859375 0.20540087890625 0.0236806640625 0.21122509765625 0.02050537109375 0.21122509765625 0.01865283203125 0.206724609375 0.02156396484375 0.20275341796875
0 0.2248759765625 0.47568896484375 0.22329638671875 0.48575732421875 0.22012109375 0.48840478515625 0.21535791015625 0.48840478515625 0.21085986328125 0.4860224609375 0.21085986328125 0.48178662109375 0.2129765625 0.4788740234375 0.21668115234375 0.47516796875 0.22144384765625 0.47410888671875
0 0.80806396484375 0.7499951171875 0.8056142578125 0.7569755859375 0.80135107421875 0.76085302734375 0.79514990234375 0.7627919921875 0.789142578125 0.76259814453125 0.7831357421875 0.7598837890625 0.78081005859375 0.7558125 0.78197314453125 0.752904296875 0.7877861328125 0.7424345703125 0.79592529296875 0.74127099609375 0.803482421875 0.742046875 0.80813330078125 0.7453427734375
0 0.77576708984375 0.80275732421875 0.77215966796875 0.8053828125 0.76809033203125 0.8053828125 0.76615283203125 0.8022802734375 0.767896484375 0.7999541015625 0.77196630859375 0.79840283203125 0.7744853515625 0.79956640625
0 0.84154248046875 0.05141357421875 0.84446484375 0.0541005859375 0.84471728515625 0.06167822265625 0.842697265625 0.06597216796875 0.8391630859375 0.0679931640625 0.835880859375 0.0657197265625 0.83487109375 0.0604150390625 0.835880859375 0.05662646484375 0.83891064453125 0.05283740234375
0 0.929056640625 0.125845703125 0.9269267578125 0.127802734375 0.921392578125 0.128541015625 0.91659619140625 0.12577294921875 0.916412109375 0.12189697265625 0.91844091796875 0.11968212890625 0.92379052734375 0.12078955078125 0.92784912109375 0.12392724609375
0 0.57762109375 0.2060009765625 0.5787373046875 0.2116337890625 0.576537109375 0.21449560546875 0.57213671875 0.21493603515625 0.569716796875 0.2138349609375 0.56949658203125 0.2087724609375 0.57103662109375 0.206791015625 0.57389697265625 0.20525048828125
0 0.4142470703125 0.7429580078125 0.40965625 0.74573779296875 0.40481640625 0.745517578125 0.40239599609375 0.74265625 0.40217626953125 0.73869384765625 0.406576171875 0.73649267578125 0.41053662109375 0.73825390625
0 0.4792333984375 0.19873974609375 0.4729443359375 0.199060546875 0.4685439453125 0.1964189453125 0.46744384765625 0.19245654296875 0.4692041015625 0.18915478515625 0.47338427734375 0.18871484375 0.477564453125 0.19025537109375 0.47932470703125 0.1948779296875
0 0.9725185546875 0.99899560546875 0.9842373046875 0.98800927734375 0.9847255859375 0.97824365234375 0.9786220703125 0.97262841796875 0.9742275390625 0.97262841796875 0.9634853515625 0.97848779296875 0.9583583984375 0.98703271484375 0.9586025390625 0.99899560546875
0 0.186451171875 0.41805126953125 0.18365673828125 0.4249501953125 0.180216796875 0.4273330078125 0.1733369140625 0.4297158203125 0.16910302734375 0.42627392578125 0.16857421875 0.418861328125 0.17069091796875 0.41568408203125 0.17730615234375 0.4109189453125 0.185244140625 0.41515478515625
0 0.706005859375 0.12980078125 0.69639111328125 0.133234375 0.6895234375 0.12911376953125 0.69021044921875 0.12018603515625 0.695017578125 0.11331787109375 0.69913818359375 0.11263134765625 0.70394580078125 0.1140048828125 0.70669287109375 0.11812548828125 0.706005859375 0.12568017578125
0 0.65037744140625 0.2699033203125 0.64144921875 0.26440869140625 0.64144921875 0.25822802734375 0.6441962890625 0.2513603515625 0.64625634765625 0.2472392578125 0.65037744140625 0.24792626953125 0.6551845703125 0.25067333984375 0.65861865234375 0.25548095703125 0.6572451171875 0.2623486328125
0 0.14186083984375 0.18997509765625 0.13869775390625 0.1950107421875 0.1340966796875 0.2003408203125 0.12973779296875 0.20058349609375 0.12562109375 0.19840283203125 0.12416796875 0.1945263671875 0.12634765625 0.19113427734375 0.13143310546875 0.18895361328125 0.13676025390625 0.18822705078125
0 0.168234375 0.56879736328125 0.1653349609375 0.5737568359375 0.16024951171875 0.57496826171875 0.1571015625 0.571333984375 0.1585546875 0.5681845703125 0.16097607421875 0.56551904296875 0.1650927734375 0.56551904296875
0 0.16703564453125 0.7713955078125 0.1655771484375 0.77804150390625 0.16267138671875 0.78143359375 0.1583125 0.78022216796875 0.15734375 0.77610302734375 0.157828125 0.7722265625 0.16146044921875 0.77077294921875
0 0.19141162109375 0.820146484375 0.19148779296875 0.8278662109375 0.18785546875 0.8329541015625 0.18349658203125 0.8331962890625 0.1805908203125 0.83053125 0.1810751953125 0.825927734375 0.18446533203125 0.82083984375 0.18688671875 0.81938623046875
0 0.04036181640625 0.8445224609375 0.03602294921875 0.845068359375 0.03311669921875 0.84337255859375 0.03335888671875 0.83901123046875 0.03650732421875 0.834892578125 0.04449853515625 0.8331962890625 0.045951171875 0.8373154296875 0.04401416015625 0.84094970703125
0 0.248814453125 0.81377880859375 0.2562177734375 0.81727392578125 0.2605361328125 0.8226748046875 0.26233544921875 0.8313154296875 0.258376953125 0.83455615234375 0.25081982421875 0.83671630859375 0.2450625 0.83203564453125 0.2450625 0.82411474609375 0.2450625 0.81979443359375
0 0.2014013671875 0.975591796875 0.19269873046875 0.97384814453125 0.18809765625 0.968033203125 0.18809765625 0.9607646484375 0.19269873046875 0.957373046875 0.1970576171875 0.957615234375 0.20214306640625 0.9602802734375 0.204564453125 0.967548828125 0.204564453125 0.97336376953125
0 0.14226025390625 0.998369140625 0.13845556640625 0.9949267578125 0.13942431640625 0.99105029296875 0.142330078125 0.98911181640625 0.14644677734375 0.99080810546875 0.14572021484375 0.9954111328125
0 0.09990283203125 0.975591796875 0.1011630859375 0.9801474609375 0.09922607421875 0.9845087890625 0.09559375 0.987416015625 0.09123486328125 0.987416015625 0.08857080078125 0.98402392578125 0.08953955078125 0.9803896484375 0.0938984375 0.97651318359375
0 0.88272216796875 0.0017626953125 0.88230419921875 0.0096005859375 0.8779453125 0.02219921875 0.8706806640625 0.0248642578125 0.862689453125 0.027529296875 0.8559091796875 0.0251064453125 0.85300341796875 0.0192919921875 0.8554248046875 0.01178076171875 0.85905712890625 0.0054814453125 0.865837890625 0.0006357421875 0.8709228515625 0
0 0.9610439453125 0.0641005859375 0.95620166015625 0.0672470703125 0.9513583984375 0.0670048828125 0.9457890625 0.0621591796875 0.9508740234375 0.059251953125 0.95450634765625 0.05779833984375 0.95741259765625 0.05779833984375 0.961044921875 0.05997900390625
0 0.91109375 0.57079541015625 0.91455078125 0.5723662109375 0.91503515625 0.57648486328125 0.91309765625 0.5818154296875 0.90898095703125 0.5822998046875 0.90728564453125 0.579392578125 0.90728564453125 0.575515625
0 0.9186865234375 0.7466201171875 0.9201201171875 0.75347265625 0.91769873046875 0.758802734375 0.91333984375 0.76316357421875 0.90752783203125 0.76340625 0.90292724609375 0.758318359375 0.9051064453125 0.7508076171875 0.91116064453125 0.74765771484375
0 0.973431640625 0.7118544921875 0.97073095703125 0.71585546875 0.96491943359375 0.7185205078125 0.95717041015625 0.71634033203125 0.95499072265625 0.710767578125 0.95499072265625 0.7061640625 0.95789697265625 0.7032568359375 0.96419287109375 0.70180322265625 0.9697626953125 0.70228759765625 0.97412158203125 0.7051953125
0 0.8987060546875 0.93683056640625 0.899052734375 0.9435380859375 0.895904296875 0.94959521484375 0.89154541015625 0.951048828125 0.88573388671875 0.951291015625 0.88234375 0.9483837890625 0.88234375 0.94256884765625 0.88452294921875 0.9379658203125 0.8876708984375 0.93626953125 0.89251416015625 0.93505810546875
0 0.71369091796875 0.95401318359375 0.71210693359375 0.96093212890625 0.707748046875 0.96383935546875 0.7019365234375 0.96359716796875 0.69709326171875 0.959720703125 0.69685107421875 0.95342138671875 0.7009677734375 0.949544921875 0.707263671875 0.94881787109375 0.71113818359375 0.950513671875
0 0.71209228515625 0.90845849609375 0.706537109375 0.91199072265625 0.7019365234375 0.91174853515625 0.69612451171875 0.90884130859375 0.69515576171875 0.90399560546875 0.6995146484375 0.900361328125 0.70508447265625 0.900361328125 0.708958984375 0.90205712890625 0.71186474609375 0.90496484375
0 0.71229833984375 0.92177099609375 0.71257763671875 0.92633251953125 0.70992529296875 0.93091650390625 0.70558447265625 0.9335703125 0.7005205078125 0.93501806640625 0.69473291015625 0.93091650390625 0.6964208984375 0.92633251953125 0.69883251953125 0.92319580078125 0.703896484375 0.92005908203125 0.7082373046875 0.91981787109375
0 0.8389912109375 0.60605908203125 0.83246484375 0.60679541015625 0.82891796875 0.603873046875 0.8285009765625 0.59928076171875 0.830169921875 0.595732421875 0.83392529296875 0.59531494140625 0.83893212890625 0.5963583984375 0.84122705078125 0.60032470703125
0 0.83141748046875 0.60537060546875 0.82870947265625 0.60930029296875 0.8249541015625 0.61076123046875 0.8203642578125 0.61076123046875 0.81619189453125 0.60763037109375 0.8180693359375 0.60449951171875 0.82078173828125 0.60199462890625 0.82578857421875 0.60095068359375 0.8305869140625 0.602203125
0 0.76635009765625 0.581271484375 0.76653857421875 0.58947900390625 0.76236572265625 0.59198388671875 0.7558984375 0.5907314453125 0.752560546875 0.58697412109375 0.7529775390625 0.58363427734375 0.75694140625 0.57883349609375 0.76194873046875 0.57862451171875
0 0.78321923828125 0.58987841796875 0.78093359375 0.5972021484375 0.77488330078125 0.599498046875 0.76925048828125 0.599498046875 0.76695556640625 0.59448828125 0.7690419921875 0.58947900390625 0.77550927734375 0.58446923828125 0.78135107421875 0.58530419921875
0 0.4326796875 0.65889990234375 0.433966796875 0.66802978515625 0.42916015625 0.6767744140625 0.4230419921875 0.68245849609375 0.4177978515625 0.6833330078125 0.41211669921875 0.681802734375 0.41146142578125 0.675681640625 0.41408349609375 0.6704345703125 0.41670556640625 0.66649951171875 0.41998291015625 0.66059716796875 0.4245712890625 0.656662109375 0.42894140625 0.65709912109375
0 0.67721630859375 0 0.6796240234375 0.00715625 0.6769189453125 0.01372900390625 0.66977001953125 0.01759521484375 0.66397314453125 0.01759521484375 0.6612685546875 0.01314892578125 0.66262109375 0.00580322265625 0.66764453125 0.00097021484375 0.6715087890625 0
0 0.91311572265625 0.782544921875 0.91827587890625 0.78248876953125 0.92334130859375 0.78384033203125 0.92604296875 0.78823291015625 0.924861328125 0.79701806640625 0.91962646484375 0.80242431640625 0.91270361328125 0.80191748046875 0.907806640625 0.79431494140625 0.90679345703125 0.78924658203125 0.91017041015625 0.78451611328125
0 0.39485986328125 0.58601220703125 0.39691259765625 0.5883076171875 0.3970927734375 0.59408056640625 0.394568359375 0.59822998046875 0.39132275390625 0.59841064453125 0.3875361328125 0.59606494140625 0.38717529296875 0.59245703125 0.38969970703125 0.58848779296875
0 0.55632568359375 0.2227578125 0.55473095703125 0.22904248046875 0.5499697265625 0.2335791015625 0.54452880859375 0.2349404296875 0.54180810546875 0.23221826171875 0.54158154296875 0.227681640625 0.54588916015625 0.2220107421875 0.551103515625 0.22019580078125
0 0.89355224609375 0.7505341796875 0.8905859375 0.756958984375 0.88583837890625 0.76355615234375 0.8805634765625 0.761708984375 0.87977197265625 0.75643115234375 0.8808271484375 0.75062548828125 0.8868935546875 0.74587548828125 0.89137744140625 0.74693115234375
0 0.60744775390625 0.8023056640625 0.60337841796875 0.79695263671875 0.60200439453125 0.787787109375 0.602767578125 0.78442626953125 0.60918017578125 0.78274609375 0.61421875 0.78610693359375 0.61314990234375 0.79618896484375 0.61085986328125 0.8013828125
0 0.62105322265625 0.82523291015625 0.6137607421875 0.82246337890625 0.60963818359375 0.81894970703125 0.6105546875 0.81604736328125 0.61269189453125 0.8140615234375 0.61605078125 0.8143671875 0.620478515625 0.81742236328125 0.62246337890625 0.82215771484375
0 0.4570576171875 0.645326171875 0.4574228515625 0.648873046875 0.45279248046875 0.65669140625 0.4494638671875 0.65582275390625 0.44584619140625 0.652203125 0.44642529296875 0.64771484375 0.45062158203125 0.64409521484375 0.45366064453125 0.6432265625
0 0.79977685546875 0.3660126953125 0.7956572265625 0.36422265625 0.7949921875 0.3602294921875 0.79587890625 0.3526875 0.80009130859375 0.34958203125 0.80541259765625 0.3509130859375 0.81117724609375 0.35357470703125 0.81228564453125 0.3597861328125 0.8089599609375 0.36555322265625 0.80474755859375 0.368880859375 0.8012001953125 0.367328125
0 0.22226318359375 0.2257841796875 0.2169755859375 0.22698681640625 0.2119287109375 0.2255439453125 0.21096728515625 0.22193701171875 0.21601416015625 0.21881103515625 0.22058056640625 0.2195322265625 0.22298388671875 0.22217724609375
0 0.159294921875 0.26430029296875 0.16001611328125 0.2676669921875 0.1571318359375 0.27055224609375 0.15376708984375 0.27079296875 0.15112353515625 0.26622412109375 0.15304638671875 0.26333837890625 0.15568994140625 0.262857421875
0 0.3688369140625 0.24882861328125 0.3618984375 0.2450634765625 0.361658203125 0.24121630859375 0.36358056640625 0.23833056640625 0.36718603515625 0.23929248046875 0.37247314453125 0.241697265625 0.37439599609375 0.246025390625 0.37199267578125 0.24867041015625
0 0.1472783203125 0.5491748046875 0.14439404296875 0.5532626953125 0.1383857421875 0.55350341796875 0.13742431640625 0.5489345703125 0.14199072265625 0.54628955078125 0.14535546875 0.54628955078125
0 0.23597705078125 0.69063720703125 0.232837890625 0.699484375 0.22731005859375 0.7028505859375 0.22226318359375 0.7016484375 0.2215419921875 0.69828173828125 0.22346484375 0.6922705078125 0.22682958984375 0.68962548828125 0.2304345703125 0.6884228515625 0.23355908203125 0.6881826171875
0 0.3343330078125 0.7414013671875 0.32897216796875 0.74403271484375 0.325126953125 0.7435517578125 0.3229638671875 0.74162841796875 0.3229638671875 0.73850244140625 0.325126953125 0.73681884765625 0.32897216796875 0.73609765625 0.3320966796875 0.736337890625 0.33498095703125 0.73754052734375
0 0.17450439453125 0.67556640625 0.1701103515625 0.67646337890625 0.1657841796875 0.6726162109375 0.1655439453125 0.66708544921875 0.168908203125 0.66516162109375 0.17203271484375 0.66516162109375 0.17395556640625 0.6687685546875 0.17443603515625 0.67189453125
0 0.0595556640625 0.85564892578125 0.04994189453125 0.85059912109375 0.048740234375 0.84434716796875 0.05234521484375 0.84242333984375 0.05907470703125 0.844587890625 0.062439453125 0.84939697265625 0.0626796875 0.85348486328125
0 0.37875146484375 0.9285947265625 0.37559765625 0.9338623046875 0.37151171875 0.93578564453125 0.365984375 0.9341025390625 0.362138671875 0.93049560546875 0.36093701171875 0.92640771484375 0.36334033203125 0.92207958984375 0.366705078125 0.92063671875 0.37151171875 0.920876953125 0.37727978515625 0.92448388671875
0 0.37518212890625 0.9488212890625 0.3688681640625 0.94925146484375 0.3638212890625 0.9463662109375 0.36069677734375 0.94203759765625 0.36021630859375 0.93987353515625 0.362138671875 0.93650732421875 0.36766650390625 0.9362666015625 0.37151171875 0.9381904296875 0.37487646484375 0.94107568359375 0.37631884765625 0.94396142578125
0 0.1340517578125 0.973806640625 0.1251669921875 0.9694501953125 0.121802734375 0.96464111328125 0.12084130859375 0.95862939453125 0.12324462890625 0.9526181640625 0.12997412109375 0.95333935546875 0.1340595703125 0.9581484375 0.13550146484375 0.96464111328125 0.13550146484375 0.97065234375
0 0.7436201171875 0.81358203125 0.74181298828125 0.81919970703125 0.73484326171875 0.82016162109375 0.73051708984375 0.81583349609375 0.7307578125 0.8115048828125 0.7338818359375 0.8091005859375 0.7386884765625 0.80958154296875
0 0.68845849609375 0.78986376953125 0.6918232421875 0.79611572265625 0.6918232421875 0.80164599609375 0.68701611328125 0.80405078125 0.681248046875 0.8006845703125 0.68004638671875 0.7965966796875 0.68004638671875 0.7905849609375 0.6824501953125 0.78769970703125 0.685333984375 0.787458984375
0 0.76582958984375 0.834998046875 0.76224169921875 0.839158203125 0.7567138671875 0.839158203125 0.75599267578125 0.8362724609375 0.75767529296875 0.8341083984375 0.76055908203125 0.83338720703125 0.763203125 0.83362744140625
0 0.5254921875 0.68151513671875 0.52551025390625 0.68876416015625 0.5211845703125 0.69164990234375 0.5166181640625 0.69020703125 0.51517578125 0.6846767578125 0.5173388671875 0.68106982421875 0.52094384765625 0.67938623046875
0 0.48265966796875 0.27302099609375 0.48176904296875 0.27834814453125 0.47936572265625 0.28171435546875 0.4762412109375 0.28339794921875 0.47167529296875 0.28027197265625 0.4709541015625 0.27522216796875 0.472876953125 0.26897021484375 0.4752802734375 0.26680615234375 0.478404296875 0.2665654296875 0.4805673828125 0.2684892578125
0 0.620443359375 0.49548388671875 0.61659765625 0.50029345703125 0.6093876953125 0.502216796875 0.60746484375 0.4988505859375 0.6086669921875 0.49524365234375 0.6139541015625 0.49163671875 0.61755908203125 0.491876953125
0 0.5278720703125 0.49392529296875 0.51926171875 0.49428173828125 0.514935546875 0.491396484375 0.51349365234375 0.48514453125 0.514455078125 0.481056640625 0.519021484375 0.4781708984375 0.52502978515625 0.4800947265625 0.52959619140625 0.485384765625 0.5305576171875 0.489712890625
0 0.67668212890625 0.518830078125 0.67043310546875 0.5197919921875 0.667068359375 0.517146484375 0.66778955078125 0.512578125 0.671634765625 0.50993310546875 0.67499951171875 0.510654296875 0.6783642578125 0.51522314453125
0 0.6512060546875 0.49141748046875 0.648802734375 0.495986328125 0.64471728515625 0.495986328125 0.6413525390625 0.49358154296875 0.64207373046875 0.4890126953125 0.6463994140625 0.4890126953125
0 0.7087197265625 0.4717158203125 0.7060029296875 0.4777109375 0.7011962890625 0.4803564453125 0.69807177734375 0.47939453125 0.69759130859375 0.47602783203125 0.69999462890625 0.47169970703125 0.70239794921875 0.46977587890625 0.70528173828125 0.469294921875
0 0.713212890625 0.46039794921875 0.7146552734375 0.46544775390625 0.713212890625 0.46977587890625 0.70888720703125 0.4702568359375 0.7060029296875 0.4680927734375 0.7064833984375 0.46472607421875 0.708166015625 0.46135986328125 0.7103291015625 0.46039794921875
0 0.483453125 0.4360224609375 0.47672216796875 0.43729248046875 0.47239599609375 0.43392626953125 0.47167529296875 0.43128125 0.47503955078125 0.42695263671875 0.4781640625 0.42575048828125 0.48128857421875 0.4264716796875 0.48417236328125 0.42887646484375 0.48345166015625 0.435369140625
0 0.72061767578125 0.41976171875 0.712732421875 0.42310546875 0.704080078125 0.4199794921875 0.703599609375 0.4137275390625 0.70888720703125 0.41132275390625 0.71441455078125 0.41132275390625 0.7197021484375 0.413005859375 0.721625 0.41541064453125
0 0.717779296875 0.32206982421875 0.713212890625 0.3208671875 0.71225146484375 0.314615234375 0.7151357421875 0.31052734375 0.71922119140625 0.31052734375 0.722345703125 0.3136533203125 0.721865234375 0.31894384765625
0 0.64169482421875 0.24089697265625 0.639669921875 0.2451220703125 0.63534423828125 0.24536279296875 0.6324599609375 0.24223681640625 0.63390185546875 0.23935107421875 0.6365458984375 0.2386298828125 0.638708984375 0.2386298828125
0 0.54834228515625 0.07238671875 0.54834228515625 0.07719580078125 0.547380859375 0.08224560546875 0.5430546875 0.0839287109375 0.538248046875 0.08296728515625 0.53632568359375 0.07984130859375 0.53848876953125 0.07406982421875 0.54089208984375 0.07286767578125 0.54353564453125 0.07238671875
0 0.8273017578125 0.01999267578125 0.8256923828125 0.02517333984375 0.8211259765625 0.02493310546875 0.81872265625 0.02180712890625 0.81872265625 0.019642578125 0.8211259765625 0.01675732421875 0.824009765625 0.0165166015625
0 0.787642578125 0.15404248046875 0.7797880859375 0.15171923828125 0.77666357421875 0.14739111328125 0.77834619140625 0.14450537109375 0.78098974609375 0.1442646484375 0.78579638671875 0.14450537109375 0.7889208984375 0.14642919921875 0.79036279296875 0.151478515625
0 0.82174951171875 0.57007177734375 0.81992431640625 0.576845703125 0.81607861328125 0.58237646484375 0.8071865234375 0.58526220703125 0.80045703125 0.58526220703125 0.79661181640625 0.58093359375 0.79637109375 0.574681640625 0.800216796875 0.570353515625 0.80454248046875 0.56770849609375 0.8119931640625 0.566025390625 0.8167998046875 0.566025390625 0.81872265625 0.566505859375
0 0.9412939453125 0.65309326171875 0.943216796875 0.655978515625 0.9415341796875 0.66223046875 0.93841015625 0.66559716796875 0.93432421875 0.66583740234375 0.9314404296875 0.6639140625 0.92927734375 0.66054736328125 0.93023828125 0.6567001953125 0.9324013671875 0.651890625 0.9367275390625 0.651650390625
0 0.89659130859375 0.856869140625 0.8910634765625 0.8561474609375 0.887939453125 0.85326220703125 0.88697802734375 0.8498955078125 0.8881796875 0.84701025390625 0.89178466796875 0.84676953125 0.89635107421875 0.8498955078125 0.89827392578125 0.8518193359375 0.89899462890625 0.85518603515625
0 0.7363017578125 0.6907822265625 0.738017578125 0.69833642578125 0.73664501953125 0.707951171875 0.72497802734375 0.7161923828125 0.709193359375 0.71378857421875 0.69889892578125 0.7017705078125 0.700271484375 0.6918125 0.7129677734375 0.68391455078125 0.72669384765625 0.68322802734375 0.73252734375 0.6852880859375
0 0.70276171875 0.667923828125 0.700271484375 0.6774130859375 0.69409521484375 0.6863408203125 0.68551611328125 0.6918349609375 0.67831005859375 0.69217822265625 0.675908203125 0.6863408203125 0.6810556640625 0.674322265625 0.6910068359375 0.667111328125 0.69718310546875 0.66573779296875
0 0.84279931640625 0.68388427734375 0.83306884765625 0.683638671875 0.82757861328125 0.67814453125 0.82826513671875 0.67299365234375 0.83203955078125 0.6681865234375 0.83650048828125 0.66784326171875 0.8406181640625 0.66921630859375 0.84542236328125 0.67402392578125 0.84542236328125 0.67848779296875
0 0.70173193359375 0.634458984375 0.704732421875 0.639365234375 0.70438916015625 0.64520263671875 0.7009580078125 0.6510400390625 0.69478125 0.6527568359375 0.68963427734375 0.64966650390625 0.689291015625 0.64314208984375 0.69340869140625 0.635587890625
0 0.9833515625 0.608716796875 0.97410205078125 0.61399951171875 0.9638076171875 0.61434326171875 0.957630859375 0.611939453125 0.955572265625 0.60678857421875 0.96415087890625 0.60301171875 0.97341552734375 0.60060791015625 0.98165087890625 0.6019814453125
0 0.96018359375 0.62725146484375 0.951111328125 0.63116845703125 0.94321875 0.630138671875 0.9404736328125 0.62464453125 0.94562060546875 0.615373046875 0.952140625 0.611939453125 0.9603759765625 0.61331298828125 0.96243505859375 0.61777685546875
0 0.7305634765625 0.44190771484375 0.7218896484375 0.43995166015625 0.7163994140625 0.43514453125 0.71674267578125 0.42999365234375 0.720173828125 0.42827685546875 0.72600732421875 0.42930712890625 0.73389990234375 0.43274072265625 0.73561572265625 0.43720458984375 0.73492919921875 0.440638671875
0 0.98077734375 0.41204638671875 0.97581787109375 0.40561376953125 0.97513134765625 0.40011962890625 0.97890576171875 0.39393896484375 0.984396484375 0.3925654296875 0.98988671875 0.39565576171875 0.9926318359375 0.4014931640625 0.99057275390625 0.4087041015625 0.98576904296875 0.41282470703125
0 0.9009765625 0.28539501953125 0.88419775390625 0.28375927734375 0.87905078125 0.2789521484375 0.87870751953125 0.27208447265625 0.8828251953125 0.26762060546875 0.893462890625 0.26693359375 0.90135498046875 0.2707109375 0.907875 0.2751748046875 0.90856103515625 0.2806689453125
0 0.42114208984375 0.39145263671875 0.41957861328125 0.40016455078125 0.4137451171875 0.402568359375 0.40859765625 0.402568359375 0.4065390625 0.39844775390625 0.4092841796875 0.39364013671875 0.41443115234375 0.38986328125 0.41751953125 0.38986328125
0 0.44122119140625 0.11549658203125 0.4336474609375 0.114197265625 0.4291865234375 0.1100771484375 0.4281572265625 0.10561328125 0.43158837890625 0.1008056640625 0.437421875 0.1008056640625 0.44325537109375 0.1045830078125 0.4446279296875 0.109046875
0 0.9287783203125 0.03054736328125 0.9250322265625 0.04723876953125 0.9195419921875 0.056853515625 0.9061591796875 0.06612451171875 0.89963916015625 0.06990185546875 0.89140380859375 0.071275390625 0.8855703125 0.06955810546875 0.88419775390625 0.06337744140625 0.88865869140625 0.05101611328125 0.898953125 0.03556396484375 0.9106201171875 0.0232021484375 0.9216005859375 0.01908154296875 0.9294931640625 0.0197685546875 0.9294931640625 0.0249189453125
0 0.49481005859375 0.02320458984375 0.48863330078125 0.02560791015625 0.48314306640625 0.0235478515625 0.4817705078125 0.019083984375 0.4841728515625 0.01496337890625 0.48931982421875 0.01427685546875 0.492408203125 0.0163369140625
0 0.5230810546875 0.01973583984375 0.51985986328125 0.024578125 0.5129970703125 0.02560791015625 0.5085361328125 0.024234375 0.5085361328125 0.0201142578125 0.5129970703125 0.0170234375 0.5184873046875 0.01564990234375 0.52191845703125 0.01668017578125
0 0.41290478515625 0.2143466796875 0.40627880859375 0.21272705078125 0.40490576171875 0.207576171875 0.40730810546875 0.20379931640625 0.4107392578125 0.2031123046875 0.414857421875 0.2048291015625 0.41588671875 0.20929296875
0 0.5220517578125 0.279216796875 0.5184873046875 0.28856884765625 0.51093798828125 0.288912109375 0.50819287109375 0.28341796875 0.5095654296875 0.27792431640625 0.51608544921875 0.27792431640625
0 0.39025146484375 0.32143408203125 0.38740576171875 0.328744140625 0.38294482421875 0.3332080078125 0.3764248046875 0.33458154296875 0.37299365234375 0.33286474609375 0.37162060546875 0.3294306640625 0.3736796875 0.324966796875 0.3764248046875 0.32118994140625 0.381572265625 0.31912939453125 0.38500341796875 0.3170693359375 0.388091796875 0.3170693359375
0 0.1184140625 0.413076171875 0.117349609375 0.42040380859375 0.10842822265625 0.42418115234375 0.1029375 0.4190302734375 0.10499658203125 0.41113232421875 0.10842822265625 0.40769873046875 0.1135751953125 0.40666845703125
0 0.43349853515625 0.43161083984375 0.4320146484375 0.438923828125 0.4275537109375 0.442701171875 0.42274951171875 0.442357421875 0.421376953125 0.43858056640625 0.42377880859375 0.43377294921875 0.42789697265625 0.43205615234375
0 0.41290478515625 0.51192626953125 0.4107392578125 0.52060302734375 0.4052490234375 0.524037109375 0.39804296875 0.52060302734375 0.395984375 0.516482421875 0.39667041015625 0.51133203125 0.399072265625 0.50618115234375 0.4042197265625 0.50377734375 0.4097099609375 0.5075546875
0 0.0906123046875 0.47897607421875 0.0936728515625 0.4821220703125 0.09435888671875 0.48624267578125 0.09195703125 0.4896767578125 0.08612353515625 0.49036328125 0.0837216796875 0.48658642578125 0.08269189453125 0.481435546875 0.0857802734375 0.47971875
0 0.0360390625 0.66123095703125 0.0360244140625 0.66715869140625 0.0315634765625 0.671279296875 0.026416015625 0.67230908203125 0.0236708984375 0.66990576171875 0.0236708984375 0.6647548828125 0.02538671875 0.66166455078125 0.0305341796875 0.65788720703125 0.03293603515625 0.65788720703125
0 0.2620556640625 0.528916015625 0.26147119140625 0.53358447265625 0.25598095703125 0.53701806640625 0.250490234375 0.53633154296875 0.2456865234375 0.533927734375 0.245 0.53083740234375 0.24740185546875 0.52706005859375 0.25254931640625 0.52534326171875 0.2556376953125 0.52534326171875 0.2583828125 0.526716796875
0 0.0509697265625 0.89805908203125 0.04220068359375 0.8967890625 0.03842626953125 0.8923251953125 0.037740234375 0.88477099609375 0.04117138671875 0.8833974609375 0.0470048828125 0.88374072265625 0.0504365234375 0.88580078125 0.05352490234375 0.89095166015625
0 0.3024208984375 0.85744482421875 0.30803125 0.86200634765625 0.31083642578125 0.8697255859375 0.3090830078125 0.8799013671875 0.3017197265625 0.88551513671875 0.2943564453125 0.88165576171875 0.29190185546875 0.87533984375 0.29225244140625 0.86797119140625 0.29470703125 0.85919921875 0.29821337890625 0.85709423828125
0 0.31302294921875 0.34739404296875 0.3143427734375 0.3558720703125 0.308732421875 0.36359130859375 0.29786279296875 0.36113525390625 0.2957587890625 0.35236328125 0.29891455078125 0.3478017578125 0.30487548828125 0.3446435546875
0 0.24883984375 0 0.24877294921875 0.00721337890625 0.24351318359375 0.01809033203125 0.23474755859375 0.02159912109375 0.2249296875 0.0149326171875 0.2207216796875 0.0079150390625 0.22037109375 0
0 0.955224609375 0.1149296875 0.94575732421875 0.10896484375 0.9422509765625 0.10054345703125 0.94540673828125 0.0914208984375 0.95171826171875 0.087912109375 0.95767919921875 0.0893154296875 0.96293896484375 0.0942275390625 0.96504248046875 0.10089453125 0.96364013671875 0.1114208984375
0 0.8364814453125 0.1674716796875 0.83565625 0.17628759765625 0.8293447265625 0.18927001953125 0.818474609375 0.196638671875 0.8100595703125 0.19769091796875 0.80725439453125 0.1910244140625 0.809708984375 0.18084912109375 0.81426708984375 0.1710244140625 0.81952685546875 0.1650595703125 0.82583837890625 0.1629541015625 0.83214990234375 0.162603515625
0 0.96800341796875 0.475759765625 0.97170458984375 0.48674609375 0.96925048828125 0.49902685546875 0.961185546875 0.51271142578125 0.95312060546875 0.5123603515625 0.94505615234375 0.5085009765625 0.93839404296875 0.50288671875 0.93348486328125 0.49060595703125 0.93769287109375 0.4772724609375 0.9436533203125 0.47060595703125 0.95592578125 0.4702548828125 0.96328955078125 0.4723603515625
0 0.9632685546875 0.3984248046875 0.9555751953125 0.4081494140625 0.9541728515625 0.41586865234375 0.9541728515625 0.42499169921875 0.95943212890625 0.42850048828125 0.9667958984375 0.4288515625 0.9734580078125 0.42499169921875 0.97801611328125 0.4172724609375 0.97731494140625 0.40955322265625 0.973107421875 0.4021845703125 0.97030224609375 0.397623046875
0 0.6182587890625 0.52246728515625 0.61860986328125 0.5333447265625 0.6161552734375 0.54211669921875 0.60773974609375 0.54702880859375 0.60212939453125 0.54597607421875 0.59406494140625 0.542818359375 0.591259765625 0.53650244140625 0.591259765625 0.526677734375 0.598623046875 0.51895849609375 0.60703857421875 0.5172041015625 0.61405126953125 0.518607421875
0 0.931703125 0.70092578125 0.9222646484375 0.7104921875 0.91314794921875 0.7161064453125 0.903330078125 0.7161064453125 0.89596630859375 0.71329931640625 0.89526513671875 0.70628173828125 0.8991220703125 0.69540478515625 0.90648583984375 0.6866328125 0.9184072265625 0.68172021484375 0.92612158203125 0.6810185546875 0.93348486328125 0.68277294921875 0.935939453125 0.69189599609375
0 0.8438466796875 0.8024609375 0.83863623046875 0.8165869140625 0.83092236328125 0.828166015625 0.81935107421875 0.82886767578125 0.8151435546875 0.8186923828125 0.81303955078125 0.80079736328125 0.8158447265625 0.78781494140625 0.82496142578125 0.782201171875 0.83828564453125 0.77939404296875 0.84599951171875 0.78535888671875 0.848103515625 0.78886767578125 0.8470517578125 0.79728857421875
0 0.77902734375 0.645732421875 0.76920947265625 0.65064453125 0.7597421875 0.64748681640625 0.75833935546875 0.6422236328125 0.7614951171875 0.63345166015625 0.7674560546875 0.6309951171875 0.7734169921875 0.63239892578125 0.7786767578125 0.6380126953125
0 0.85805078125 0.9255654296875 0.8530126953125 0.94147705078125 0.8424931640625 0.95831884765625 0.8281171875 0.9653369140625 0.816896484375 0.96393310546875 0.81233837890625 0.954810546875 0.815494140625 0.94603857421875 0.82355859375 0.9341083984375 0.8358310546875 0.92498583984375 0.8431943359375 0.92147705078125 0.8537138671875 0.92077490234375
0 0.3025009765625 0.83665673828125 0.29190625 0.85726025390625 0.279984375 0.874453125 0.27016650390625 0.8860322265625 0.25894580078125 0.89024267578125 0.25263427734375 0.8881376953125 0.25053076171875 0.87866357421875 0.2550888671875 0.86111962890625 0.26350439453125 0.85059326171875 0.27262109375 0.8348037109375 0.286646484375 0.8249794921875 0.29471142578125 0.8239267578125 0.3003212890625 0.8288388671875
0 0.367736328125 0.31214599609375 0.36448876953125 0.323078125 0.35151513671875 0.33325390625 0.33889208984375 0.33781494140625 0.3308271484375 0.33921875 0.32591845703125 0.3357099609375 0.32802197265625 0.32939404296875 0.33398291015625 0.32237646484375 0.33959326171875 0.31711328125 0.34520361328125 0.3125517578125 0.35291748046875 0.30974462890625 0.362384765625 0.3086923828125
0 0.44033642578125 0.27689794921875 0.4397861328125 0.2825576171875 0.4345263671875 0.28817138671875 0.4278642578125 0.28782080078125 0.4233056640625 0.2836103515625 0.42400732421875 0.2765927734375 0.4331240234375 0.27203125 0.43663037109375 0.27203125
0 0.7381025390625 0.33476806640625 0.733623046875 0.3425576171875 0.7234541015625 0.348171875 0.71433740234375 0.3485224609375 0.7101298828125 0.34220703125 0.7160908203125 0.33238232421875 0.72450634765625 0.32922412109375 0.73081787109375 0.328171875 0.735025390625 0.3285224609375
0 0.58937109375 0.8484375 0.59164892578125 0.855927734375 0.59164892578125 0.86341796875 0.58514013671875 0.86830322265625 0.57863134765625 0.86830322265625 0.57114599609375 0.858533203125 0.5727734375 0.8516943359375 0.57700390625 0.846158203125 0.58286181640625 0.8455068359375
0 0.26392919921875 0.8028662109375 0.2570947265625 0.80644873046875 0.2476572265625 0.80807666015625 0.2414736328125 0.80254052734375 0.24440283203125 0.79635302734375 0.25351513671875 0.79439892578125 0.26034912109375 0.79602734375 0.2642548828125 0.7979814453125 0.2658818359375 0.80254052734375
0 0.607421875 0.13639306640625 0.60303955078125 0.14198388671875 0.5949033203125 0.1449150390625 0.58741845703125 0.14621728515625 0.58221142578125 0.14328662109375 0.5844892578125 0.1367734375 0.5906728515625 0.13253955078125 0.59783251953125 0.13123681640625 0.60434130859375 0.13188818359375
0 0.310546875 0.32779931640625 0.30786376953125 0.3351015625 0.30037890625 0.3396611328125 0.2941953125 0.34096337890625 0.2902900390625 0.33998681640625 0.29126611328125 0.33119384765625 0.29647314453125 0.32565771484375 0.30168017578125 0.32174951171875 0.30623681640625 0.32109814453125 0.31046728515625 0.32305224609375
0 0.75902001953125 0.12897705078125 0.7518603515625 0.1335361328125 0.74209716796875 0.13581591796875 0.7378662109375 0.13321044921875 0.73721533203125 0.12702294921875 0.74014453125 0.124091796875 0.746978515625 0.12344091796875 0.75543994140625 0.12344091796875
0 0.89404296875 0.87272119140625 0.88887109375 0.88617041015625 0.8781318359375 0.89235791015625 0.87097216796875 0.8933349609375 0.865439453125 0.89105517578125 0.86478857421875 0.88421630859375 0.86836865234375 0.8783544921875 0.875853515625 0.872818359375 0.8849658203125 0.86988720703125 0.88952197265625 0.86923583984375
0 0.9892578125 0.92594384765625 0.98747998046875 0.938927734375 0.98227294921875 0.94674365234375 0.97576416015625 0.9470693359375 0.9712080078125 0.94218408203125 0.96990625 0.93664794921875 0.973486328125 0.92883203125 0.97934423828125 0.9245986328125 0.98487646484375 0.92427294921875
0 0.650390625 0.76090478515625 0.64771875 0.77125390625 0.63925732421875 0.778744140625 0.63307421875 0.77125390625 0.63307421875 0.763763671875 0.63828125 0.75725048828125 0.64348828125 0.75594775390625 0.6473935546875 0.75725048828125
0 0.72973046875 0.80642578125 0.72289599609375 0.80642578125 0.7160615234375 0.79958642578125 0.7160615234375 0.7907939453125 0.7232216796875 0.7894912109375 0.7274521484375 0.7907939453125 0.7310322265625 0.79958642578125
0 0.77180029296875 0.06189111328125 0.76901611328125 0.072490234375 0.76299560546875 0.0795185546875 0.7529619140625 0.0832001953125 0.744265625 0.07918408203125 0.74526904296875 0.06680029296875 0.74928271484375 0.05341259765625 0.75697509765625 0.05207373046875 0.76466796875 0.0564248046875
0 0.2212451171875 0.8985126953125 0.2264375 0.90048974609375 0.22728369140625 0.9068369140625 0.22347705078125 0.90979931640625 0.21967041015625 0.91022265625 0.2171328125 0.90514453125
0 0.264810546875 0.44459912109375 0.2646162109375 0.44809716796875 0.26168603515625 0.45260693359375 0.25740380859375 0.453734375 0.25424853515625 0.45057763671875 0.2549248046875 0.445841796875 0.2589814453125 0.4444892578125
0 0.3154296875 0.27018212890625 0.3146982421875 0.281955078125 0.30786376953125 0.28781689453125 0.29940234375 0.28423486328125 0.29647314453125 0.27739599609375 0.30102978515625 0.266974609375 0.308189453125 0.26534619140625 0.312419921875 0.265671875
0 0.28470849609375 0.271494140625 0.283775390625 0.2799619140625 0.27965771484375 0.28854638671875 0.27382421875 0.29163671875 0.26867724609375 0.29060693359375 0.2655888671875 0.2816787109375 0.26799072265625 0.27069091796875 0.27142236328125 0.26313623046875 0.27759912109375 0.26279296875 0.2820595703125 0.26588330078125
0 0.3000888671875 0.25910693359375 0.29716455078125 0.26755078125 0.28679638671875 0.27056298828125 0.277765625 0.26353466796875 0.279103515625 0.25349365234375 0.28813427734375 0.24914306640625 0.29649560546875 0.2531591796875
0 0.406474609375 0.15824072265625 0.40103173828125 0.1705224609375 0.4083896484375 0.19026904296875 0.4231064453125 0.19897119140625 0.43581591796875 0.1926123046875 0.4401640625 0.18290625 0.4394951171875 0.1742041015625 0.4257822265625 0.1618203125 0.41273779296875 0.15880810546875
0 0.42377880859375 0.24878173828125 0.42823974609375 0.251185546875 0.43064208984375 0.2556494140625 0.42892626953125 0.26045654296875 0.42377880859375 0.26114306640625 0.41828857421875 0.26045654296875 0.4152001953125 0.25770947265625 0.41554345703125 0.2535888671875 0.4179453125 0.2501552734375
0 0.5143955078125 0.23968505859375 0.51027490234375 0.2444921875 0.5034072265625 0.24243212890625 0.5034072265625 0.2383115234375 0.509587890625 0.23419091796875 0.51508203125 0.23419091796875
0 0.16672314453125 0.1949228515625 0.1576923828125 0.21734716796875 0.14163818359375 0.2143349609375 0.14197265625 0.202955078125 0.14966552734375 0.186220703125 0.1570234375 0.18454736328125 0.16404736328125 0.18822900390625
0 0.24689599609375 0.35344921875 0.24647216796875 0.3647158203125 0.2391142578125 0.37007080078125 0.22941455078125 0.37140966796875 0.22606982421875 0.36739306640625 0.22941455078125 0.3596953125 0.23576953125 0.35534423828125 0.239783203125 0.3533359375
0 0.3093583984375 0.46089794921875 0.308689453125 0.467591796875 0.30634814453125 0.472947265625 0.302 0.47662890625 0.2959794921875 0.47462060546875 0.2946416015625 0.46826123046875 0.297986328125 0.46123291015625 0.3026689453125 0.45855517578125 0.306013671875 0.458220703125
0 0.45113671875 0.404634765625 0.44885498046875 0.41625048828125 0.43681396484375 0.425287109375 0.41774951171875 0.42495263671875 0.41172900390625 0.4142421875 0.42176318359375 0.401189453125 0.43280078125 0.3914833984375 0.4404931640625 0.3924873046875 0.44751708984375 0.39817724609375
0 0.71868603515625 0.60249072265625 0.7221416015625 0.61360595703125 0.72141259765625 0.62673828125 0.71290673828125 0.6371953125 0.69710986328125 0.63257470703125 0.69224951171875 0.61749658203125 0.69516552734375 0.60898486328125 0.70707421875 0.6033916015625 0.7153369140625 0.601203125
0 0.64344140625 0.4087587890625 0.6450322265625 0.42094921875 0.6362802734375 0.43745458984375 0.6143994140625 0.444865234375 0.59655859375 0.44385498046875 0.595548828125 0.42802294921875 0.60160791015625 0.41320166015625 0.61641943359375 0.4041064453125 0.63459716796875 0.40073828125 0.64132958984375 0.4041064453125
0 0.4046591796875 0.8647705078125 0.402826171875 0.87531103515625 0.39503564453125 0.8785185546875 0.38816162109375 0.8762275390625 0.384037109375 0.87210302734375 0.384037109375 0.86431201171875 0.38724462890625 0.85881298828125 0.39320263671875 0.85606298828125 0.3996181640625 0.85606298828125 0.404201171875 0.86064599609375
0 0.114111328125 0.556349609375 0.11640283203125 0.5618486328125 0.112736328125 0.57009765625 0.10173779296875 0.57101416015625 0.09623828125 0.56459814453125 0.09761328125 0.55726611328125 0.1031123046875 0.55451611328125 0.10998681640625 0.55405810546875
0 0.14069140625 0.87439404296875 0.13473388671875 0.87576904296875 0.130609375 0.8711865234375 0.13152587890625 0.86706201171875 0.134275390625 0.86568701171875 0.13794189453125 0.86568701171875 0.14069140625 0.87026953125
0 0.37395458984375 0.7552421875 0.371205078125 0.7621162109375 0.36341455078125 0.7685322265625 0.35608203125 0.76990673828125 0.3464580078125 0.760283203125 0.34325 0.7456181640625 0.35058251953125 0.738744140625 0.361123046875 0.73645263671875 0.3675390625 0.74241015625 0.37212158203125 0.7506591796875
0 0.7089560546875 0.75661669921875 0.70849755859375 0.7634912109375 0.7075810546875 0.7685322265625 0.70162353515625 0.771740234375 0.69474951171875 0.7671572265625 0.694291015625 0.75936669921875 0.69658251953125 0.75340869140625 0.70162353515625 0.75157568359375 0.70528955078125 0.75340869140625
0 0.83441845703125 0.44017626953125 0.82417138671875 0.45583740234375 0.811876953125 0.46596923828125 0.801751953125 0.47139697265625 0.79452001953125 0.47067333984375 0.79090380859375 0.4670546875 0.7923505859375 0.457646484375 0.80102880859375 0.4471533203125 0.81151513671875 0.43557421875 0.82164013671875 0.42942236328125 0.82778759765625 0.4283369140625 0.83212646484375 0.43050830078125 0.83501953125 0.4362978515625
0 0.984380859375 0.26396826171875 0.97704833984375 0.26396826171875 0.9697158203125 0.26076025390625 0.96879931640625 0.25434423828125 0.9724658203125 0.24930322265625 0.9788818359375 0.24747021484375 0.9862138671875 0.25251123046875 0.98850537109375 0.25755224609375 0.989421875 0.262134765625
0 0.85881298828125 0.27084228515625 0.8601875 0.27909130859375 0.85560498046875 0.2813828125 0.84781396484375 0.27954931640625 0.845064453125 0.274966796875 0.84552294921875 0.26992578125 0.84918896484375 0.26717578125 0.8546884765625 0.26763427734375
0 0.93901123046875 0.11319482421875 0.9408447265625 0.11869384765625 0.93992822265625 0.1246513671875 0.93488671875 0.125568359375 0.93167919921875 0.1246513671875 0.93076220703125 0.1209853515625 0.93213720703125 0.1145693359375 0.93488671875 0.11181982421875
0 0.04536962890625 0.328126953125 0.044453125 0.3377509765625 0.039412109375 0.34325 0.03253759765625 0.34325 0.02703857421875 0.33866748046875 0.02703857421875 0.33041845703125 0.03024658203125 0.3244609375 0.0362041015625 0.32354443359375 0.04261962890625 0.3249189453125
0 0.0284130859375 0.5985107421875 0.03162109375 0.60446875 0.03162109375 0.61042626953125 0.02887158203125 0.61409228515625 0.0233720703125 0.6127177734375 0.0215390625 0.60905126953125 0.02199755859375 0.60263525390625 0.02428857421875 0.5985107421875
0 0.055837890625 0.65493798828125 0.056416015625 0.66184912109375 0.0513408203125 0.665234375 0.04457373046875 0.665234375 0.045419921875 0.6597333984375 0.04922607421875 0.6546552734375
0 0.20805810546875 0.61913330078125 0.20805810546875 0.6232578125 0.20485009765625 0.62692431640625 0.19935107421875 0.6264658203125 0.197517578125 0.62417431640625 0.1984345703125 0.61867529296875 0.20118408203125 0.61592529296875 0.20530859375 0.6163837890625
0 0.059576171875 0.95688427734375 0.06186767578125 0.9610087890625 0.06186767578125 0.96513330078125 0.06049267578125 0.97017431640625 0.0577431640625 0.972923828125 0.0527021484375 0.97154931640625 0.049494140625 0.97017431640625 0.04720263671875 0.96650830078125 0.0462861328125 0.96055029296875 0.049494140625 0.95642578125 0.05316015625 0.9545927734375
0 0.2657373046875 0.07329150390625 0.2607451171875 0.07298681640625 0.2597763671875 0.0686259765625 0.2597763671875 0.06547607421875 0.26316650390625 0.06281103515625 0.267525390625 0.06281103515625 0.26970458984375 0.0688681640625
0 0.16901123046875 0.44533154296875 0.1641826171875 0.45445263671875 0.159353515625 0.45928173828125 0.15398828125 0.45928173828125 0.1491591796875 0.4533798828125 0.1529150390625 0.4474775390625 0.157744140625 0.4437216796875 0.16525537109375 0.44050244140625 0.168474609375 0.44157568359375
0 0.4088466796875 0.12072216796875 0.4104560546875 0.1250146484375 0.4077734375 0.12984375 0.4013349609375 0.1287705078125 0.39811572265625 0.1250146484375 0.39865234375 0.12018603515625 0.4029443359375 0.1196494140625
0 0.965607421875 0.3289658203125 0.95873974609375 0.32690576171875 0.96011328125 0.320724609375 0.962173828125 0.31660400390625 0.96766796875 0.31935107421875
0 0.7608193359375 0.33533984375 0.75813671875 0.3428515625 0.750625 0.344998046875 0.7425771484375 0.3428515625 0.74311328125 0.33694970703125 0.7479423828125 0.33051123046875 0.75599072265625 0.3289013671875 0.7608193359375 0.3310478515625
0 0.54673828125 0.40187158203125 0.5402998046875 0.4067001953125 0.52956884765625 0.4067001953125 0.52581298828125 0.404017578125 0.52313037109375 0.40026171875 0.52688623046875 0.3938232421875 0.53439794921875 0.3884580078125 0.542982421875 0.3884580078125 0.54620166015625 0.3922138671875 0.5478115234375 0.396505859375
0 0.53225146484375 0.41689453125 0.52795947265625 0.42226025390625 0.5199111328125 0.4233330078125 0.51347265625 0.41957763671875 0.51186279296875 0.41367529296875 0.51293603515625 0.40831005859375 0.5183017578125 0.40562744140625 0.5236669921875 0.4067001953125 0.53010546875 0.411529296875
0 0.8332529296875 0.6524375 0.83164306640625 0.6626318359375 0.8241318359375 0.6679970703125 0.81125439453125 0.663705078125 0.8107177734375 0.6572666015625 0.81125439453125 0.6497548828125 0.8182294921875 0.6459990234375 0.82520458984375 0.64385302734375 0.8311064453125 0.64653564453125
0 0.04876123046875 0.76026123046875 0.057689453125 0.7554541015625 0.0604365234375 0.758201171875 0.05700244140625 0.7643818359375 0.05219482421875 0.769189453125 0.04670068359375 0.7685029296875 0.044640625 0.76506884765625
0 0.58498193359375 0.98134228515625 0.58535400390625 0.98583935546875 0.583912109375 0.98920556640625 0.58078759765625 0.99040771484375 0.578865234375 0.9877626953125 0.57838427734375 0.9853583984375 0.5795859375 0.98247265625 0.58102783203125 0.9815107421875 0.583671875 0.98078955078125
0 0.38040966796875 0.558005859375 0.3863115234375 0.56015185546875 0.38899462890625 0.565517578125 0.385775390625 0.57517529296875 0.379873046875 0.57893115234375 0.37128857421875 0.58054052734375 0.36860595703125 0.5757119140625 0.36914208984375 0.565517578125 0.3734345703125 0.5606884765625 0.37880029296875 0.55854248046875
0 0.55973779296875 0.0847353515625 0.56700732421875 0.08703271484375 0.5708134765625 0.09507275390625 0.5653154296875 0.09803515625 0.557279296875 0.0971884765625 0.55431884765625 0.08957177734375
0 0.44688134765625 0.05362841796875 0.44750390625 0.05711474609375 0.447044921875 0.06247216796875 0.44398486328125 0.06507470703125 0.44016015625 0.063390625 0.4404658203125 0.0584921875 0.44230224609375 0.05374658203125 0.44505615234375 0.0522158203125
0 0.1861806640625 0.08477392578125 0.18135205078125 0.092822265625 0.17491357421875 0.09335888671875 0.17062109375 0.09067578125 0.17062109375 0.08584716796875 0.17491357421875 0.08370068359375 0.1786689453125 0.08209130859375 0.18188818359375 0.08101806640625
0 0.08733203125 0.14810302734375 0.08864111328125 0.15309716796875 0.086259765625 0.15865673828125 0.0809677734375 0.1626279296875 0.07726318359375 0.1615693359375 0.075146484375 0.15759814453125 0.07752783203125 0.15283251953125 0.0804384765625 0.148861328125
0 0.06875341796875 0.08358837890625 0.06057275390625 0.08392578125 0.05816943359375 0.0807998046875 0.05889013671875 0.0764716796875 0.06297607421875 0.0723837890625 0.06754248046875 0.0745478515625 0.06994580078125 0.077673828125 0.0706669921875 0.08128076171875
0 0.12102734375 0.0670712890625 0.1214501953125 0.073841796875 0.117220703125 0.07976611328125 0.1104541015625 0.0844208984375 0.10453271484375 0.08653662109375 0.10453271484375 0.0793427734375 0.107916015625 0.07468798828125 0.11383740234375 0.07045654296875
0 0.05234814453125 0.10776708984375 0.05430126953125 0.11579248046875 0.04880322265625 0.12002392578125 0.04330517578125 0.121716796875 0.0373837890625 0.119177734375 0.036115234375 0.1124072265625 0.0411904296875 0.10817529296875 0.0466884765625 0.1073291015625
0 0.0224716796875 0.15693603515625 0.01483056640625 0.15699365234375 0.00795068359375 0.1530224609375 0.00795068359375 0.14640380859375 0.0121845703125 0.14375634765625 0.01853515625 0.14428564453125 0.023033203125 0.14587451171875 0.0256796875 0.150904296875
0 0.159037109375 0.27579736328125 0.15568994140625 0.278685546875 0.15160400390625 0.2772431640625 0.150162109375 0.274357421875 0.15376708984375 0.27171240234375 0.1573720703125 0.272193359375 0.15953515625 0.27459765625
0 0.6765048828125 0.40380908203125 0.67831005859375 0.40909228515625 0.67625146484375 0.41561669921875 0.6721337890625 0.41905029296875 0.66732958984375 0.4149296875 0.6666435546875 0.40771875 0.67076123046875 0.4032548828125
0 0.33745068359375 0.64022509765625 0.33693310546875 0.64384765625 0.33486279296875 0.646953125 0.3296875 0.646953125 0.3276171875 0.64229541015625 0.32865234375 0.63918994140625 0.332275390625 0.63711962890625
0 0.20053857421875 0.67510107421875 0.192984375 0.67098046875 0.192984375 0.665486328125 0.19779150390625 0.6627392578125 0.20328564453125 0.66205224609375 0.2046591796875 0.665486328125 0.2046591796875 0.67166748046875
0 0.67937158203125 0.83975732421875 0.67499951171875 0.843224609375 0.671154296875 0.84250341796875 0.67067333984375 0.838896484375 0.67235595703125 0.83625146484375 0.67499951171875 0.83480859375 0.6781240234375 0.8355302734375
0 0.6805947265625 0.8731279296875 0.6821474609375 0.8834794921875 0.6795595703125 0.88917236328125 0.6764541015625 0.89434814453125 0.66713818359375 0.90159423828125 0.65833984375 0.90262939453125 0.654716796875 0.89745361328125 0.655234375 0.88658447265625 0.66040966796875 0.8762333984375 0.66869091796875 0.8710576171875 0.6754189453125 0.8710576171875
0 0.46011328125 0.5496513671875 0.45804296875 0.5579326171875 0.451314453125 0.56310791015625 0.44406884765625 0.56362548828125 0.44044580078125 0.56155517578125 0.43992822265625 0.5574150390625 0.44199853515625 0.5506865234375 0.4487265625 0.5475810546875 0.455455078125 0.54447607421875 0.459595703125 0.5455107421875
0 0.4731416015625 0.5618662109375 0.474138671875 0.5669794921875 0.47105029296875 0.57006982421875 0.465216796875 0.5704130859375 0.46178515625 0.5666357421875 0.4645302734375 0.562171875 0.46830517578125 0.56011181640625
0 0.98713037109375 0.48044091796875 0.9845546875 0.483201171875 0.97902685546875 0.4822392578125 0.9775849609375 0.4783916015625 0.97926708984375 0.4759873046875 0.9821513671875 0.47550634765625 0.98503515625 0.47574658203125 0.98647705078125 0.4774296875
0 0.49785400390625 0.567529296875 0.49995751953125 0.5707138671875 0.49927099609375 0.57689453125 0.494466796875 0.580671875 0.48931982421875 0.57861181640625 0.4889765625 0.5744912109375 0.49000634765625 0.57037060546875 0.49309423828125 0.568310546875
0 0.8177490234375 0.39904052734375 0.8161962890625 0.40369873046875 0.8120556640625 0.40783935546875 0.8058447265625 0.40887451171875 0.80273974609375 0.40473388671875 0.8063623046875 0.40007568359375 0.8105029296875 0.398005859375 0.8141259765625 0.398005859375
0 0.83362744140625 0.260548828125 0.83447509765625 0.26397119140625 0.83245556640625 0.26750732421875 0.82866845703125 0.2687705078125 0.826396484375 0.2664970703125 0.826396484375 0.262203125 0.82917333984375 0.2606875
0 0.13922412109375 0.1024775390625 0.14284716796875 0.1050654296875 0.14284716796875 0.10868798828125 0.13922412109375 0.11179345703125 0.13456640625 0.10972314453125 0.13353125 0.1055830078125 0.13456640625 0.1024775390625
0 0.18823095703125 0.27183154296875 0.183642578125 0.26954833984375 0.182681640625 0.26570068359375 0.1855654296875 0.2630556640625 0.1896513671875 0.2649794921875 0.19181396484375 0.26858642578125
0 0.171728515625 0.411830078125 0.16938916015625 0.41635595703125 0.16530322265625 0.41827978515625 0.16289990234375 0.41731787109375 0.1641015625 0.41226806640625 0.1662646484375 0.41010400390625 0.168427734375 0.40986376953125
0 0.0508154296875 0.7144453125 0.0463994140625 0.712533203125 0.04311767578125 0.70975439453125 0.04261279296875 0.706470703125 0.04463232421875 0.70546044921875 0.04841943359375 0.70546044921875 0.05144873046875 0.70823876953125
0 0.24375927734375 0.8780888671875 0.23870849609375 0.8764501953125 0.236044921875 0.87354296875 0.236771484375 0.86918212890625 0.23919287109375 0.86700146484375 0.2442783203125 0.868212890625 0.24694189453125 0.8711201171875 0.24694189453125 0.8759658203125
0 0.087115234375 0.93683056640625 0.0849384765625 0.9408974609375 0.079126953125 0.9408974609375 0.077189453125 0.938474609375 0.078400390625 0.9353251953125 0.08203271484375 0.93362890625
0 0.416564453125 0.439447265625 0.40960595703125 0.4394306640625 0.40722412109375 0.4354599609375 0.40828271484375 0.4330771484375 0.4114580078125 0.43201806640625 0.41463330078125 0.43254736328125 0.4164853515625 0.435724609375
0 0.64316015625 0.15404248046875 0.6458818359375 0.15606689453125 0.6451611328125 0.15991455078125 0.643478515625 0.1623193359375 0.6405947265625 0.1627998046875 0.638431640625 0.161357421875 0.63915234375 0.1582314453125 0.64011376953125 0.155345703125
0 0.24094677734375 0.11086279296875 0.246029296875 0.1138564453125 0.246029296875 0.12038037109375 0.2422548828125 0.12484423828125 0.23848046875 0.12415771484375 0.236078125 0.120037109375 0.2357353515625 0.112826171875
0 0.72406982421875 0.0269130859375 0.718376953125 0.0248427734375 0.717341796875 0.02173779296875 0.720447265625 0.01604443359375 0.72562255859375 0.01707958984375 0.72769287109375 0.02225537109375 0.72769287109375 0.0253603515625
0 0.02517724609375 0.31305224609375 0.02536767578125 0.316517578125 0.0229462890625 0.3194248046875 0.01858740234375 0.32063623046875 0.016408203125 0.31772900390625 0.01834521484375 0.31482177734375 0.0219775390625 0.31239892578125
0 0.4010771484375 0.8296259765625 0.3976435546875 0.824818359375 0.39901708984375 0.82069775390625 0.400390625 0.81795068359375 0.4051982421875 0.81245654296875 0.41000537109375 0.8165771484375 0.4086318359375 0.82138427734375 0.405884765625 0.824818359375
0 0.5822578125 0.581740234375 0.57708251953125 0.5863984375 0.57035400390625 0.585880859375 0.56880126953125 0.582775390625 0.57294189453125 0.577599609375 0.57708251953125 0.57656494140625 0.580705078125 0.577599609375
0 0.72717529296875 0.58536328125 0.723552734375 0.586916015625 0.718376953125 0.586916015625 0.715271484375 0.584328125 0.716306640625 0.580705078125 0.721482421875 0.57915234375 0.72614013671875 0.580705078125
0 0.89971826171875 0.50261669921875 0.90030810546875 0.50973486328125 0.895990234375 0.51801611328125 0.88987255859375 0.512615234375 0.891671875 0.50541455078125
0 0.526798828125 0.459267578125 0.52534033203125 0.465279296875 0.51994287109375 0.467439453125 0.51634423828125 0.46347900390625 0.51634423828125 0.4595185546875 0.520302734375 0.45555810546875
0 0.63207958984375 0.45505615234375 0.63132861328125 0.4593115234375 0.62846826171875 0.46327392578125 0.62538818359375 0.463494140625 0.6225283203125 0.4601923828125 0.623408203125 0.4564501953125 0.6271484375 0.4542490234375
0 0.386619140625 0.27896630859375 0.382478515625 0.28155419921875 0.37730322265625 0.28000146484375 0.37626806640625 0.27534326171875 0.37989111328125 0.27275537109375 0.385583984375 0.27327294921875
0 0.37291943359375 0.18405615234375 0.36673876953125 0.18474267578125 0.36467822265625 0.179935546875 0.36948583984375 0.17581494140625 0.37497998046875 0.1771884765625