0 0.1438759765625 0.95053515625 0.1389833984375 0.95576953125 0.13269140625 0.95621923828125 0.12932080078125 0.95374609375 0.1304443359375 0.94767578125 0.13583740234375 0.94520263671875 0.13988232421875 0.94610205078125
0 0.1653828125 0.95387255859375 0.163701171875 0.95734326171875 0.1607802734375 0.95801806640625 0.158533203125 0.9564443359375 0.15830810546875 0.9544208984375 0.16033056640625 0.9526220703125 0.163701171875 0.951498046875
0 0.030779296875 0.93607373046875 0.03224658203125 0.93890771484375 0.03022412109375 0.94115625 0.02775244140625 0.94183056640625 0.0246064453125 0.94160546875 0.02370751953125 0.94003173828125 0.02595458984375 0.93778369140625 0.02797705078125 0.9362099609375
0 0.041162109375 0.9149375 0.0383134765625 0.9220458984375 0.03269580078125 0.92564306640625 0.02775244140625 0.9263173828125 0.02393212890625 0.92249560546875 0.02370751953125 0.9177744140625 0.027078125 0.91350244140625 0.03471826171875 0.9081064453125 0.04145947265625 0.9076572265625 0.0425830078125 0.9119287109375
0 0.1690908203125 0.9924365234375 0.16257763671875 0.99286572265625 0.15583642578125 0.98949365234375 0.15358935546875 0.98342333984375 0.15583642578125 0.98050048828125 0.16033056640625 0.9789267578125 0.16886962890625 0.98162451171875 0.17089208984375 0.988369140625
0 0.0522861328125 0.825943359375 0.05247021484375 0.82941796875 0.0511220703125 0.833689453125 0.04842578125 0.83526318359375 0.04550439453125 0.8345888671875 0.04460546875 0.83323974609375 0.04550439453125 0.83009228515625 0.04775146484375 0.82716943359375 0.04954931640625 0.82604541015625 0.0515712890625 0.82604541015625
0 0.25246142578125 0.96611181640625 0.25403466796875 0.96948388671875 0.2535849609375 0.97443017578125 0.2506640625 0.97600390625 0.24774267578125 0.97420556640625 0.247068359375 0.97128271484375 0.24819189453125 0.967685546875
0 0.33224658203125 0.93570263671875 0.33155908203125 0.9404814453125 0.32773876953125 0.941380859375 0.32481787109375 0.94003173828125 0.32526708984375 0.93755859375 0.32728955078125 0.9344111328125 0.3302109375 0.9344111328125 0.33155908203125 0.93576025390625
0 0.31593115234375 0.8374384765625 0.3178515625 0.839984375 0.317177734375 0.84515576171875 0.31268359375 0.84560498046875 0.3111103515625 0.84358154296875 0.31200927734375 0.839759765625
0 0.27830322265625 0.8937177734375 0.27852783203125 0.89641552734375 0.27650537109375 0.8986640625 0.27425830078125 0.8977646484375 0.27291015625 0.89619091796875 0.273134765625 0.89394287109375 0.2756064453125 0.892818359375
0 0.10271630859375 0.891947265625 0.09763671875 0.89326806640625 0.09359228515625 0.892818359375 0.09201904296875 0.890345703125 0.09449072265625 0.8865234375 0.09808642578125 0.8856240234375 0.10145703125 0.88607373046875 0.1039287109375 0.88697314453125 0.10460302734375 0.89012060546875 0.10280517578125 0.8914697265625
0 0.20765478515625 0.85672021484375 0.2070703125 0.8613427734375 0.2048232421875 0.8631416015625 0.2010029296875 0.8631416015625 0.19987939453125 0.85752099609375 0.202576171875 0.8548232421875 0.20572216796875 0.8548232421875
0 0.12162744140625 0.84819189453125 0.1171865234375 0.8467294921875 0.11404052734375 0.84425634765625 0.11381591796875 0.84133349609375 0.11561376953125 0.839984375 0.12010791015625 0.84155810546875 0.12302880859375 0.8429072265625 0.12325390625 0.84515576171875
0 0.39936328125 0.9820537109375 0.3949267578125 0.9831982421875 0.392005859375 0.98050048828125 0.39357861328125 0.97555419921875 0.396724609375 0.9748798828125 0.3982978515625 0.97802734375
0 0.3674736328125 0.90047607421875 0.3639169921875 0.90001318359375 0.36077099609375 0.896640625 0.36189501953125 0.89326806640625 0.36504052734375 0.89259375 0.36953466796875 0.89506689453125 0.369759765625 0.8977646484375
0 0.22931640625 0.94070654296875 0.229765625 0.945427734375 0.229091796875 0.95082373046875 0.22572119140625 0.95284716796875 0.2230244140625 0.95127294921875 0.2225751953125 0.94767578125 0.2225751953125 0.94475341796875 0.22414794921875 0.94205517578125 0.2268447265625 0.939357421875
0 0.23843212890625 0.9468271484375 0.23515869140625 0.9445283203125 0.233361328125 0.9404814453125 0.23291162109375 0.9364345703125 0.2356083984375 0.9344111328125 0.23920361328125 0.935310546875 0.24145068359375 0.94003173828125 0.241900390625 0.94385400390625
0 0.2454775390625 0.988728515625 0.24549560546875 0.99354052734375 0.24145068359375 0.99488916015625 0.23740576171875 0.99466455078125 0.2362822265625 0.99174169921875 0.2383046875 0.9892685546875 0.24167529296875 0.98769482421875
0 0.03179736328125 0.8692119140625 0.02820166015625 0.87190966796875 0.02370751953125 0.87168505859375 0.0203369140625 0.86786279296875 0.01921337890625 0.864265625 0.02101123046875 0.8613427734375 0.0250556640625 0.8611181640625 0.0291005859375 0.8622421875 0.03202197265625 0.8653896484375 0.0335947265625 0.86853759765625
0 0.09937890625 0.927544921875 0.102130859375 0.92879052734375 0.10302978515625 0.93171337890625 0.10258056640625 0.93463623046875 0.101232421875 0.93598486328125 0.09831103515625 0.93598486328125 0.0971875 0.93261279296875 0.0971875 0.92968994140625
0 0.0622978515625 0.90789208984375 0.06370556640625 0.912828125 0.06123388671875 0.916875 0.057189453125 0.9177744140625 0.05449267578125 0.91552587890625 0.05359375 0.90878125 0.0553916015625 0.9056337890625 0.05831298828125 0.90428466796875 0.06145849609375 0.90450927734375
0 0.1690908203125 0.942748046875 0.16617333984375 0.9465517578125 0.16212841796875 0.94722607421875 0.16033056640625 0.943404296875 0.1614541015625 0.9402568359375 0.16437548828125 0.939357421875 0.167521484375 0.93958203125
0 0.157595703125 0.92939892578125 0.15606103515625 0.93463623046875 0.1520166015625 0.9364345703125 0.1479716796875 0.93486083984375 0.14684814453125 0.93171337890625 0.1481962890625 0.92879052734375 0.149994140625 0.92766650390625 0.15314013671875 0.92744189453125
0 0.2773671875 0.81630224609375 0.2715615234375 0.82040478515625 0.2625732421875 0.81973046875 0.2583037109375 0.81725732421875 0.25852880859375 0.81186181640625 0.26167431640625 0.80916357421875 0.26594384765625 0.807365234375 0.2711123046875 0.80781494140625 0.2751572265625 0.81186181640625
0 0.2124755859375 0.937556640625 0.207294921875 0.9386630859375 0.20212646484375 0.9364150390625 0.1967333984375 0.93101904296875 0.19516064453125 0.92787158203125 0.19695849609375 0.9222509765625 0.20212646484375 0.92270068359375 0.2090927734375 0.92877099609375 0.21246337890625 0.9343916015625
0 0.24176953125 0.85078759765625 0.24122607421875 0.85412890625 0.23718115234375 0.85592724609375 0.23403515625 0.85390380859375 0.23493408203125 0.8514306640625 0.237630859375 0.848283203125 0.2401025390625 0.84850830078125
0 0.08565869140625 0.7829296875 0.087974609375 0.7860068359375 0.08954736328125 0.78960400390625 0.08909814453125 0.793201171875 0.0861767578125 0.79544921875 0.08100830078125 0.79342578125 0.080109375 0.7902783203125 0.08033447265625 0.78668115234375 0.0819072265625 0.78375830078125
0 0.078984375 0.8244599609375 0.07876123046875 0.82827392578125 0.075390625 0.8289482421875 0.07179541015625 0.8269248046875 0.07202001953125 0.82332763671875 0.074716796875 0.82220361328125 0.07628955078125 0.82220361328125
0 0.38601416015625 0.91642041015625 0.38189404296875 0.91955322265625 0.37739990234375 0.91977783203125 0.374703125 0.91752978515625 0.37515283203125 0.91258349609375 0.379421875 0.91056005859375 0.38459033203125 0.91168408203125
0 0.33632568359375 0.8882392578125 0.33380615234375 0.89324853515625 0.32998583984375 0.89549658203125 0.32684033203125 0.89459716796875 0.325716796875 0.891 0.32751416015625 0.88650341796875 0.33066015625 0.884705078125 0.33403076171875 0.8849296875
0 0.38481494140625 0.86150830078125 0.38009619140625 0.86308203125 0.37605126953125 0.8626328125 0.37515283203125 0.86038427734375 0.3769501953125 0.856787109375 0.37987158203125 0.8556630859375 0.38391650390625 0.856787109375 0.38661279296875 0.858810546875
0 0.4156787109375 0.8626533203125 0.41267919921875 0.86533056640625 0.4079599609375 0.8660048828125 0.40593798828125 0.86218310546875 0.4075107421875 0.85723681640625 0.41020703125 0.8536396484375 0.41357763671875 0.8536396484375 0.41582470703125 0.8576865234375 0.4162744140625 0.8617333984375
0 0.178361328125 0.83187646484375 0.17808251953125 0.83698291015625 0.17291455078125 0.83810693359375 0.1704423828125 0.83518408203125 0.1704423828125 0.83203662109375 0.172015625 0.83091259765625 0.1740380859375 0.830462890625
0 0.26772607421875 0.82928076171875 0.2663935546875 0.8336103515625 0.2627978515625 0.83698291015625 0.25965234375 0.83720751953125 0.2580791015625 0.8354091796875 0.2574052734375 0.83316064453125 0.25897802734375 0.8297880859375 0.26100048828125 0.8273154296875 0.264595703125 0.82686572265625 0.26751708984375 0.828439453125
0 0.31815576171875 0.73917431640625 0.3194248046875 0.74186181640625 0.317626953125 0.745234375 0.31425634765625 0.74568408203125 0.312458984375 0.74208642578125 0.31425634765625 0.73893896484375
0 0.07453466796875 0.69133984375 0.07022216796875 0.696671875 0.06505419921875 0.696896484375 0.06370556640625 0.6935244140625 0.06572802734375 0.6897021484375 0.06977294921875 0.68722900390625 0.07449169921875 0.6876787109375
0 0.401587890625 0.74510693359375 0.3991962890625 0.74905615234375 0.396724609375 0.74928125 0.3940283203125 0.74613330078125 0.39357861328125 0.743435546875 0.39537646484375 0.7402880859375 0.3987470703125 0.7402880859375 0.400544921875 0.74186181640625
0 0.3596865234375 0.79739111328125 0.36211962890625 0.79964208984375 0.36211962890625 0.80301416015625 0.36077099609375 0.8072861328125 0.35785009765625 0.8075107421875 0.3549287109375 0.80706103515625 0.35380517578125 0.8054873046875 0.3549287109375 0.80233984375 0.356951171875 0.79986669921875
0 0.34819140625 0.77699658203125 0.34728857421875 0.78143115234375 0.343693359375 0.78210546875 0.3409970703125 0.7807568359375 0.34054736328125 0.777833984375 0.343244140625 0.7749111328125 0.3459404296875 0.7749111328125
0 0.233361328125 0.7848037109375 0.22819287109375 0.78615234375 0.22392333984375 0.7848037109375 0.22414794921875 0.7812060546875 0.225271484375 0.7789580078125 0.22796826171875 0.777833984375 0.23088916015625 0.77738427734375 0.23291162109375 0.77940771484375 0.233810546875 0.781880859375
0 0.13534716796875 0.71470068359375 0.13403955078125 0.71825537109375 0.13134326171875 0.7200537109375 0.128197265625 0.71870458984375 0.128421875 0.71353369140625 0.1304443359375 0.7119599609375
0 0.11013232421875 0.69319384765625 0.10909716796875 0.6986953125 0.1057265625 0.70409130859375 0.101681640625 0.7056650390625 0.0994345703125 0.7036416015625 0.0994345703125 0.6995947265625 0.10033349609375 0.69509814453125 0.10258056640625 0.69127587890625 0.10617578125 0.690376953125 0.1081982421875 0.69105126953125
0 0.02521728515625 0.78589599609375 0.02101123046875 0.78772607421875 0.01876416015625 0.785927734375 0.0203369140625 0.78143115234375 0.0246064453125 0.78165576171875 0.026853515625 0.7827802734375
0 0.3533828125 0.75215234375 0.3481875 0.75018017578125 0.3463896484375 0.747482421875 0.34683935546875 0.74388525390625 0.34976025390625 0.743435546875 0.35290625 0.7465830078125 0.3544794921875 0.749505859375
0 0.36265283203125 0.76401806640625 0.36279345703125 0.77018994140625 0.3594228515625 0.7749111328125 0.3551533203125 0.77603515625 0.35313134765625 0.77446142578125 0.352232421875 0.769740234375 0.35402978515625 0.76591796875 0.357400390625 0.76434423828125
0 0.20325 0.70429638671875 0.19853125 0.70474560546875 0.19560986328125 0.70362158203125 0.19471142578125 0.700923828125 0.19538525390625 0.696876953125 0.19808203125 0.695078125 0.2007783203125 0.69552783203125 0.202576171875 0.7000244140625
0 0.167607421875 0.67539501953125 0.163251953125 0.67641796875 0.16033056640625 0.674619140625 0.1587578125 0.670572265625 0.1612294921875 0.66809912109375 0.1654990234375 0.6692236328125 0.167970703125 0.6716962890625
0 0.36191162109375 0.72137548828125 0.36414208984375 0.7263291015625 0.3630185546875 0.73105029296875 0.3587490234375 0.73374853515625 0.356501953125 0.73217431640625 0.35537841796875 0.727228515625 0.35762548828125 0.7240810546875
0 0.2109921875 0.576759765625 0.2117890625 0.57972314453125 0.207744140625 0.58399462890625 0.2054970703125 0.58287060546875 0.2050478515625 0.579048828125 0.20662060546875 0.57680029296875
0 0.091962890625 0.55933203125 0.09404150390625 0.5639853515625 0.09201904296875 0.5680322265625 0.088873046875 0.5671328125 0.08707568359375 0.5639853515625 0.087974609375 0.56061279296875 0.0908955078125 0.558814453125
0 0.10531201171875 0.57268115234375 0.10482763671875 0.5792734375 0.10280517578125 0.581072265625 0.0989853515625 0.5801728515625 0.09763671875 0.5783740234375 0.09808642578125 0.57545166015625 0.10010888671875 0.572978515625 0.1041533203125 0.5702802734375
0 0.18281103515625 0.56860205078125 0.17965576171875 0.577025390625 0.17583544921875 0.58197119140625 0.171791015625 0.58264599609375 0.16931884765625 0.5781494140625 0.17089208984375 0.57072998046875 0.1742626953125 0.5680322265625 0.1785322265625 0.5662333984375 0.18167822265625 0.56578369140625
0 0.33372998046875 0.6594501953125 0.32953662109375 0.662458984375 0.326166015625 0.66110986328125 0.32504248046875 0.65503955078125 0.32684033203125 0.652341796875 0.330435546875 0.652341796875 0.3324580078125 0.6552646484375
0 0.40344189453125 0.668349609375 0.39717431640625 0.66897900390625 0.39357861328125 0.66718017578125 0.39312939453125 0.6635830078125 0.39537646484375 0.66088525390625 0.40009521484375 0.66088525390625 0.40458935546875 0.662458984375 0.405712890625 0.6653818359375
0 0.24473583984375 0.6416513671875 0.23965283203125 0.64240966796875 0.23650732421875 0.64016162109375 0.23718115234375 0.636564453125 0.2405517578125 0.634765625 0.24347314453125 0.63589013671875 0.24572021484375 0.6408359375
0 0.256056640625 0.6334169921875 0.24976513671875 0.6336416015625 0.24684375 0.63071875 0.24774267578125 0.62599755859375 0.25201220703125 0.6232998046875 0.2553828125 0.62487353515625 0.25718017578125 0.628470703125
0 0.24733154296875 0.65129248046875 0.241900390625 0.65140283203125 0.23718115234375 0.650953125 0.23538330078125 0.6489296875 0.23718115234375 0.644658203125 0.242349609375 0.64240966796875 0.24639453125 0.64218505859375 0.2486416015625 0.64623193359375
0 0.28404150390625 0.6186611328125 0.27830322265625 0.6176591796875 0.2756064453125 0.61383740234375 0.2758310546875 0.60911572265625 0.27942626953125 0.60844140625 0.28347119140625 0.610240234375 0.28616796875 0.6136123046875 0.28729150390625 0.618333984375
0 0.3674736328125 0.60049169921875 0.36638916015625 0.60461962890625 0.361669921875 0.60641796875 0.35829931640625 0.60461962890625 0.35852392578125 0.600123046875 0.36189501953125 0.59832421875 0.36481591796875 0.59832421875
0 0.26883837890625 0.581951171875 0.26594384765625 0.58661376953125 0.2618994140625 0.58773779296875 0.25875341796875 0.58459033203125 0.25942724609375 0.5814423828125 0.2625732421875 0.57941943359375 0.26594384765625 0.5791943359375
0 0.392455078125 0.5445712890625 0.39155615234375 0.5506416015625 0.38661279296875 0.551765625 0.38369140625 0.54771875 0.38369140625 0.54187353515625 0.3852646484375 0.54097412109375 0.38930908203125 0.5425478515625
0 0.36042822265625 0.49740673828125 0.35537841796875 0.498912109375 0.3504345703125 0.4962138671875 0.3481875 0.49059326171875 0.3508837890625 0.48632177734375 0.35537841796875 0.48497265625 0.36099609375 0.48767041015625 0.361669921875 0.4921669921875
0 0.030779296875 0.44957275390625 0.027078125 0.4532724609375 0.02280859375 0.45372216796875 0.01898876953125 0.45259765625 0.01808984375 0.448326171875 0.02101123046875 0.44585302734375 0.0246064453125 0.44472900390625 0.02842626953125 0.44585302734375
0 0.0819072265625 0.54769921875 0.07876123046875 0.5510712890625 0.0733681640625 0.55152099609375 0.070896484375 0.5490478515625 0.070896484375 0.54545068359375 0.07404248046875 0.54320263671875 0.07898583984375 0.54320263671875 0.08123291015625 0.5447763671875
0 0.279591796875 0.44697705078125 0.27852783203125 0.45505126953125 0.273583984375 0.4595478515625 0.268640625 0.458873046875 0.2670673828125 0.45527587890625 0.268640625 0.45122900390625 0.27201123046875 0.44898095703125 0.2753818359375 0.44718212890625
0 0.327796875 0.409525390625 0.326390625 0.417955078125 0.32122265625 0.4213271484375 0.31627880859375 0.41660595703125 0.31582958984375 0.4100859375 0.31875048828125 0.40626416015625 0.32324462890625 0.40626416015625
0 0.1828017578125 0.38917724609375 0.1792060546875 0.39232470703125 0.17493701171875 0.39120068359375 0.17336376953125 0.387603515625 0.17538623046875 0.38423095703125 0.1783076171875 0.3846806640625 0.18100390625 0.38580517578125
0 0.17313916015625 0.5249716796875 0.17493701171875 0.52722021484375 0.1740380859375 0.531716796875 0.17111669921875 0.5330654296875 0.167296875 0.5330654296875 0.1657236328125 0.5310419921875 0.167296875 0.52722021484375 0.1702177734375 0.525646484375
0 0.07342236328125 0.28382080078125 0.0688740234375 0.2854931640625 0.06482958984375 0.28391943359375 0.0639306640625 0.28077197265625 0.065953125 0.27807421875 0.07112109375 0.2773994140625 0.07404248046875 0.27874853515625 0.07449169921875 0.28077197265625
0 0.20543017578125 0.36317431640625 0.20347509765625 0.36620556640625 0.19898046875 0.36508154296875 0.19808203125 0.3628330078125 0.20010400390625 0.3608095703125 0.20325 0.36103466796875
0 0.18414990234375 0.30302978515625 0.18684619140625 0.30505322265625 0.18684619140625 0.3079755859375 0.18437451171875 0.3108984375 0.1825771484375 0.3099990234375 0.18212744140625 0.3057275390625
0 0.1872607421875 0.29309130859375 0.18437451171875 0.2978583984375 0.17988037109375 0.2978583984375 0.1783076171875 0.2947109375 0.1789814453125 0.2915634765625 0.18370068359375 0.2906640625
0 0.06452294921875 0.32016015625 0.06572802734375 0.32348876953125 0.06505419921875 0.32865966796875 0.06280712890625 0.331357421875 0.0598857421875 0.3311328125 0.05898681640625 0.3279853515625 0.0601103515625 0.32573681640625 0.06168359375 0.3230390625 0.0641552734375 0.321015625
0 0.09715380859375 0.39469287109375 0.09224365234375 0.39565771484375 0.08909814453125 0.394083984375 0.08819921875 0.3909365234375 0.0904462890625 0.38846337890625 0.093142578125 0.388013671875 0.09606396484375 0.3909365234375
0 0.16501220703125 0.393951171875 0.1654990234375 0.39947998046875 0.16212841796875 0.40375146484375 0.15808349609375 0.4033017578125 0.1569599609375 0.39880517578125 0.1587578125 0.3949833984375 0.1607802734375 0.39363427734375 0.1654990234375 0.3931845703125
0 0.11903173828125 0.24599853515625 0.12078173828125 0.25083056640625 0.11988330078125 0.25397802734375 0.1169619140625 0.25487744140625 0.1151640625 0.252404296875 0.11471484375 0.24903173828125 0.11561376953125 0.24678369140625
0 0.1160654296875 0.23858251953125 0.11561376953125 0.2431865234375 0.1131416015625 0.2449853515625 0.110669921875 0.2434111328125 0.11179345703125 0.2400390625 0.1131416015625 0.238015625
0 0.07824267578125 0.35612890625 0.07449169921875 0.35874658203125 0.070447265625 0.35852197265625 0.06932373046875 0.356048828125 0.07157080078125 0.35267626953125 0.07494140625 0.35065283203125 0.0776376953125 0.35222705078125
0 0.31963916015625 0.33870068359375 0.3178515625 0.343888671875 0.312908203125 0.34568701171875 0.30998681640625 0.34343896484375 0.31178466796875 0.339841796875 0.3156044921875 0.33826806640625 0.3196494140625 0.33849267578125
0 0.208767578125 0.25230224609375 0.2099912109375 0.2557373046875 0.20796923828125 0.2597841796875 0.202576171875 0.2611328125 0.19943017578125 0.258884765625 0.19943017578125 0.25348876953125 0.20325 0.25056640625 0.20639599609375 0.2498916015625
0 0.35115771484375 0.24229052734375 0.35133349609375 0.246744140625 0.34908642578125 0.2498916015625 0.3461650390625 0.248767578125 0.3457158203125 0.2456201171875 0.34751318359375 0.242697265625
0 0.363765625 0.25378564453125 0.361220703125 0.25663671875 0.356501953125 0.256861328125 0.3551533203125 0.25416357421875 0.35605224609375 0.25034130859375 0.3594228515625 0.2496669921875 0.361669921875 0.250791015625
0 0.25650634765625 0.20175927734375 0.25201220703125 0.20041015625 0.2495400390625 0.19748779296875 0.2495400390625 0.19344091796875 0.2531357421875 0.19231640625 0.25695556640625 0.19546435546875 0.25852880859375 0.1979375
0 0.3151552734375 0.18849462890625 0.30998681640625 0.18759521484375 0.30773974609375 0.1848974609375 0.30751513671875 0.181974609375 0.30976220703125 0.18017626953125 0.313357421875 0.18017626953125 0.31650341796875 0.18264892578125 0.31740234375 0.185796875
0 0.34234521484375 0.1606162109375 0.33605322265625 0.1594921875 0.335154296875 0.1563447265625 0.33627783203125 0.1525224609375 0.33874951171875 0.15274755859375 0.3414462890625 0.15409619140625 0.34279443359375 0.15746875
0 0.33113427734375 0.15589208984375 0.32481787109375 0.1545458984375 0.32279541015625 0.15094873046875 0.3241435546875 0.147576171875 0.3279638671875 0.1484755859375 0.33200830078125 0.1504990234375 0.33358154296875 0.15409619140625
0 0.3014697265625 0.17776953125 0.29560546875 0.1772333984375 0.2926845703125 0.1752099609375 0.29380810546875 0.1709384765625 0.2976279296875 0.1700390625 0.3014482421875 0.171837890625 0.3023466796875 0.17363623046875
0 0.04977392578125 0.13586572265625 0.0470771484375 0.13991259765625 0.0419091796875 0.14126171875 0.03629150390625 0.14081201171875 0.03494287109375 0.137439453125 0.03696533203125 0.13474169921875 0.03988671875 0.133392578125 0.04572900390625 0.133392578125 0.048875 0.135416015625
0 0.02336328125 0.20187255859375 0.01876416015625 0.20601123046875 0.01269677734375 0.2035380859375 0.01202294921875 0.19904150390625 0.0160673828125 0.1974677734375 0.0203369140625 0.198591796875
0 0.1260771484375 0.21151318359375 0.123927734375 0.21702783203125 0.11786083984375 0.21815185546875 0.1151640625 0.2145546875 0.11471484375 0.21028271484375 0.1174111328125 0.20825927734375 0.12078173828125 0.20825927734375
0 0.167978515625 0.13141845703125 0.17134130859375 0.134232421875 0.171791015625 0.1389541015625 0.16842041015625 0.1412021484375 0.16437548828125 0.1414267578125 0.162802734375 0.1369306640625 0.16460009765625 0.1340078125
0 0.02484619140625 0.12733984375 0.0248310546875 0.131984375 0.02123583984375 0.1349072265625 0.017865234375 0.1351318359375 0.0160673828125 0.132208984375 0.01696630859375 0.12928662109375 0.02078662109375 0.12838720703125
0 0.16872021484375 0.05948193359375 0.16684716796875 0.062962890625 0.1610048828125 0.0658857421875 0.15763427734375 0.06453662109375 0.158533203125 0.05936572265625 0.162802734375 0.056892578125 0.16662255859375 0.05644287109375
0 0.295380859375 0.067234375 0.29807763671875 0.06948291015625 0.2971787109375 0.07757666015625 0.29380810546875 0.0802744140625 0.29021240234375 0.0780263671875 0.28953857421875 0.07465380859375 0.29088671875 0.07060693359375 0.29403271484375 0.06656005859375 0.29560546875 0.067009765625
0 0.23843212890625 0.104349609375 0.24122607421875 0.109501953125 0.238529296875 0.11512255859375 0.2335859375 0.11647119140625 0.23043994140625 0.11197509765625 0.2313388671875 0.10702880859375 0.233361328125 0.10500537109375
0 0.28099951171875 0.079150390625 0.282123046875 0.08184814453125 0.27897705078125 0.08567041015625 0.2751572265625 0.08454638671875 0.27380859375 0.0820732421875 0.27605615234375 0.07870068359375
0 0.3674736328125 0.03575 0.3704599609375 0.0389736328125 0.37113427734375 0.04819140625 0.3661904296875 0.05426171875 0.3612470703125 0.05381201171875 0.359673828125 0.0490908203125 0.3610224609375 0.0407724609375 0.36304443359375 0.037849609375
0 0.5402705078125 0.0294462890625 0.53696923828125 0.0349267578125 0.531126953125 0.03605078125 0.5282060546875 0.033578125 0.5286552734375 0.029755859375 0.53202587890625 0.027732421875 0.53562109375 0.0275078125 0.53899169921875 0.02840673828125
0 0.579205078125 0.04094140625 0.5722490234375 0.04009765625 0.570451171875 0.03515185546875 0.5722490234375 0.0315546875 0.5776416015625 0.03110498046875 0.58056298828125 0.033578125 0.58258544921875 0.03605078125 0.58236083984375 0.03942333984375
0 0.63718994140625 0.05988232421875 0.63584130859375 0.0652783203125 0.632470703125 0.06685205078125 0.6295498046875 0.0652783203125 0.62887548828125 0.06258056640625 0.63089794921875 0.0594326171875 0.6344931640625 0.05853369140625
0 0.597375 0.07208935546875 0.59314697265625 0.08124072265625 0.5857314453125 0.0794423828125 0.58258544921875 0.076294921875 0.584158203125 0.0695498046875 0.588427734375 0.0670771484375 0.5944951171875 0.06662744140625 0.596966796875 0.06797607421875
0 0.4408935546875 0.05688623046875 0.438546875 0.0652783203125 0.4324794921875 0.0695498046875 0.42618798828125 0.0670771484375 0.425513671875 0.06190576171875 0.4277607421875 0.05785888671875 0.43292919921875 0.05448681640625 0.43697412109375 0.0549365234375
0 0.5347080078125 0.0498408203125 0.53652001953125 0.05336279296875 0.535845703125 0.05763427734375 0.53382373046875 0.0610068359375 0.53000341796875 0.05965771484375 0.5286552734375 0.05583544921875 0.530677734375 0.05223828125
0 0.53022802734375 0.159294921875 0.52730712890625 0.16356640625 0.52146435546875 0.16379150390625 0.51921728515625 0.1604189453125 0.5201162109375 0.15569775390625 0.5246103515625 0.15547265625 0.526857421875 0.15659716796875
0 0.482794921875 0.1210361328125 0.4803427734375 0.126919921875 0.47742138671875 0.13051708984375 0.4713544921875 0.12939306640625 0.46865771484375 0.1255712890625 0.46865771484375 0.120625 0.4715791015625 0.11500439453125 0.4760732421875 0.1134306640625 0.47944384765625 0.1154541015625
0 0.4661083984375 0.129935546875 0.46214111328125 0.1307421875 0.46079296875 0.12871875 0.46191650390625 0.124671875 0.46416357421875 0.1215244140625 0.4668603515625 0.12219873046875 0.46798388671875 0.1255712890625
0 0.4768623046875 0.13401416015625 0.4753994140625 0.13928564453125 0.47090478515625 0.14265771484375 0.4673095703125 0.14265771484375 0.46618603515625 0.140859375 0.4666357421875 0.13771142578125 0.46820849609375 0.13568798828125 0.47090478515625 0.13321533203125 0.473826171875 0.13254052734375
0 0.30258203125 0.13698095703125 0.30731689453125 0.1381611328125 0.30956396484375 0.1399599609375 0.30956396484375 0.145130859375 0.30641796875 0.147154296875 0.30169921875 0.14670458984375 0.29922705078125 0.143107421875 0.29877783203125 0.13771142578125
0 0.4130830078125 0.1184404296875 0.4138291015625 0.12242333984375 0.41090771484375 0.1275947265625 0.4073125 0.1280439453125 0.4059638671875 0.1235478515625 0.40776171875 0.120849609375 0.4095595703125 0.11995068359375
0 0.44979296875 0.18370263671875 0.44663623046875 0.18717333984375 0.4412431640625 0.18852197265625 0.43742333984375 0.18514990234375 0.4367490234375 0.1808779296875 0.4403447265625 0.17818017578125 0.44393994140625 0.177505859375 0.44820947265625 0.17907958984375
0 0.5298876953125 0.13290185546875 0.52753173828125 0.13726220703125 0.5248349609375 0.13568798828125 0.52146435546875 0.13321533203125 0.522587890625 0.12871875 0.52618359375 0.128943359375 0.52753173828125 0.13029248046875
0 0.56993505859375 0.1132490234375 0.56708056640625 0.12107470703125 0.561912109375 0.120849609375 0.56101318359375 0.116578125 0.56213671875 0.1114072265625 0.56460888671875 0.11118212890625
0 0.58180078125 0.1069453125 0.57561962890625 0.102638671875 0.57539453125 0.0983671875 0.57809130859375 0.094095703125 0.58258544921875 0.09297119140625 0.587978515625 0.09297119140625 0.58865234375 0.0974677734375 0.58663037109375 0.10286376953125
0 0.60293701171875 0.10360791015625 0.59584326171875 0.10173974609375 0.59382080078125 0.0972431640625 0.5951689453125 0.09364599609375 0.59764111328125 0.09049853515625 0.60303369140625 0.09094775390625 0.60573046875 0.094544921875 0.6061796875 0.09881689453125
0 0.447568359375 0.26416796875 0.4452880859375 0.27015380859375 0.4407939453125 0.273076171875 0.43742333984375 0.273076171875 0.4360751953125 0.271052734375 0.4360751953125 0.26633154296875 0.43967041015625 0.26228466796875 0.443265625 0.2616103515625
0 0.57512646484375 0.24414453125 0.57449609375 0.2492646484375 0.56932763671875 0.25466064453125 0.56281103515625 0.25668408203125 0.557642578125 0.2553349609375 0.55674365234375 0.25083837890625 0.56056396484375 0.24566748046875 0.56640625 0.2429697265625 0.57067578125 0.24274462890625
0 0.504162109375 0.25466064453125 0.5048359375 0.25780810546875 0.50303857421875 0.264328125 0.4983193359375 0.26410302734375 0.49674658203125 0.26028125 0.49652197265625 0.25690869140625 0.49854443359375 0.254435546875 0.50101611328125 0.25286181640625
0 0.6497734375 0.28321337890625 0.645279296875 0.28456201171875 0.64011083984375 0.284787109375 0.6385380859375 0.28051513671875 0.63808837890625 0.274669921875 0.6432568359375 0.27691796875 0.64864990234375 0.27894140625
0 0.66337890625 0.18481494140625 0.65943603515625 0.18069287109375 0.65943603515625 0.17754541015625 0.66235693359375 0.1719248046875 0.6650537109375 0.17282373046875 0.66730078125 0.17552197265625 0.667525390625 0.18159228515625
0 0.41122900390625 0.32127294921875 0.40618896484375 0.32014404296875 0.40304296875 0.3174462890625 0.403267578125 0.3136240234375 0.40663818359375 0.3118251953125 0.4102333984375 0.31317431640625 0.41360400390625 0.316546875 0.4142783203125 0.3196943359375
0 0.460119140625 0.39950732421875 0.46079296875 0.402205078125 0.45966943359375 0.40670166015625 0.4565234375 0.408275390625 0.45495068359375 0.40670166015625 0.45472607421875 0.40332958984375 0.45674853515625 0.40130615234375
0 0.60071240234375 0.3368466796875 0.596517578125 0.34240185546875 0.5900009765625 0.34262646484375 0.583259765625 0.34150244140625 0.58101220703125 0.33857958984375 0.58056298828125 0.3338583984375 0.58685498046875 0.33026123046875 0.59179833984375 0.33026123046875 0.59831494140625 0.332734375
0 0.60812841796875 0.35167919921875 0.609775390625 0.35386767578125 0.609775390625 0.35656591796875 0.6061796875 0.35948828125 0.6034833984375 0.357240234375 0.60303369140625 0.35499169921875 0.60460693359375 0.35274365234375
0 0.487986328125 0.317935546875 0.48753369140625 0.3226171875 0.48528662109375 0.324865234375 0.48101708984375 0.32531494140625 0.47966845703125 0.32306689453125 0.48146630859375 0.3199189453125 0.48416259765625 0.31834521484375
0 0.42754443359375 0.36651123046875 0.42618798828125 0.37277294921875 0.42394091796875 0.37726953125 0.42034521484375 0.37771923828125 0.4187724609375 0.37524609375 0.41944677734375 0.37097412109375 0.42146875 0.36895068359375 0.42439013671875 0.36670263671875
0 0.5602939453125 0.366140625 0.5639345703125 0.36895068359375 0.56326025390625 0.3741220703125 0.55831689453125 0.37592041015625 0.55629443359375 0.37164892578125 0.557193359375 0.36872607421875 0.56011474609375 0.3664775390625
0 0.4512763671875 0.43918994140625 0.4540517578125 0.4427333984375 0.4533779296875 0.44812890625 0.4497822265625 0.45037744140625 0.446861328125 0.4492529296875 0.447310546875 0.44453173828125 0.44865869140625 0.44228369140625
0 0.60738671875 0.43807763671875 0.605505859375 0.44160888671875 0.601685546875 0.441833984375 0.5996630859375 0.4391357421875 0.60101171875 0.43643798828125 0.6041572265625 0.435763671875
0 0.50798193359375 0.427669921875 0.5064091796875 0.43216650390625 0.50281396484375 0.43396484375 0.50056640625 0.43216650390625 0.5019150390625 0.42811962890625 0.504611328125 0.42722021484375
0 0.51270068359375 0.45109130859375 0.51629638671875 0.45333935546875 0.51652099609375 0.45626220703125 0.51449853515625 0.459634765625 0.5109033203125 0.45940966796875 0.50955517578125 0.4558125 0.51000439453125 0.45221533203125
0 0.584396484375 0.5285546875 0.58236083984375 0.53742431640625 0.57831591796875 0.5421455078125 0.57359716796875 0.54326953125 0.570900390625 0.541021484375 0.5726982421875 0.53450146484375 0.57337255859375 0.53112890625 0.57651806640625 0.52730712890625 0.5814619140625 0.52550830078125
0 0.67264892578125 0.38468115234375 0.6697724609375 0.39510986328125 0.66348046875 0.39915673828125 0.65988525390625 0.396908203125 0.65966064453125 0.3915126953125 0.66168310546875 0.38701611328125 0.6657275390625 0.384767578125 0.6693232421875 0.38296923828125 0.672244140625 0.38409326171875
0 0.56140625 0.51372265625 0.561462890625 0.51718994140625 0.557642578125 0.52033740234375 0.55404736328125 0.5205625 0.55269921875 0.5178642578125 0.55449658203125 0.51404248046875 0.557193359375 0.51201904296875
0 0.42420703125 0.5326337890625 0.42259228515625 0.53611474609375 0.41719970703125 0.5374638671875 0.41337939453125 0.534765625 0.4140537109375 0.53004443359375 0.41764892578125 0.5286953125 0.421244140625 0.52981982421875
0 0.6214775390625 0.60568310546875 0.61741552734375 0.61345458984375 0.6079775390625 0.615927734375 0.60483154296875 0.6125556640625 0.60438232421875 0.60603564453125 0.6084267578125 0.59929052734375 0.61516845703125 0.59816650390625 0.61898828125 0.599515625 0.6214599609375 0.60423681640625
0 0.6570751953125 0.5478369140625 0.6544921875 0.5601708984375 0.64707666015625 0.56466748046875 0.640560546875 0.5637685546875 0.63718994140625 0.55724853515625 0.64011083984375 0.54803076171875 0.6434814453125 0.54533251953125 0.6479755859375 0.54240966796875 0.65359326171875 0.542859375
0 0.4842783203125 0.57119775390625 0.486859375 0.5763583984375 0.48618505859375 0.58063037109375 0.48146630859375 0.5842275390625 0.478095703125 0.57973095703125 0.47877001953125 0.577033203125 0.4803427734375 0.5741103515625
0 0.47899462890625 0.540611328125 0.4783203125 0.54600732421875 0.4736015625 0.54735595703125 0.47023095703125 0.54398388671875 0.47000634765625 0.53993701171875 0.47225341796875 0.53836328125 0.4756240234375 0.53791357421875
0 0.4598046875 0.6186611328125 0.46191650390625 0.62111865234375 0.46034375 0.62786328125 0.456298828125 0.6287626953125 0.4536025390625 0.62606494140625 0.45270361328125 0.62314208984375 0.45517529296875 0.619544921875
0 0.6140615234375 0.591962890625 0.60887646484375 0.5950390625 0.60280908203125 0.5943642578125 0.60056201171875 0.59144140625 0.60078662109375 0.58784423828125 0.60438232421875 0.58537109375 0.6077529296875 0.58582080078125 0.61112353515625 0.58761962890625 0.614044921875 0.5903173828125
0 0.65151318359375 0.5886259765625 0.645728515625 0.5909921875 0.641458984375 0.589193359375 0.6389873046875 0.58559619140625 0.6389873046875 0.58064990234375 0.64235791015625 0.5799755859375 0.64842529296875 0.58154931640625 0.65134619140625 0.58537109375
0 0.411970703125 0.584546875 0.41248046875 0.59146142578125 0.4100087890625 0.596857421875 0.4052900390625 0.60045458984375 0.4010205078125 0.59843115234375 0.39989697265625 0.59101171875 0.4034921875 0.58539111328125 0.40686279296875 0.58336767578125
0 0.5250673828125 0.63831396484375 0.52281298828125 0.64114794921875 0.5196669921875 0.6409228515625 0.517419921875 0.63755078125 0.51831884765625 0.63440283203125 0.52146435546875 0.63395361328125 0.52348681640625 0.63530224609375
0 0.62815185546875 0.678732421875 0.6304482421875 0.68388427734375 0.6255048828125 0.694451171875 0.619212890625 0.69984716796875 0.6124716796875 0.69602490234375 0.61044921875 0.6854580078125 0.6129208984375 0.68051220703125 0.62056103515625 0.67848876953125
0 0.61183642578125 0.75511865234375 0.610224609375 0.76038427734375 0.605505859375 0.76420654296875 0.5996630859375 0.76555517578125 0.596966796875 0.76150830078125 0.59831494140625 0.7554384765625 0.60235986328125 0.7536396484375 0.6084267578125 0.7513916015625
0 0.5109765625 0.71952099609375 0.50820654296875 0.7253115234375 0.50146533203125 0.73070751953125 0.495623046875 0.73228125 0.49202783203125 0.72958349609375 0.4931513671875 0.72463720703125 0.49719580078125 0.720140625 0.50326318359375 0.71766748046875 0.50820654296875 0.7172177734375
0 0.56595703125 0.7311572265625 0.561912109375 0.73565380859375 0.55741796875 0.7352041015625 0.55382275390625 0.732056640625 0.55427197265625 0.72868408203125 0.557193359375 0.726435546875 0.5616875 0.72778466796875
0 0.55139453125 0.7354658203125 0.54573291015625 0.73880126953125 0.5421376953125 0.7374521484375 0.54101416015625 0.730482421875 0.54573291015625 0.72486181640625 0.548205078125 0.72463720703125 0.55359814453125 0.72576123046875 0.5549462890625 0.728234375 0.55404736328125 0.7331806640625
0 0.57735107421875 0.8218642578125 0.5726982421875 0.82200634765625 0.56955224609375 0.81930859375 0.56977685546875 0.81481201171875 0.57337255859375 0.8145869140625 0.5767431640625 0.81795947265625
0 0.60865185546875 0.73432421875 0.6037080078125 0.73342529296875 0.6032587890625 0.72960302734375 0.60528125 0.72645556640625 0.6084267578125 0.72668017578125 0.61157275390625 0.73072705078125
0 0.49095263671875 0.76290576171875 0.49270166015625 0.76602490234375 0.49292626953125 0.77321923828125 0.4888818359375 0.77681640625 0.4848369140625 0.77614208984375 0.48416259765625 0.77142041015625 0.48573583984375 0.7657998046875 0.48820751953125 0.76265234375
0 0.4153076171875 0.93347802734375 0.4104580078125 0.9315556640625 0.40910986328125 0.9277333984375 0.41360400390625 0.92413623046875 0.416525390625 0.926384765625 0.4185478515625 0.93065625
0 0.66337890625 0.97055859375 0.6650537109375 0.97472216796875 0.6648291015625 0.97989306640625 0.6610087890625 0.98101708984375 0.6565146484375 0.9780947265625 0.65718896484375 0.973373046875 0.65943603515625 0.97089990234375
0 0.5962626953125 0.95980517578125 0.59629248046875 0.9650546875 0.5942705078125 0.96775244140625 0.59179833984375 0.967078125 0.5908994140625 0.9641552734375 0.59247265625 0.96168212890625 0.59359619140625 0.9601083984375
0 0.74940625 0.86561962890625 0.7495234375 0.87197705078125 0.74570361328125 0.87714794921875 0.73986083984375 0.8769228515625 0.7385126953125 0.873775390625 0.7400859375 0.8683798828125 0.7430068359375 0.86478271484375 0.7468271484375 0.86388330078125
0 0.69934716796875 0.9494228515625 0.701435546875 0.9540380859375 0.70188525390625 0.95965869140625 0.69963818359375 0.9639306640625 0.6944697265625 0.96370556640625 0.69289697265625 0.95965869140625 0.69289697265625 0.95426318359375 0.6949189453125 0.950666015625
0 0.675986328125 0.93829833984375 0.66952685546875 0.9367265625 0.66683056640625 0.93110595703125 0.6684033203125 0.92705908203125 0.67334716796875 0.92615966796875 0.678515625 0.9293076171875 0.67986376953125 0.9338037109375
0 0.89365087890625 0.9820537109375 0.8919892578125 0.989560546875 0.88727001953125 0.99383251953125 0.88277587890625 0.99293310546875 0.881427734375 0.99001025390625 0.8834501953125 0.98573876953125 0.88704541015625 0.98169189453125 0.89086572265625 0.9803427734375
0 0.8550869140625 0.98019970703125 0.8546875 0.9841650390625 0.8488447265625 0.98686279296875 0.84502490234375 0.9866376953125 0.8439013671875 0.98393994140625 0.84772119140625 0.9783193359375 0.85176611328125 0.9771953125
0 0.64930322265625 0.85871240234375 0.64728076171875 0.86298388671875 0.64278662109375 0.8643330078125 0.639640625 0.8625341796875 0.639416015625 0.85938671875 0.64233740234375 0.85691357421875 0.6454833984375 0.857138671875
0 0.8906845703125 0.90529638671875 0.89086572265625 0.90997265625 0.88727001953125 0.9131201171875 0.8836748046875 0.9124453125 0.88434912109375 0.9083984375 0.8877197265625 0.9052509765625
0 0.93555224609375 0.92680322265625 0.93805419921875 0.92818310546875 0.93962744140625 0.9313310546875 0.93985205078125 0.93830029296875 0.938728515625 0.94122314453125 0.93513330078125 0.94009912109375 0.9322119140625 0.93515283203125 0.93131298828125 0.92998193359375 0.93266162109375 0.92705908203125
0 0.9136748046875 0.802953125 0.91064013671875 0.80720751953125 0.9054716796875 0.80743212890625 0.90210107421875 0.8038349609375 0.9038984375 0.79911376953125 0.90861767578125 0.79798974609375 0.91108935546875 0.80001318359375
0 0.9006962890625 0.854125 0.89783154296875 0.85824267578125 0.8926630859375 0.85779296875 0.890416015625 0.8544208984375 0.8928876953125 0.85104833984375 0.8971572265625 0.8503740234375
0 0.76201416015625 0.89454296875 0.76323095703125 0.90028515625 0.75985986328125 0.90410693359375 0.75514111328125 0.90478173828125 0.753568359375 0.9014091796875 0.7562646484375 0.89758740234375 0.758736328125 0.8951142578125
0 0.66894091796875 0.81296484375 0.6684033203125 0.817099609375 0.6639091796875 0.81957275390625 0.66053857421875 0.81867333984375 0.66008935546875 0.81664990234375 0.66256103515625 0.813052734375 0.66570703125 0.81237841796875
0 0.6796943359375 0.82668505859375 0.68233544921875 0.8283408203125 0.68233544921875 0.83193798828125 0.678515625 0.8341865234375 0.67536962890625 0.83283740234375 0.67559423828125 0.82879052734375
0 0.820306640625 0.96640380859375 0.8216552734375 0.9700009765625 0.81918310546875 0.97359814453125 0.81536328125 0.97359814453125 0.81401513671875 0.97045068359375 0.8149140625 0.96752783203125
0 0.94222705078125 0.8018408203125 0.94164990234375 0.80763720703125 0.93782958984375 0.8103349609375 0.93468359375 0.80966064453125 0.93535791015625 0.8051640625 0.93782958984375 0.80224169921875
0 0.8528623046875 0.8040654296875 0.84951904296875 0.811234375 0.8443505859375 0.815056640625 0.8398564453125 0.81663037109375 0.8353623046875 0.81685498046875 0.8355869140625 0.81280810546875 0.8398564453125 0.806962890625 0.84480029296875 0.80269091796875 0.85041796875 0.80021826171875 0.8533388671875 0.80134228515625
0 0.83283837890625 0.73917431640625 0.83671044921875 0.742623046875 0.837833984375 0.744646484375 0.83671044921875 0.7516162109375 0.83244091796875 0.7554384765625 0.828171875 0.7556630859375 0.82727294921875 0.75004248046875 0.82794677734375 0.7455458984375 0.82862109375 0.74217333984375 0.83199169921875 0.73970068359375
0 0.72715771484375 0.72990380859375 0.7205361328125 0.730033203125 0.7167158203125 0.7262109375 0.71806396484375 0.72283837890625 0.7207607421875 0.7210400390625 0.7254794921875 0.722388671875 0.727951171875 0.72463720703125 0.72885009765625 0.72778466796875
0 0.9744873046875 0.7269375 0.97063720703125 0.7306875 0.965244140625 0.72978857421875 0.9627724609375 0.7275400390625 0.96232275390625 0.72259375 0.96659228515625 0.7205703125 0.9717607421875 0.7214697265625 0.974232421875 0.72371826171875
0 0.9173828125 0.74807373046875 0.91738134765625 0.75180126953125 0.9140107421875 0.75292578125 0.9124375 0.75157666015625 0.912212890625 0.74955322265625 0.9144599609375 0.747080078125
0 0.7308662109375 0.643134765625 0.727052734375 0.64429541015625 0.72413134765625 0.64227197265625 0.72458056640625 0.6388994140625 0.72817626953125 0.63844970703125 0.73109716796875 0.64024853515625
0 0.67042578125 0.6182158203125 0.6652578125 0.62001416015625 0.66256103515625 0.61529296875 0.665482421875 0.61326953125 0.66907763671875 0.6141689453125
0 0.7427822265625 0.5237890625 0.73783837890625 0.52041650390625 0.7380634765625 0.5170439453125 0.74210791015625 0.51434619140625 0.74570361328125 0.51771875 0.74525390625 0.5206416015625
0 0.7825556640625 0.57010302734375 0.78165673828125 0.57482421875 0.77738720703125 0.5759482421875 0.77469091796875 0.57527392578125 0.7737919921875 0.5737001953125 0.77469091796875 0.57100244140625 0.77738720703125 0.5676298828125 0.780533203125 0.56695556640625 0.78345458984375 0.5696533203125
0 0.907494140625 0.51029931640625 0.907494140625 0.513896484375 0.90457275390625 0.51771875 0.89873046875 0.51524560546875 0.89783154296875 0.5107490234375 0.90052783203125 0.5076015625 0.90434814453125 0.50805126953125
0 0.9392607421875 0.6572255859375 0.93782958984375 0.66273095703125 0.9322119140625 0.6649794921875 0.925919921875 0.6631806640625 0.9236728515625 0.66048291015625 0.9234482421875 0.65261376953125 0.92861669921875 0.6510400390625 0.93580712890625 0.6528388671875
0 0.92183251953125 0.6572255859375 0.916931640625 0.6589091796875 0.91086474609375 0.65553662109375 0.907943359375 0.6528388671875 0.90637060546875 0.650140625 0.907494140625 0.64654345703125 0.912212890625 0.64631884765625 0.91805517578125 0.64721826171875 0.92142578125 0.649916015625 0.92277392578125 0.65351318359375
0 0.74273193359375 0.65055078125 0.7425576171875 0.65798974609375 0.73738916015625 0.65956396484375 0.73244580078125 0.65956396484375 0.73267041015625 0.65574169921875 0.73536669921875 0.651919921875 0.7387373046875 0.6510205078125
0 0.82097265625 0.61791943359375 0.82075634765625 0.62404150390625 0.81648681640625 0.62853759765625 0.81221728515625 0.6267392578125 0.811318359375 0.62201806640625 0.8131162109375 0.6168466796875 0.81603759765625 0.61414892578125 0.819408203125 0.61414892578125
0 0.81244189453125 0.5981865234375 0.81401513671875 0.59953515625 0.81423974609375 0.60358203125 0.8092958984375 0.6083037109375 0.8048017578125 0.609427734375 0.8025546875 0.60762890625 0.802779296875 0.60380712890625 0.806150390625 0.6004345703125 0.80952099609375 0.59863623046875
0 0.77944189453125 0.49369873046875 0.77873583984375 0.49766943359375 0.775365234375 0.50059228515625 0.77087060546875 0.49789453125 0.771095703125 0.494072265625 0.7737919921875 0.49249853515625 0.77648876953125 0.49249853515625
0 0.68340234375 0.52892578125 0.6816611328125 0.53247802734375 0.678740234375 0.53427685546875 0.67559423828125 0.53225341796875 0.67581884765625 0.52910546875 0.67806591796875 0.52640771484375 0.6807626953125 0.5266328125
0 0.9084833984375 0.358724609375 0.90816796875 0.3615712890625 0.90479736328125 0.36336962890625 0.9012021484375 0.360671875 0.9012021484375 0.356400390625 0.903224609375 0.354826171875 0.9061455078125 0.35505126953125
0 0.77202587890625 0.3598369140625 0.7697470703125 0.36539306640625 0.7652529296875 0.36539306640625 0.76278125 0.3617958984375 0.76345556640625 0.35819873046875 0.76615185546875 0.35595068359375 0.7695224609375 0.356400390625
0 0.76312646484375 0.2845625 0.76143310546875 0.288443359375 0.7564892578125 0.2891181640625 0.75244482421875 0.28889306640625 0.75087158203125 0.28484619140625 0.75469189453125 0.28259814453125 0.75851171875 0.28147412109375 0.762556640625 0.28147412109375
0 0.68859375 0.2708427734375 0.68480712890625 0.2729306640625 0.6816611328125 0.27270556640625 0.6807626953125 0.26933349609375 0.68188623046875 0.267984375 0.68413330078125 0.26618603515625 0.68660498046875 0.265736328125 0.68840283203125 0.26753466796875
0 0.94964306640625 0.31089013671875 0.9474921875 0.31407373046875 0.94254833984375 0.3158720703125 0.93782958984375 0.3154228515625 0.9362568359375 0.3136240234375 0.938279296875 0.30822802734375 0.94164990234375 0.30710400390625 0.94479541015625 0.3077783203125
0 0.86435693359375 0.20261376953125 0.86075439453125 0.21016455078125 0.85581103515625 0.21690966796875 0.85154150390625 0.22208056640625 0.84569873046875 0.22387890625 0.84255322265625 0.22208056640625 0.84120458984375 0.21915771484375 0.84300244140625 0.21196337890625 0.84749658203125 0.2031953125 0.85221533203125 0.19982275390625 0.85828271484375 0.1984736328125 0.8621025390625 0.199373046875
0 0.8702900390625 0.292349609375 0.8663720703125 0.2960478515625 0.8612041015625 0.29627294921875 0.859181640625 0.29424951171875 0.8612041015625 0.29065234375 0.86479931640625 0.288853515625 0.86839453125 0.28930322265625
0 0.7583056640625 0.18629833984375 0.76120849609375 0.1894609375 0.7605341796875 0.19305810546875 0.757837890625 0.197330078125 0.754017578125 0.1964306640625 0.753568359375 0.19283349609375 0.75491650390625 0.1881123046875 0.75693896484375 0.1863134765625
0 0.87401220703125 0.1802431640625 0.87828173828125 0.18159228515625 0.8789560546875 0.18473974609375 0.87850634765625 0.18901123046875 0.87558544921875 0.1926083984375 0.87221484375 0.1923837890625 0.86929345703125 0.18991064453125 0.86906884765625 0.1863134765625 0.8701923828125 0.18181689453125
0 0.92739453125 0.2426611328125 0.9229990234375 0.2413955078125 0.920751953125 0.2393720703125 0.91962841796875 0.23667431640625 0.9209765625 0.234201171875 0.925021484375 0.2339765625 0.92704345703125 0.2353251953125 0.92839208984375 0.23869775390625
0 0.75087158203125 0.12849365234375 0.75087158203125 0.13366455078125 0.74795068359375 0.13771142578125 0.74413037109375 0.1388359375 0.74053515625 0.1368125 0.73986083984375 0.13343994140625 0.7430068359375 0.1307421875 0.74637744140625 0.1296181640625
0 0.75738818359375 0.1685126953125 0.75266943359375 0.16873779296875 0.74862451171875 0.16761328125 0.7470517578125 0.165365234375 0.74907421875 0.16176806640625 0.75289404296875 0.16109326171875 0.75693896484375 0.16266748046875 0.758287109375 0.16581494140625
0 0.8838994140625 0.149177734375 0.87985498046875 0.1523251953125 0.87581005859375 0.15187548828125 0.8744619140625 0.14850341796875 0.87828173828125 0.14580517578125 0.88165234375 0.14647998046875
0 0.71825830078125 0.10509130859375 0.71559228515625 0.11003857421875 0.7117724609375 0.10936376953125 0.709525390625 0.106666015625 0.71064892578125 0.10441748046875 0.71356982421875 0.10194482421875 0.71581689453125 0.10284375
0 0.77536328125 0.150330078125 0.775365234375 0.15477880859375 0.77176953125 0.1595 0.76862353515625 0.15927490234375 0.767275390625 0.15612744140625 0.76839892578125 0.151181640625 0.771095703125 0.14893310546875 0.77514013671875 0.149158203125
0 0.9874658203125 0.0876630859375 0.982771484375 0.08618701171875 0.98164794921875 0.0834892578125 0.98209716796875 0.08011669921875 0.9845693359375 0.07876806640625 0.98681640625 0.07921728515625 0.9890634765625 0.08303955078125 0.9897373046875 0.08618701171875
0 0.9537841796875 0.12373291015625 0.9495146484375 0.1262060546875 0.943671875 0.1264306640625 0.94030126953125 0.12395751953125 0.938728515625 0.121259765625 0.94232373046875 0.11743798828125 0.9456943359375 0.11676318359375 0.9492900390625 0.11743798828125 0.952435546875 0.119236328125
0 0.1994169921875 0.95124365234375 0.1962470703125 0.95398193359375 0.19183837890625 0.9541826171875 0.18923291015625 0.9517763671875 0.1886318359375 0.94836767578125 0.1908359375 0.946162109375 0.19384228515625 0.94515966796875 0.19744970703125 0.94636279296875 0.199052734375 0.947966796875
0 0.21462939453125 0.958849609375 0.210876953125 0.9603984375 0.20726953125 0.96059912109375 0.20526513671875 0.9591953125 0.20606689453125 0.9565888671875 0.20887255859375 0.9541826171875 0.21147802734375 0.95378173828125 0.2136826171875 0.95578662109375
0 0.3194970703125 0.96942138671875 0.31629052734375 0.971025390625 0.31348486328125 0.969220703125 0.31268310546875 0.96621337890625 0.31468701171875 0.96440869140625 0.31749267578125 0.9654111328125 0.31909619140625 0.96701513671875
0 0.298958984375 0.91222021484375 0.29584912109375 0.91167431640625 0.29424560546875 0.9086669921875 0.29524755859375 0.9068623046875 0.29985693359375 0.9086669921875 0.30166064453125 0.91147412109375
0 0.30888037109375 0.8288828125 0.30747265625 0.8324375 0.30446630859375 0.83203662109375 0.30226220703125 0.8298310546875 0.303865234375 0.8274248046875 0.30627001953125 0.826623046875 0.30807373046875 0.826623046875
0 0.2529619140625 0.8123515625 0.2483525390625 0.81215087890625 0.24694970703125 0.8099453125 0.247150390625 0.8073388671875 0.249154296875 0.80533349609375 0.25155908203125 0.80533349609375 0.2539638671875 0.808140625 0.254765625 0.8099453125
0 0.19764990234375 0.73535546875 0.19484423828125 0.73695947265625 0.19103662109375 0.73675927734375 0.19003466796875 0.73495458984375 0.19103662109375 0.7327490234375 0.19484423828125 0.73234765625
0 0.19384228515625 0.73896484375 0.1906357421875 0.7403681640625 0.1870283203125 0.74016796875 0.185826171875 0.7379619140625 0.1870283203125 0.73575634765625 0.189833984375 0.73475390625 0.19223876953125 0.73575634765625
0 0.1468349609375 0.88377978515625 0.14333984375 0.88433447265625 0.14093505859375 0.88252978515625 0.1413359375 0.8801240234375 0.1445419921875 0.87912109375 0.14734814453125 0.87992333984375 0.14855029296875 0.88172802734375
0 0.14835009765625 0.79406982421875 0.149953125 0.79647607421875 0.1497529296875 0.8006865234375 0.14574462890625 0.8030927734375 0.14394091796875 0.7994833984375 0.14474267578125 0.79647607421875
0 0.05489892578125 0.64897900390625 0.0561630859375 0.65127099609375 0.05576220703125 0.65728662109375 0.05275634765625 0.65848974609375 0.05095263671875 0.6570859375 0.050751953125 0.6532763671875 0.05195458984375 0.6508701171875
0 0.32773046875 0.7028837890625 0.322302734375 0.70220068359375 0.31989794921875 0.69959423828125 0.3204990234375 0.69778955078125 0.32370556640625 0.6969873046875 0.326912109375 0.697990234375 0.3287158203125 0.70039599609375
0 0.14716552734375 0.48991015625 0.14293896484375 0.4891533203125 0.14213720703125 0.48654638671875 0.14293896484375 0.48313818359375 0.146345703125 0.48213525390625 0.14855029296875 0.4847421875 0.148951171875 0.48694775390625
0 0.35418701171875 0.514712890625 0.35056005859375 0.515419921875 0.3463515625 0.51301416015625 0.34675244140625 0.51000634765625 0.34895654296875 0.50739990234375 0.35256396484375 0.50679833984375 0.355970703125 0.5092041015625 0.3557705078125 0.51301416015625
0 0.08466259765625 0.40624169921875 0.0832177734375 0.408896484375 0.08001123046875 0.408294921875 0.07820751953125 0.406490234375 0.07900927734375 0.40448486328125 0.08261669921875 0.4032822265625
0 0.26522705078125 0.38309228515625 0.2683935546875 0.38503564453125 0.26859375 0.38824365234375 0.26819287109375 0.3914521484375 0.26618896484375 0.39285546875 0.2631826171875 0.39165234375 0.26198046875 0.3890458984375 0.26258154296875 0.38503564453125
0 0.27901513671875 0.38199267578125 0.2780126953125 0.3860029296875 0.274205078125 0.3854013671875 0.272201171875 0.3829951171875 0.27260205078125 0.37998779296875 0.27520703125 0.37898486328125 0.2770107421875 0.379185546875
0 0.0952451171875 0.34671484375 0.09464111328125 0.35009375 0.09203564453125 0.35149755859375 0.08862890625 0.3506953125 0.087626953125 0.3480888671875 0.08842822265625 0.3450810546875 0.091234375 0.343677734375 0.09363916015625 0.34407861328125
0 0.01785986328125 0.27329833984375 0.01868701171875 0.27805810546875 0.01768505859375 0.2828701171875 0.01507958984375 0.2852763671875 0.01087109375 0.281466796875 0.01087109375 0.277857421875 0.012474609375 0.2752509765625 0.01487939453125 0.273044921875 0.017083984375 0.2728447265625
0 0.09623681640625 0.01931689453125 0.09283740234375 0.02213623046875 0.08902978515625 0.02273779296875 0.087025390625 0.01973046875 0.08902978515625 0.01712353515625 0.09183544921875 0.01652197265625 0.0952421875 0.01632177734375
0 0.64223095703125 0.13175634765625 0.638359375 0.13084130859375 0.63856005859375 0.126630859375 0.6417666015625 0.124826171875 0.64417138671875 0.12643017578125 0.64437158203125 0.1292373046875
0 0.69481298828125 0.16714208984375 0.699283203125 0.1665322265625 0.7010869140625 0.16452734375 0.7014873046875 0.16031640625 0.6994833984375 0.15851171875 0.69627685546875 0.15911328125 0.693671875 0.16172021484375 0.6930703125 0.16452734375
0 0.46861083984375 0.072560546875 0.4678134765625 0.076302734375 0.4650078125 0.07790673828125 0.462001953125 0.078107421875 0.46079931640625 0.07610205078125 0.4618017578125 0.07289404296875 0.46420654296875 0.07149072265625
0 0.65149072265625 0.02427734375 0.64817919921875 0.02697705078125 0.64336962890625 0.02697705078125 0.6417666015625 0.023568359375 0.64417138671875 0.0209619140625 0.64717724609375 0.02076123046875 0.64978271484375 0.02176416015625
0 0.61742822265625 0.01667138671875 0.612306640625 0.0173525390625 0.60869921875 0.01614990234375 0.60789794921875 0.01374365234375 0.609701171875 0.01073583984375 0.6121064453125 0.01053564453125 0.6159140625 0.01113671875 0.61791796875 0.0133427734375
0 0.51656298828125 0.01667138671875 0.51971875 0.01873876953125 0.5203203125 0.0221474609375 0.519318359375 0.02535546875 0.5159111328125 0.02756103515625 0.51270458984375 0.02635791015625 0.512103515625 0.02375146484375 0.51330615234375 0.01934033203125
0 0.64437158203125 0.15674267578125 0.64537353515625 0.1603515625 0.643970703125 0.163359375 0.64056396484375 0.16536474609375 0.63695654296875 0.16476318359375 0.63575439453125 0.163359375 0.6365556640625 0.15934912109375 0.6391611328125 0.1571435546875 0.64136572265625 0.1565419921875
0 0.38626513671875 0.1628427734375 0.38264111328125 0.1615546875 0.38063671875 0.15995068359375 0.38183935546875 0.15734423828125 0.3840439453125 0.1559404296875 0.38584765625 0.1559404296875 0.38845263671875 0.15814599609375 0.3880517578125 0.16115380859375
0 0.40147900390625 0.21348681640625 0.40228076171875 0.21649462890625 0.4008779296875 0.22090576171875 0.39646923828125 0.2211064453125 0.39506640625 0.21950244140625 0.3952666015625 0.2166953125 0.39747119140625 0.2136875
0 0.35121044921875 0.14961474609375 0.34756982421875 0.1483212890625 0.34636767578125 0.14551416015625 0.3477705078125 0.14391015625 0.349974609375 0.14370947265625 0.352580078125 0.14571435546875
0 0.65711279296875 0.24386572265625 0.6549931640625 0.24881201171875 0.6513857421875 0.2484111328125 0.64878076171875 0.2472080078125 0.648580078125 0.24460107421875 0.64998291015625 0.24139306640625 0.65258837890625 0.24139306640625
0 0.660419921875 0.2845419921875 0.65639599609375 0.28371826171875 0.653791015625 0.28191357421875 0.65339013671875 0.2783046875 0.65459228515625 0.27629931640625 0.6575986328125 0.27629931640625 0.66000341796875 0.27810400390625 0.66140625 0.2809111328125
0 0.56021630859375 0.3936748046875 0.5563935546875 0.3934501953125 0.55519091796875 0.39084375 0.55599267578125 0.3884375 0.5583974609375 0.38823681640625 0.56080224609375 0.38984130859375
0 0.6151123046875 0.349337890625 0.610302734375 0.3491376953125 0.60809814453125 0.34753369140625 0.60729638671875 0.34512744140625 0.6084990234375 0.34332275390625 0.61270751953125 0.3435234375 0.61571337890625 0.34512744140625 0.616916015625 0.34693212890625
0 0.41702099609375 0.35332861328125 0.41410498046875 0.353548828125 0.4121005859375 0.35194482421875 0.4121005859375 0.350541015625 0.41290234375 0.3491376953125 0.4157080078125 0.3491376953125 0.4173115234375 0.3509423828125
0 0.6290029296875 0.27462109375 0.62853955078125 0.2781572265625 0.626134765625 0.27935986328125 0.62272802734375 0.277154296875 0.6243310546875 0.27354541015625 0.6263349609375 0.27314404296875
0 0.4765478515625 0.41913916015625 0.47643115234375 0.4219580078125 0.47342529296875 0.42416357421875 0.47061962890625 0.42336181640625 0.47061962890625 0.4201533203125 0.47262353515625 0.41875
0 0.47081982421875 0.39127978515625 0.4696171875 0.3946884765625 0.46641064453125 0.39689404296875 0.46340478515625 0.39689404296875 0.462001953125 0.3946884765625 0.46300390625 0.39188134765625 0.46540869140625 0.38927490234375 0.4678134765625 0.3888740234375
0 0.5344208984375 0.407564453125 0.53114208984375 0.4101279296875 0.52693359375 0.40972705078125 0.52452880859375 0.4071201171875 0.52533056640625 0.40531591796875 0.52733447265625 0.40411279296875 0.53154296875 0.404513671875
0 0.43719384765625 0.3688720703125 0.43635009765625 0.375439453125 0.432341796875 0.37944970703125 0.4295361328125 0.3776455078125 0.42913525390625 0.37423681640625 0.429736328125 0.37122900390625 0.432341796875 0.36802099609375
0 0.51920849609375 0.37118701171875 0.51510986328125 0.370828125 0.51270458984375 0.36922412109375 0.51270458984375 0.36641650390625 0.51430810546875 0.36441162109375 0.51771484375 0.3658154296875 0.52011962890625 0.36822119140625
0 0.61544384765625 0.45882373046875 0.614912109375 0.4616767578125 0.61190576171875 0.46328076171875 0.60829833984375 0.46147607421875 0.6074970703125 0.45947119140625 0.6095009765625 0.4574658203125 0.6121064453125 0.45706494140625
0 0.6197431640625 0.39698193359375 0.61912060546875 0.40052099609375 0.6167158203125 0.40172412109375 0.61531298828125 0.39931787109375 0.61551318359375 0.396912109375 0.61751708984375 0.3959091796875
0 0.42165087890625 0.4657685546875 0.4183134765625 0.46752685546875 0.41510693359375 0.46692529296875 0.41330322265625 0.46572216796875 0.41350341796875 0.46371728515625 0.41610888671875 0.4617119140625 0.4193154296875 0.46191259765625 0.4213193359375 0.46311572265625
0 0.43487890625 0.45220947265625 0.4321416015625 0.45509521484375 0.4279326171875 0.45549609375 0.4259287109375 0.45489453125 0.42452587890625 0.4522880859375 0.42813330078125 0.4504833984375 0.4321416015625 0.4504833984375
0 0.4064384765625 0.4131865234375 0.4062890625 0.41659716796875 0.40388427734375 0.42040673828125 0.39967578125 0.420005859375 0.398072265625 0.418201171875 0.398072265625 0.4149931640625 0.400677734375 0.4107822265625 0.4034833984375 0.4113837890625
0 0.594609375 0.5037998046875 0.593869140625 0.50742822265625 0.59086328125 0.5090322265625 0.5882578125 0.50883203125 0.58665478515625 0.50762890625 0.5864541015625 0.50462109375 0.5890595703125 0.5026162109375 0.5920654296875 0.50281640625
0 0.44909912109375 0.54017724609375 0.4509794921875 0.54373828125 0.4509794921875 0.54654541015625 0.44977734375 0.5499541015625 0.44596923828125 0.5517587890625 0.44196142578125 0.550154296875 0.44115966796875 0.54594384765625 0.4425625 0.54333740234375 0.4443662109375 0.54113134765625
0 0.62305029296875 0.49850830078125 0.62012255859375 0.49742041015625 0.618919921875 0.49320947265625 0.619921875 0.4896005859375 0.6233291015625 0.4889990234375 0.62733740234375 0.49240771484375 0.62713671875 0.49481396484375
0 0.5529404296875 0.588791015625 0.55258544921875 0.59329931640625 0.548376953125 0.5979111328125 0.5445693359375 0.5967080078125 0.5435673828125 0.59370068359375 0.54396826171875 0.5908935546875 0.5475751953125 0.5878857421875 0.55078173828125 0.5878857421875
0 0.551287109375 0.64236474609375 0.5481767578125 0.64344482421875 0.54416845703125 0.64304345703125 0.5425654296875 0.640837890625 0.544369140625 0.6376298828125 0.54677392578125 0.63662744140625 0.54937890625 0.63722900390625 0.55078173828125 0.63923388671875
0 0.425619140625 0.707513671875 0.425728515625 0.71021435546875 0.423123046875 0.7122197265625 0.4203173828125 0.71141748046875 0.4193154296875 0.70941259765625 0.420517578125 0.70720703125 0.42252197265625 0.7068056640625
0 0.54136572265625 0.7048681640625 0.53815625 0.70379833984375 0.53675341796875 0.70139208984375 0.53775537109375 0.69958740234375 0.5399599609375 0.6985849609375 0.541763671875 0.69878564453125 0.54296630859375 0.70119140625
0 0.59328662109375 0.62516845703125 0.59066259765625 0.6276044921875 0.5870556640625 0.6276044921875 0.585251953125 0.62559912109375 0.587255859375 0.623193359375 0.59046240234375 0.621990234375 0.5928671875 0.6227919921875
0 0.5466572265625 0.7769619140625 0.5475751953125 0.7792431640625 0.5455712890625 0.78405517578125 0.54236474609375 0.7844560546875 0.5399599609375 0.7826513671875 0.53955908203125 0.78044580078125 0.541763671875 0.77783935546875
0 0.4662958984375 0.83549658203125 0.464005859375 0.8366064453125 0.461 0.83640576171875 0.45959716796875 0.83500244140625 0.459396484375 0.8323955078125 0.46059912109375 0.83079150390625 0.46300390625 0.830390625 0.464607421875 0.83059130859375 0.46601025390625 0.8323955078125
0 0.50465771484375 0.6446796875 0.505490234375 0.64832763671875 0.5036865234375 0.651736328125 0.49947802734375 0.651736328125 0.49767431640625 0.65033251953125 0.498275390625 0.64732470703125 0.50068017578125 0.64612158203125
0 0.47423291015625 0.66650634765625 0.468615234375 0.66637353515625 0.4668115234375 0.66476904296875 0.4674130859375 0.66176171875 0.4694169921875 0.65915478515625 0.4720224609375 0.65955615234375 0.4742265625 0.6619619140625
0 0.530783203125 0.8249140625 0.52993994140625 0.829240234375 0.525931640625 0.83184716796875 0.52272509765625 0.8314462890625 0.52112158203125 0.829841796875 0.52172314453125 0.8272353515625 0.52352685546875 0.8248291015625 0.52553076171875 0.82262353515625 0.527935546875 0.82322509765625
0 0.58766455078125 0.74984423828125 0.5836484375 0.7508408203125 0.58044189453125 0.7494375 0.58004150390625 0.74602880859375 0.58284716796875 0.7444248046875 0.5854521484375 0.74542724609375 0.58745654296875 0.74663037109375
0 0.54169677734375 0.9201572265625 0.537154296875 0.924134765625 0.530541015625 0.925939453125 0.5251298828125 0.924736328125 0.523927734375 0.92072607421875 0.52753466796875 0.91330712890625 0.532544921875 0.9105 0.53755517578125 0.9123046875 0.54056103515625 0.9155126953125
0 0.58667236328125 0.98530615234375 0.58585302734375 0.9895009765625 0.58304736328125 0.992107421875 0.5798408203125 0.992107421875 0.57823779296875 0.98749609375 0.579640625 0.98488916015625 0.58204541015625 0.98288427734375 0.5844501953125 0.98288427734375
0 0.8948896484375 0.90229931640625 0.8913291015625 0.90150830078125 0.88992626953125 0.89910205078125 0.8907275390625 0.896294921875 0.89373388671875 0.89589404296875 0.89673974609375 0.89709716796875 0.89834326171875 0.90030517578125
0 0.65612060546875 0.84012646484375 0.65364697265625 0.84295947265625 0.65084130859375 0.84295947265625 0.6494384765625 0.84055322265625 0.65064111328125 0.83874853515625 0.65244482421875 0.83794677734375 0.6540478515625 0.83794677734375
0 0.80214794921875 0.825916015625 0.79713818359375 0.82571533203125 0.79493359375 0.82371044921875 0.79493359375 0.82010107421875 0.7969375 0.8172939453125 0.8003447265625 0.81689306640625 0.80274951171875 0.81929931640625 0.80294970703125 0.8221064453125
0 0.694482421875 0.9800146484375 0.68992041015625 0.9771005859375 0.68891845703125 0.97369189453125 0.69012109375 0.97188720703125 0.6949306640625 0.973291015625 0.696734375 0.975697265625 0.69733544921875 0.97850439453125
0 0.80755908203125 0.79760888671875 0.8069580078125 0.8012177734375 0.80294970703125 0.8042255859375 0.79994384765625 0.8030224609375 0.79934228515625 0.79961376953125 0.80094580078125 0.79821044921875 0.8033505859375 0.798009765625
0 0.82719921875 0.798611328125 0.822990234375 0.79821044921875 0.82138720703125 0.796205078125 0.82238916015625 0.7948017578125 0.82519482421875 0.79399951171875 0.82699853515625 0.7948017578125 0.82800048828125 0.796205078125
0 0.88529931640625 0.8718740234375 0.8831123046875 0.8752060546875 0.8805068359375 0.8758076171875 0.8793046875 0.87420361328125 0.87990576171875 0.87159716796875 0.88271142578125 0.8699931640625
0 0.6558515625 0.7711416015625 0.65324609375 0.7723447265625 0.64903759765625 0.7705400390625 0.64783544921875 0.76773291015625 0.65064111328125 0.76432421875 0.654849609375 0.7651259765625 0.65725439453125 0.76733154296875
0 0.855205078125 0.9330546875 0.8560576171875 0.93515869140625 0.855255859375 0.93836669921875 0.85305126953125 0.94017138671875 0.85104736328125 0.9391689453125 0.8508466796875 0.9359609375 0.85225 0.93395556640625
0 0.7331748046875 0.78026904296875 0.7338095703125 0.78433984375 0.73260693359375 0.7869462890625 0.730001953125 0.78774853515625 0.727998046875 0.78714697265625 0.72699560546875 0.78514208984375 0.72879931640625 0.7817333984375 0.73060302734375 0.78012939453125
0 0.7837724609375 0.7233876953125 0.78511376953125 0.7259560546875 0.78431201171875 0.7301669921875 0.7803037109375 0.732171875 0.7782998046875 0.7315703125 0.77789892578125 0.72756005859375 0.77990283203125 0.72435205078125
0 0.92498388671875 0.7379384765625 0.924796875 0.742798828125 0.92239208984375 0.74600732421875 0.919185546875 0.74660888671875 0.9173818359375 0.74360107421875 0.91798291015625 0.74099462890625 0.9203876953125 0.73858837890625
0 0.9411884765625 0.7954814453125 0.93642041015625 0.794330078125 0.93441650390625 0.791322265625 0.9358193359375 0.78891650390625 0.93942626953125 0.78851513671875 0.941630859375 0.7899189453125 0.94203173828125 0.7929267578125
0 0.8115673828125 0.65718115234375 0.811767578125 0.6625947265625 0.8095634765625 0.66640478515625 0.8063564453125 0.6656025390625 0.803150390625 0.6643994140625 0.80355126953125 0.6625947265625 0.80455322265625 0.65818359375 0.8069580078125 0.65637939453125 0.80936279296875 0.65597802734375
0 0.58991796875 0.6872578125 0.5881142578125 0.6910673828125 0.5835048828125 0.6916689453125 0.58049853515625 0.6898642578125 0.58210205078125 0.6874580078125 0.58530859375 0.68645556640625
0 0.75334765625 0.659892578125 0.75204638671875 0.66399853515625 0.74823876953125 0.6668056640625 0.74523291015625 0.66419921875 0.7450322265625 0.66099072265625 0.7476376953125 0.65938671875 0.74984228515625 0.65938671875
0 0.7434267578125 0.56597216796875 0.74362939453125 0.56892138671875 0.7410244140625 0.57192919921875 0.73701611328125 0.57333251953125 0.73501220703125 0.57273095703125 0.73501220703125 0.569923828125 0.73821875 0.56691650390625 0.7410244140625 0.5643095703125
0 0.854212890625 0.6192158203125 0.8504462890625 0.62420947265625 0.8458369140625 0.62380810546875 0.8432314453125 0.62140234375 0.8432314453125 0.61779296875 0.84443408203125 0.61378271484375 0.847640625 0.6139833984375 0.85204931640625 0.6157880859375
0 0.9021650390625 0.529263671875 0.89974609375 0.53155615234375 0.89633935546875 0.53135546875 0.89473583984375 0.5287490234375 0.89553759765625 0.5263427734375 0.898142578125 0.52594189453125 0.90114892578125 0.52594189453125
0 0.922337890625 0.5563818359375 0.92239208984375 0.56022900390625 0.9201875 0.56403857421875 0.9173818359375 0.5636376953125 0.91617919921875 0.5612314453125 0.91698095703125 0.55822412109375 0.919185546875 0.55621875
0 0.77815087890625 0.47469775390625 0.773490234375 0.4742099609375 0.77208740234375 0.47180419921875 0.772888671875 0.46819482421875 0.775494140625 0.46618994140625 0.7793017578125 0.4671923828125 0.77950244140625 0.47019970703125
0 0.7424345703125 0.44294970703125 0.7384189453125 0.44909326171875 0.7330078125 0.44969482421875 0.73140478515625 0.44708837890625 0.7328076171875 0.44327880859375 0.7358134765625 0.44087255859375 0.7394208984375 0.440671875
0 0.88893701171875 0.405580078125 0.8887236328125 0.4101943359375 0.886919921875 0.41400439453125 0.88451513671875 0.41540771484375 0.88190966796875 0.41480615234375 0.88070751953125 0.4113974609375 0.88170947265625 0.408791015625 0.8833125 0.40658544921875 0.88531689453125 0.4043798828125 0.886919921875 0.40357763671875
0 0.727552734375 0.3391083984375 0.722787109375 0.3391787109375 0.72018212890625 0.3361708984375 0.7209833984375 0.33376513671875 0.7245908203125 0.33316357421875 0.727396484375 0.334767578125 0.729 0.33637158203125
0 0.68026220703125 0.35630517578125 0.68090234375 0.36123486328125 0.67749560546875 0.36444287109375 0.6734873046875 0.3652451171875 0.6724853515625 0.36263818359375 0.673287109375 0.3598310546875 0.675291015625 0.357826171875 0.6764931640625 0.357224609375
0 0.88794482421875 0.47833544921875 0.8841142578125 0.48017236328125 0.88130859375 0.47997216796875 0.88070751953125 0.47756591796875 0.88190966796875 0.47576123046875 0.884916015625 0.47515966796875 0.887521484375 0.47576123046875 0.88892431640625 0.47756591796875
0 0.9289521484375 0.40359619140625 0.92920556640625 0.4071162109375 0.92820361328125 0.40992333984375 0.9255986328125 0.40992333984375 0.92419580078125 0.40852001953125 0.92419580078125 0.4053115234375 0.9266005859375 0.40350732421875
0 0.79369384765625 0.391029296875 0.78912158203125 0.39426611328125 0.7849130859375 0.39366455078125 0.78331005859375 0.3916591796875 0.78431201171875 0.38865185546875 0.786716796875 0.3870478515625 0.7895224609375 0.3870478515625 0.7929296875 0.386646484375 0.79493359375 0.38825048828125
0 0.8608271484375 0.35895068359375 0.8608671875 0.361765625 0.85946435546875 0.36457275390625 0.8562578125 0.36637744140625 0.85365234375 0.36577587890625 0.853251953125 0.361765625 0.85405322265625 0.3591591796875 0.8560576171875 0.3579560546875 0.85866259765625 0.35775537109375
0 0.8856298828125 0.174748046875 0.88531689453125 0.178865234375 0.88351318359375 0.1820732421875 0.87990576171875 0.18227392578125 0.8785029296875 0.17986767578125 0.87890380859375 0.17665966796875 0.88070751953125 0.17425341796875 0.8833125 0.17305029296875
0 0.82345751953125 0.25543994140625 0.819984375 0.2548583984375 0.8181806640625 0.25185107421875 0.81798046875 0.24884326171875 0.8201845703125 0.24643701171875 0.82238916015625 0.2466376953125 0.82399267578125 0.2496455078125 0.82419287109375 0.252251953125
0 0.8608271484375 0.11621337890625 0.85585693359375 0.1140654296875 0.85465478515625 0.11005517578125 0.85565673828125 0.1062451171875 0.85926416015625 0.10644580078125 0.8626708984375 0.10945361328125 0.8636728515625 0.11386474609375
0 0.6786083984375 0.11522119140625 0.67969970703125 0.1192783203125 0.67769580078125 0.1234892578125 0.6742890625 0.12449169921875 0.6714833984375 0.124291015625 0.67108251953125 0.12188525390625 0.672685546875 0.119078125 0.675291015625 0.11647119140625
0 0.77616650390625 0.04048193359375 0.7762958984375 0.0440517578125 0.77308935546875 0.0464580078125 0.77028369140625 0.04565625 0.76928173828125 0.0426484375 0.77148583984375 0.04064306640625 0.77328955078125 0.0402421875
0 0.75863916015625 0.050072265625 0.75725732421875 0.05287451171875 0.75445166015625 0.054478515625 0.75184619140625 0.05307470703125 0.7522470703125 0.04926513671875 0.75545361328125 0.04846337890625
0 0.91396533203125 0.033224609375 0.91015771484375 0.0310185546875 0.9097568359375 0.026607421875 0.9123623046875 0.0227978515625 0.91496728515625 0.02299853515625 0.9163701171875 0.025404296875 0.916169921875 0.03001611328125
0 0.91076318359375 0 0.9097568359375 0.003548828125 0.904947265625 0.006556640625 0.90174072265625 0.00555419921875 0.90174072265625 0.002947265625 0.90354443359375 0.0009423828125 0.90655029296875 0
0 0.942841796875 0.2134404296875 0.94242333984375 0.217345703125 0.938615234375 0.2181474609375 0.93601025390625 0.21654345703125 0.93761328125 0.21453857421875 0.94001806640625 0.212533203125
0 0.98649462890625 0.229314453125 0.982103515625 0.2299775390625 0.97969873046875 0.22837353515625 0.9782958984375 0.22576708984375 0.9792978515625 0.2223583984375 0.9829052734375 0.22195751953125 0.9857109375 0.2241630859375 0.98771484375 0.22616796875
0 0.9712822265625 0.51967333984375 0.9680751953125 0.520126953125 0.966271484375 0.5175205078125 0.9664716796875 0.51551513671875 0.96947802734375 0.51531494140625 0.97148193359375 0.51671826171875
0 0.96103076171875 0.95851904296875 0.95725341796875 0.95803466796875 0.95444775390625 0.95502685546875 0.95444775390625 0.95201904296875 0.9568525390625 0.95061572265625 0.9598583984375 0.9510166015625 0.9626640625 0.95262060546875 0.96286474609375 0.956029296875
0 0.521896484375 0.96219677734375 0.52117236328125 0.9714111328125 0.51691455078125 0.97658349609375 0.51113671875 0.97658349609375 0.50718359375 0.9695859375 0.5087041015625 0.9638046875 0.51204931640625 0.95954541015625 0.516306640625 0.95863232421875
0 0.94141845703125 0.88090185546875 0.93961669921875 0.8883486328125 0.9356630859375 0.8895654296875 0.93201416015625 0.88895703125 0.92927734375 0.88591455078125 0.92927734375 0.88165478515625 0.93292626953125 0.87678662109375 0.9356630859375 0.8743525390625 0.9393125 0.87526513671875
0 0.82298876953125 0.85430517578125 0.8231455078125 0.86066064453125 0.81949609375 0.8640078125 0.8140224609375 0.86370361328125 0.8109814453125 0.86066064453125 0.810373046875 0.857009765625 0.812501953125 0.85183740234375 0.81523876953125 0.84970751953125 0.8201044921875 0.84909912109375
0 0.84473681640625 0.906908203125 0.8404794921875 0.90812548828125 0.83561376953125 0.90812548828125 0.832876953125 0.9047783203125 0.83318115234375 0.89960595703125 0.83652587890625 0.897171875 0.842912109375 0.898693359375 0.8453447265625 0.9008232421875 0.845953125 0.904169921875
0 0.73015185546875 0.9782548828125 0.728265625 0.98236474609375 0.72309619140625 0.98418994140625 0.71823046875 0.98236474609375 0.7167099609375 0.9784091796875 0.72096728515625 0.97536669921875 0.72704931640625 0.97475830078125
0 0.54196923828125 0.982771484375 0.541546875 0.99057958984375 0.53759375 0.99605615234375 0.53120751953125 0.9963603515625 0.52451708984375 0.99331787109375 0.522388671875 0.987537109375 0.52330078125 0.98327734375 0.52968701171875 0.979017578125 0.5351611328125 0.98023486328125
0 0.49780908203125 0.81767236328125 0.49623583984375 0.8226015625 0.49167431640625 0.824123046875 0.48650439453125 0.82229736328125 0.48680859375 0.81803759765625 0.49228271484375 0.8149951171875
0 0.8024140625 0.69171533203125 0.80520361328125 0.69663818359375 0.804291015625 0.70302783203125 0.80003369140625 0.707287109375 0.7948642578125 0.70637451171875 0.79151904296875 0.699072265625 0.79303955078125 0.69207421875 0.79608056640625 0.6899443359375
0 0.63781689453125 0.93560009765625 0.6333857421875 0.94068115234375 0.6263916015625 0.93642138671875 0.6212216796875 0.93216162109375 0.62152587890625 0.926380859375 0.62456689453125 0.92272998046875 0.63277783203125 0.924859375 0.63733935546875 0.930640625
0 0.959484375 0.81265380859375 0.95847119140625 0.8192548828125 0.95421337890625 0.824123046875 0.9499560546875 0.82503564453125 0.9460029296875 0.821384765625 0.94721923828125 0.8177333984375 0.95026025390625 0.81408251953125 0.954517578125 0.81256103515625
0 0.655380859375 0.80663232421875 0.6568017578125 0.81375146484375 0.6558896484375 0.820140625 0.65102392578125 0.82470458984375 0.64494189453125 0.82257470703125 0.6394677734375 0.81983642578125 0.63825146484375 0.81435986328125 0.63916357421875 0.80888330078125 0.6425087890625 0.8043193359375 0.64646240234375 0.80310205078125 0.65193603515625 0.8037109375
0 0.7913740234375 0.8086396484375 0.7890859375 0.81222998046875 0.7827001953125 0.813447265625 0.778138671875 0.81283837890625 0.77479345703125 0.810404296875 0.77570556640625 0.807666015625 0.77965869140625 0.804927734375 0.784220703125 0.80462353515625 0.788173828125 0.8055361328125
0 0.71961376953125 0.78304638671875 0.7136689453125 0.78393408203125 0.71001953125 0.78180419921875 0.70880322265625 0.77571875 0.713060546875 0.77267626953125 0.71731787109375 0.7735888671875 0.72005517578125 0.77541455078125
0 0.60023876953125 0.6683154296875 0.595373046875 0.67287939453125 0.591419921875 0.67135791015625 0.5908115234375 0.66801123046875 0.59050732421875 0.6652724609375 0.59263623046875 0.66314306640625 0.59628564453125 0.6640556640625 0.5990224609375 0.66496826171875
0 0.79037060546875 0.826705078125 0.7927353515625 0.83383251953125 0.7896943359375 0.8405263671875 0.786044921875 0.84356884765625 0.78178759765625 0.84143896484375 0.779962890625 0.83231103515625 0.7805712890625 0.82744287109375 0.784220703125 0.8250087890625
0 0.72362841796875 0.83122119140625 0.719142578125 0.83444091796875 0.71427685546875 0.83413671875 0.7121484375 0.83018115234375 0.71549365234375 0.82287890625 0.7197509765625 0.8195322265625 0.7243125 0.8183154296875 0.72765771484375 0.81922802734375 0.72948193359375 0.82257470703125 0.72856982421875 0.827138671875
0 0.78836328125 0.86233447265625 0.78391650390625 0.8639541015625 0.78087548828125 0.86364990234375 0.778138671875 0.86152001953125 0.77783447265625 0.85726025390625 0.7814833984375 0.85543505859375 0.7875654296875 0.8557392578125 0.7890859375 0.8584775390625
0 0.88672021484375 0.83172314453125 0.88487841796875 0.838396484375 0.88122900390625 0.83961328125 0.87636328125 0.8390048828125 0.8739306640625 0.8347451171875 0.87514697265625 0.83231103515625 0.87970849609375 0.82866015625 0.88366162109375 0.827138671875 0.88639892578125 0.8280517578125 0.887615234375 0.829876953125
0 0.87818896484375 0.69572998046875 0.87818798828125 0.69962744140625 0.8748427734375 0.7017568359375 0.87058544921875 0.7011484375 0.86754443359375 0.69871435546875 0.86511181640625 0.694150390625 0.86602392578125 0.68897802734375 0.86967333984375 0.68715283203125 0.875451171875 0.68836962890625 0.8778837890625 0.6908037109375
0 0.92385498046875 0.7775263671875 0.9231953125 0.783298828125 0.920154296875 0.78634130859375 0.91680908203125 0.7851240234375 0.9143759765625 0.78086474609375 0.9174169921875 0.77660498046875 0.920154296875 0.7741708984375 0.9231953125 0.77599658203125
0 0.83051611328125 0.7183115234375 0.82497021484375 0.722419921875 0.817671875 0.7202900390625 0.814630859375 0.71663916015625 0.814630859375 0.71177099609375 0.81675927734375 0.7093369140625 0.82284130859375 0.7099453125 0.8283154296875 0.7132919921875 0.8313564453125 0.71724755859375
0 0.9845751953125 0.634005859375 0.97671728515625 0.63473974609375 0.97154736328125 0.63321826171875 0.97063525390625 0.62987158203125 0.97245947265625 0.62622021484375 0.97702099609375 0.6240908203125 0.9824951171875 0.625916015625 0.98614404296875 0.628654296875 0.98675244140625 0.6338271484375
0 0.59716943359375 0.44833203125 0.5968935546875 0.4539560546875 0.59263623046875 0.457302734375 0.58746630859375 0.45699853515625 0.5856416015625 0.450609375 0.58655419921875 0.446349609375 0.59050732421875 0.44513232421875 0.59415673828125 0.44604541015625
0 0.706064453125 0.589845703125 0.7045458984375 0.59726220703125 0.698767578125 0.60304296875 0.6923818359375 0.60365185546875 0.688732421875 0.6012177734375 0.68690771484375 0.5969580078125 0.69055712890625 0.590568359375 0.69451025390625 0.5844833984375 0.69755126953125 0.58204931640625 0.703025390625 0.582353515625
0 0.97102587890625 0.59135107421875 0.96789794921875 0.5954365234375 0.963640625 0.59574072265625 0.9599912109375 0.59208984375 0.96090380859375 0.58691748046875 0.96485693359375 0.5857001953125 0.96911474609375 0.58630908203125
0 0.4887763671875 0.3780771484375 0.4843759765625 0.382732421875 0.47798974609375 0.3836455078125 0.47434033203125 0.38090673828125 0.47464453125 0.3778642578125 0.47738134765625 0.37543017578125 0.48163916015625 0.3736044921875 0.48498388671875 0.37421337890625
0 0.54598388671875 0.300294921875 0.541546875 0.3038759765625 0.53485693359375 0.30205029296875 0.53333642578125 0.29839892578125 0.5360732421875 0.294748046875 0.54033056640625 0.29505224609375 0.54397998046875 0.29657373046875
0 0.97353515625 0.1482431640625 0.96759375 0.15197021484375 0.96090380859375 0.15318701171875 0.95573388671875 0.151361328125 0.9520849609375 0.14831884765625 0.950564453125 0.143146484375 0.95330126953125 0.13736572265625 0.960599609375 0.13584423828125 0.9712431640625 0.1370615234375 0.97550048828125 0.1397998046875 0.97671728515625 0.143146484375
0 0.7510732421875 0.2429169921875 0.74620751953125 0.2456552734375 0.74134228515625 0.2456552734375 0.73769287109375 0.24261279296875 0.73982177734375 0.23652734375 0.74468701171875 0.2359189453125 0.748640625 0.2371357421875
0 0.86413818359375 0.3273935546875 0.85902978515625 0.329048828125 0.85325146484375 0.326310546875 0.85021044921875 0.3217470703125 0.85173095703125 0.31657421875 0.8556845703125 0.31444482421875 0.86024609375 0.31657421875 0.86450341796875 0.3196171875 0.86602392578125 0.3217470703125
0 0.4263095703125 0.38889501953125 0.4241806640625 0.3995439453125 0.41870703125 0.4010654296875 0.41475390625 0.398935546875 0.41444970703125 0.39437158203125 0.4162744140625 0.3901123046875 0.4193154296875 0.38676513671875 0.4232685546875 0.3858525390625
0 0.3889140625 0.9491494140625 0.38434375 0.9535908203125 0.37826171875 0.952982421875 0.3785654296875 0.9465927734375 0.38191064453125 0.94415869140625 0.38799267578125 0.94476708984375
0 0.1776474609375 0.893447265625 0.17603369140625 0.90125830078125 0.1690390625 0.9049091796875 0.164173828125 0.9015625 0.1644775390625 0.89304296875 0.170255859375 0.891826171875 0.174208984375 0.891826171875
0 0.20524755859375 0.43177197265625 0.2050322265625 0.4391005859375 0.2019912109375 0.44366455078125 0.1980380859375 0.44366455078125 0.19621337890625 0.44123046875 0.1980380859375 0.4363623046875 0.20077490234375 0.43301513671875
0 0.13850537109375 0.14322509765625 0.13448046875 0.14596484375 0.12809423828125 0.14748583984375 0.12353271484375 0.14413916015625 0.123228515625 0.1395751953125 0.12626953125 0.13774951171875 0.1308310546875 0.1383583984375 0.1338720703125 0.13927099609375
0 0.73115576171875 0.46940869140625 0.72735693359375 0.4760458984375 0.72127490234375 0.4760458984375 0.7185380859375 0.473916015625 0.7194501953125 0.47026513671875 0.72492431640625 0.46478857421875 0.72887744140625 0.46539697265625
0 0.839564453125 0.52297216796875 0.84078076171875 0.5287529296875 0.8365234375 0.53483837890625 0.83226611328125 0.5330126953125 0.83165771484375 0.52814453125 0.83378662109375 0.52692724609375 0.83591552734375 0.5244931640625
0 0.71294140625 0.67704345703125 0.71331103515625 0.6823173828125 0.710232421875 0.68916259765625 0.70133837890625 0.69053173828125 0.6955234375 0.6895048828125 0.69176025390625 0.6816328125 0.6948388671875 0.67718359375 0.6996279296875 0.674103515625 0.7040751953125 0.67376123046875 0.70715380859375 0.6734189453125
0 0.9595810546875 0.924150390625 0.96079931640625 0.9279443359375 0.96208349609375 0.93334130859375 0.9584873046875 0.9395087890625 0.9512958984375 0.94053662109375 0.94564501953125 0.9364248046875 0.94359033203125 0.93231298828125 0.94513134765625 0.9279443359375 0.94872705078125 0.92511767578125 0.9528369140625 0.9220341796875 0.9559189453125 0.922291015625
0 0.9638037109375 0.06260498046875 0.961060546875 0.06920849609375 0.9566552734375 0.0705048828125 0.94914111328125 0.06635693359375 0.9473271484375 0.05909765625 0.9512138671875 0.0557275390625 0.956396484375 0.055208984375 0.96157861328125 0.05676416015625
0 0.90182373046875 0.84323583984375 0.89635107421875 0.843509765625 0.89306787109375 0.8410458984375 0.8927939453125 0.836939453125 0.8952568359375 0.83338037109375 0.89908740234375 0.8328330078125 0.90346533203125 0.8328330078125 0.90510693359375 0.83474951171875 0.90620166015625 0.83912939453125
0 0.43701171875 0.88639306640625 0.4375517578125 0.89203125 0.43299560546875 0.8988701171875 0.42518505859375 0.9024521484375 0.41835107421875 0.899521484375 0.4177001953125 0.89203125 0.42225634765625 0.8851923828125 0.4281142578125 0.88291259765625 0.4333212890625 0.8825869140625
0 0.5234375 0.90348291015625 0.52151611328125 0.92231787109375 0.51793603515625 0.9343671875 0.5111015625 0.945439453125 0.503291015625 0.95032470703125 0.49743310546875 0.94576513671875 0.49580615234375 0.935669921875 0.4977587890625 0.92296875 0.504267578125 0.9112451171875 0.51012548828125 0.90473193359375 0.51923779296875 0.89919580078125 0.52281787109375 0.89984716796875
0 0.13720703125 0.89811181640625 0.134240234375 0.91319921875 0.129033203125 0.9236201171875 0.123826171875 0.92231787109375 0.11829345703125 0.915478515625 0.1199208984375 0.903103515625 0.124802734375 0.8975673828125 0.13358935546875 0.8962646484375
0 0.26220703125 0.92252587890625 0.26636962890625 0.92557421875 0.2666953125 0.93339013671875 0.26116259765625 0.9405546875 0.2530263671875 0.9412060546875 0.25107373046875 0.93599560546875 0.2504228515625 0.92915673828125 0.251724609375 0.92231787109375 0.25628076171875 0.920689453125
0 0.48779296875 0.90885400390625 0.47920849609375 0.9161298828125 0.4707470703125 0.918083984375 0.4645634765625 0.914501953125 0.4629365234375 0.9086396484375 0.4671669921875 0.90277783203125 0.4743271484375 0.899521484375 0.48018505859375 0.9011494140625 0.48604296875 0.90440625
0 0.23046875 0.72184228515625 0.236103515625 0.72791845703125 0.23642919921875 0.73410595703125 0.231873046875 0.7376884765625 0.22373681640625 0.73345458984375 0.21852978515625 0.72661572265625 0.219505859375 0.723359375 0.224712890625 0.72173095703125
0 0.22900390625 0.71061181640625 0.22731640625 0.71652001953125 0.220482421875 0.71977685546875 0.2129970703125 0.71977685546875 0.2103935546875 0.71619482421875 0.2116953125 0.71098388671875 0.2156005859375 0.707076171875 0.22113330078125 0.707076171875
0 0.46728515625 0.68131494140625 0.4681435546875 0.69211669921875 0.45707861328125 0.7113310546875 0.44178271484375 0.715564453125 0.4307177734375 0.7100283203125 0.4297412109375 0.69960693359375 0.438203125 0.6849521484375 0.447640625 0.68071875 0.45480029296875 0.68071875 0.46521435546875 0.6800673828125
0 0.32861328125 0.52408837890625 0.332759765625 0.53456005859375 0.3314580078125 0.54400390625 0.32722705078125 0.54693505859375 0.31909130859375 0.54302734375 0.316162109375 0.53521142578125 0.317138671875 0.5273955078125 0.321369140625 0.52381298828125
0 0.15673828125 0.56949853515625 0.15148876953125 0.57429052734375 0.1443291015625 0.57429052734375 0.13977294921875 0.57135986328125 0.140423828125 0.5671259765625 0.14530517578125 0.562892578125 0.149861328125 0.56256689453125 0.1547431640625 0.5635439453125 0.15669580078125 0.56582373046875
0 0.04541015625 0.61735009765625 0.043767578125 0.62769921875 0.0362822265625 0.63128173828125 0.0310751953125 0.62867626953125 0.02912255859375 0.62314013671875 0.03140087890625 0.6172783203125 0.03563134765625 0.614021484375 0.0411640625 0.61369580078125
0 0.34228515625 0.35465478515625 0.34089599609375 0.36365087890625 0.33471240234375 0.3695126953125 0.32820361328125 0.37276953125 0.32332177734375 0.3708154296875 0.32202001953125 0.36430224609375 0.32494921875 0.35485791015625 0.32983056640625 0.3496474609375 0.3350380859375 0.3483447265625 0.33991943359375 0.34867041015625
0 0.5791015625 0.58756494140625 0.5726103515625 0.5942197265625 0.565125 0.59649951171875 0.5621962890625 0.59324267578125 0.56284716796875 0.5867294921875 0.5638232421875 0.58347314453125 0.56805419921875 0.581193359375 0.57358642578125 0.581193359375 0.57749169921875 0.583798828125
0 0.20068359375 0.56022119140625 0.19672509765625 0.56458447265625 0.189890625 0.56393310546875 0.1869619140625 0.55969970703125 0.188263671875 0.55286083984375 0.193470703125 0.551232421875 0.19802685546875 0.55286083984375
0 0.07421875 0.55485009765625 0.06882666015625 0.5593740234375 0.06134130859375 0.5580712890625 0.0554833984375 0.55416357421875 0.0554833984375 0.54895263671875 0.0606904296875 0.54634765625 0.06752490234375 0.54667333984375 0.07175537109375 0.5499296875
0 0.06494140625 0.42154931640625 0.0616669921875 0.43301708984375 0.0554833984375 0.43855322265625 0.04702197265625 0.43366845703125 0.0440927734375 0.42227001953125 0.0466962890625 0.41543115234375 0.05613427734375 0.41510546875 0.0616669921875 0.416408203125
0 0.44580078125 0.33072900390625 0.445037109375 0.3431767578125 0.4411318359375 0.3529462890625 0.433646484375 0.3581572265625 0.42876513671875 0.35587744140625 0.42909033203125 0.3467587890625 0.43299560546875 0.3392685546875 0.43690087890625 0.3330810546875 0.44145751953125 0.33080126953125
0 0.5647998046875 0.34122265625 0.5586162109375 0.337314453125 0.558291015625 0.32949853515625 0.56024365234375 0.3262421875 0.56545068359375 0.3262421875 0.5700068359375 0.32787060546875 0.57228466796875 0.3304755859375 0.57228466796875 0.3356865234375 0.57098291015625 0.33959423828125
0 0.5185546875 0.50651025390625 0.51012548828125 0.52194384765625 0.5003623046875 0.52813134765625 0.49059912109375 0.526177734375 0.4873447265625 0.51771044921875 0.4899482421875 0.50891748046875 0.50003662109375 0.49882177734375 0.50784716796875 0.49654248046875 0.51403076171875 0.49751953125 0.5159833984375 0.50077587890625
0 0.52542138671875 0.3031416015625 0.519888671875 0.3093291015625 0.51240380859375 0.31128271484375 0.5029658203125 0.31519091796875 0.49548046875 0.31095703125 0.493853515625 0.3018388671875 0.50524365234375 0.293697265625 0.51272900390625 0.2891376953125 0.52314306640625 0.291091796875 0.52574658203125 0.29467431640625
0 0.5078125 0.07145166015625 0.5055693359375 0.07752099609375 0.4967822265625 0.0866396484375 0.48701904296875 0.08859375 0.4808359375 0.08566259765625 0.4785576171875 0.078498046875 0.48181201171875 0.06937939453125 0.488646484375 0.066123046875 0.49710791015625 0.06384326171875 0.50524365234375 0.0654716796875
0 0.44341015625 0.15437744140625 0.4375517578125 0.1540517578125 0.4333212890625 0.15046923828125 0.43104296875 0.1439560546875 0.433646484375 0.14004833984375 0.44048095703125 0.14167626953125 0.4447119140625 0.1465615234375 0.44666455078125 0.14981787109375
0 0.84326171875 0.11539697265625 0.84884375 0.11936474609375 0.851447265625 0.12620361328125 0.8511220703125 0.13434521484375 0.847216796875 0.14183544921875 0.84005712890625 0.1470458984375 0.83224658203125 0.14541748046875 0.828015625 0.13727587890625 0.8283408203125 0.12750634765625 0.83159521484375 0.12001611328125 0.83680224609375 0.1144794921875
0 0.869140625 0.15983056640625 0.85958349609375 0.160072265625 0.8537255859375 0.16560888671875 0.8563291015625 0.171470703125 0.86218701171875 0.1789609375 0.86739404296875 0.1818916015625 0.8745537109375 0.1831943359375 0.8797607421875 0.18221728515625 0.8833408203125 0.17309912109375 0.8771572265625 0.16560888671875
0 0.73779296875 0.13981103515625 0.73428857421875 0.15225634765625 0.723548828125 0.160072265625 0.71378564453125 0.15681591796875 0.7134599609375 0.1483486328125 0.71931787109375 0.1382529296875 0.72452490234375 0.13369384765625 0.7300576171875 0.1346708984375
0 0.79254248046875 0.09787109375 0.79254248046875 0.10731494140625 0.7866845703125 0.11057177734375 0.77919921875 0.10666357421875 0.77919921875 0.09819677734375 0.782779296875 0.09493994140625 0.78766064453125 0.09363720703125 0.7918916015625 0.0972197265625
0 0.989109375 0.2232509765625 0.98325146484375 0.21804052734375 0.98194970703125 0.20924755859375 0.98390234375 0.20306005859375 0.989109375 0.2007802734375 0.99431640625 0.20240869140625 0.99626904296875 0.20924755859375 0.99529248046875 0.21771484375
0 0.654296875 0.26383447265625 0.64804638671875 0.2671728515625 0.64153759765625 0.26749853515625 0.6356796875 0.26065966796875 0.637306640625 0.25382080078125 0.6438154296875 0.25316943359375 0.65032421875 0.25544921875 0.653904296875 0.257728515625
0 0.874228515625 0.10401611328125 0.86544140625 0.10075927734375 0.862837890625 0.09652587890625 0.86511572265625 0.08968701171875 0.8706484375 0.08805859375 0.8755302734375 0.09033837890625 0.87748291015625 0.09457177734375 0.87780810546875 0.0997822265625
0 0.6162109375 0.22477197265625 0.6168037109375 0.23069873046875 0.61354931640625 0.23623486328125 0.60866796875 0.23884033203125 0.60313525390625 0.23786328125 0.602484375 0.23330419921875 0.6063896484375 0.22581396484375 0.60964404296875 0.2235341796875 0.6142001953125 0.2228828125
0 0.923828125 0.44547509765625 0.9181630859375 0.4560146484375 0.90384326171875 0.4595966796875 0.8979853515625 0.45699169921875 0.8979853515625 0.44885009765625 0.905470703125 0.43810302734375 0.91621044921875 0.43321826171875 0.9223935546875 0.435498046875 0.9236953125 0.4397314453125
0 0.98681640625 0.27311181640625 0.98227490234375 0.2850419921875 0.97088427734375 0.29513720703125 0.95916845703125 0.2961142578125 0.9555888671875 0.29155517578125 0.9607958984375 0.2811337890625 0.96958251953125 0.27331787109375 0.97771875 0.270712890625 0.9826005859375 0.270712890625
0 0.740234375 0.38492822265625 0.7388447265625 0.39251025390625 0.73559033203125 0.3990234375 0.72908154296875 0.404234375 0.72322314453125 0.40260595703125 0.7222470703125 0.39544140625 0.7264775390625 0.38762548828125 0.73331201171875 0.38078662109375 0.73754296875 0.38078662109375
0 0.67822265625 0.43375634765625 0.6770107421875 0.44689599609375 0.67017626953125 0.45536328125 0.66008740234375 0.46155078125 0.643490234375 0.46578466796875 0.632099609375 0.462853515625 0.63014697265625 0.45503759765625 0.63502880859375 0.44298828125 0.6421884765625 0.43158984375 0.65227685546875 0.42703076171875 0.66008740234375 0.42572802734375 0.6678984375 0.42768212890625 0.67375634765625 0.430287109375
0 0.650390625 0.40738916015625 0.64967333984375 0.41498095703125 0.6451171875 0.41888916015625 0.6356796875 0.416609375 0.6343779296875 0.4097705078125 0.6356796875 0.4048857421875 0.64023583984375 0.40325732421875 0.64576806640625 0.40521142578125
0 0.94712744140625 0.40065185546875 0.9363876953125 0.39837255859375 0.93313330078125 0.394138671875 0.93573681640625 0.38502001953125 0.94126904296875 0.3811123046875 0.948103515625 0.38404296875 0.95070703125 0.38827685546875 0.95103271484375 0.39641845703125
0 0.64501953125 0.66178369140625 0.6421884765625 0.67023681640625 0.6360048828125 0.6734931640625 0.6291708984375 0.67447021484375 0.6242890625 0.672841796875 0.62103466796875 0.6673056640625 0.6255908203125 0.6598154296875 0.63372705078125 0.6562333984375 0.64153759765625 0.65721044921875
0 0.74755859375 0.69742822265625 0.7388447265625 0.70992529296875 0.73070849609375 0.7151357421875 0.72061962890625 0.71611279296875 0.7118330078125 0.71415869140625 0.71020556640625 0.70862255859375 0.71280908203125 0.6988525390625 0.7196435546875 0.69168798828125 0.729732421875 0.68908251953125 0.73851904296875 0.68680322265625 0.7456787109375 0.69038525390625 0.74860791015625 0.69331640625
0 0.759765625 0.71451806640625 0.76422900390625 0.71676416015625 0.76455419921875 0.72425439453125 0.76162548828125 0.73272119140625 0.75414013671875 0.73858349609375 0.74470263671875 0.73662939453125 0.73851904296875 0.7320703125 0.73754296875 0.72523095703125 0.7417734375 0.71969482421875 0.7482822265625 0.714484375 0.75414013671875 0.713181640625
0 0.8671875 0.60416650390625 0.85307470703125 0.608318359375 0.8407080078125 0.6076669921875 0.8371279296875 0.6040849609375 0.83680224609375 0.59854833984375 0.84428759765625 0.59008154296875 0.851447265625 0.588453125 0.86121044921875 0.590732421875 0.86739404296875 0.5952919921875 0.868044921875 0.599525390625
0 0.865234375 0.77457666015625 0.86446484375 0.7828310546875 0.860234375 0.78804150390625 0.85405078125 0.78869287109375 0.8498203125 0.78576171875 0.84884375 0.78120263671875 0.85307470703125 0.7753408203125 0.8592578125 0.772083984375 0.862837890625 0.77175830078125
0 0.6982421875 0.64371728515625 0.70239501953125 0.6467041015625 0.70239501953125 0.6515888671875 0.7004423828125 0.65810205078125 0.69588623046875 0.65973046875 0.69230615234375 0.65810205078125 0.690353515625 0.65452001953125 0.69230615234375 0.6467041015625
0 0.7092294921875 0.62814111328125 0.7004423828125 0.627490234375 0.69458447265625 0.62358203125 0.69458447265625 0.61706884765625 0.6988154296875 0.61511474609375 0.7056494140625 0.61641748046875 0.70890380859375 0.62 0.7108564453125 0.62325634765625
0 0.8671875 0.67985009765625 0.8592578125 0.67959619140625 0.8501455078125 0.67829345703125 0.8459150390625 0.67438525390625 0.8459150390625 0.66884912109375 0.85209814453125 0.66591796875 0.8615361328125 0.667220703125 0.8657666015625 0.6685234375 0.86869580078125 0.67373388671875
0 0.798828125 0.75748681640625 0.7961220703125 0.77010888671875 0.78863720703125 0.77759912109375 0.77854833984375 0.77955322265625 0.76911083984375 0.7805302734375 0.76292724609375 0.77694775390625 0.76292724609375 0.7704345703125 0.766181640625 0.75903662109375 0.77301611328125 0.75154638671875 0.78082666015625 0.7492666015625 0.7892880859375 0.748615234375 0.79514599609375 0.75154638671875
0 0.904296875 0.87320947265625 0.9041689453125 0.88181103515625 0.90123974609375 0.8876728515625 0.8963583984375 0.8909296875 0.8927783203125 0.8902783203125 0.8911513671875 0.88376513671875 0.89342919921875 0.8766005859375 0.895056640625 0.87171533203125 0.900263671875 0.8691103515625
0 0.93359375 0.84977197265625 0.93313330078125 0.85899365234375 0.9285771484375 0.86713525390625 0.92141748046875 0.8684375 0.915884765625 0.866158203125 0.91393212890625 0.86127294921875 0.915884765625 0.8560625 0.92141748046875 0.8518291015625 0.9276005859375 0.85020068359375
0 0.427517578125 0.94690380859375 0.4184052734375 0.96201708984375 0.4057490234375 0.96418798828125 0.39634716796875 0.9587607421875 0.39634716796875 0.94971435546875 0.4021328125 0.94066796875 0.4133427734375 0.9356025390625 0.422744140625 0.93668798828125 0.42563720703125 0.939220703125
0 0.8875869140625 0.96372265625 0.87697021484375 0.97686474609375 0.8635908203125 0.98229248046875 0.85527392578125 0.97686474609375 0.85129638671875 0.96890380859375 0.8534658203125 0.95913427734375 0.86178271484375 0.95153515625 0.87190771484375 0.9493642578125 0.88347900390625 0.95225927734375 0.8892646484375 0.95587744140625
0 0.92361669921875 0.9139033203125 0.91746923828125 0.9276533203125 0.9048134765625 0.9247587890625 0.90155908203125 0.9167978515625 0.90553662109375 0.90268603515625 0.91602294921875 0.896896484375 0.92361669921875 0.90051513671875 0.92650927734375 0.907751953125