0 0.93505859375 0.42976611328125 0.941162109375 0.42805712890625 0.9443359375 0.42488330078125 0.94289306640625 0.4175068359375 0.9363974609375 0.41166064453125 0.927953125 0.41166064453125 0.92333984375 0.41365283203125 0.921875 0.42585986328125 0.927490234375 0.43001025390625
0 0.98080029296875 0.52010693359375 0.98537646484375 0.51225146484375 0.98602587890625 0.5051064453125 0.98082958984375 0.49666162109375 0.97758154296875 0.4908154296875 0.96913720703125 0.490166015625 0.9619921875 0.49666162109375 0.96322216796875 0.51180615234375 0.97030224609375 0.51937451171875
0 0.7724609375 0.637451171875 0.792724609375 0.6318359375 0.800537109375 0.626953125 0.8076171875 0.616943359375 0.810546875 0.605224609375 0.80810546875 0.587646484375 0.80322265625 0.575927734375 0.796142578125 0.57080078125 0.772216796875 0.5703125 0.748291015625 0.5791015625 0.7392578125 0.587646484375 0.73388671875 0.597900390625 0.7314453125 0.606201171875 0.7314453125 0.616943359375 0.736328125 0.629638671875 0.740478515625 0.6328125 0.754638671875 0.63671875
0 0.8831396484375 0.50691455078125 0.8885107421875 0.50349658203125 0.8880224609375 0.49519580078125 0.8846044921875 0.48835986328125 0.8780126953125 0.48469775390625 0.8711767578125 0.48567431640625 0.8694677734375 0.48738330078125 0.8694677734375 0.49275439453125 0.8719091796875 0.50007861328125 0.8770361328125 0.50618212890625
0 0.931322265625 0.599365234375 0.941576171875 0.592041015625 0.948900390625 0.580810546875 0.950365234375 0.572998046875 0.946703125 0.56494140625 0.934984375 0.55859375 0.92668359375 0.55908203125 0.91802294921875 0.56672265625 0.91412548828125 0.58036376953125 0.917162109375 0.591064453125 0.92521875 0.5986328125
0 0.98390576171875 0.72309326171875 0.9803857421875 0.7106103515625 0.9730615234375 0.7096337890625 0.9664697265625 0.7147607421875 0.9654931640625 0.7220849609375 0.97676025390625 0.73218701171875
0 0.87028271484375 0.7303857421875 0.88078076171875 0.7247705078125 0.89420849609375 0.7108544921875 0.89811474609375 0.7030419921875 0.89713818359375 0.6952294921875 0.89323193359375 0.6874169921875 0.88004833984375 0.6688623046875 0.87443310546875 0.6652001953125 0.86466748046875 0.6671533203125 0.85709912109375 0.6747216796875 0.85270458984375 0.6835107421875 0.85221630859375 0.6947412109375 0.84733349609375 0.7054833984375 0.84782177734375 0.7137841796875 0.85172802734375 0.7206201171875 0.85929638671875 0.7277001953125
0 0.91180419921875 0.7763583984375 0.9195986328125 0.76661474609375 0.926744140625 0.753623046875 0.93115234375 0.740966796875 0.923095703125 0.7353515625 0.909912109375 0.736328125 0.906005859375 0.73828125 0.8984375 0.744384765625 0.89111328125 0.754638671875 0.890625 0.764892578125 0.89404296875 0.772705078125 0.902587890625 0.77978515625
0 0.93880810546875 0.8474208984375 0.94320263671875 0.8405849609375 0.94320263671875 0.8308193359375 0.92757763671875 0.8015224609375 0.91744921875 0.7956591796875 0.90835498046875 0.79890673828125 0.9057568359375 0.80670166015625 0.91225244140625 0.8190439453125 0.91744921875 0.8281376953125 0.92293896484375 0.8369228515625 0.93123974609375 0.8447353515625
0 0.88527197265625 0.844048828125 0.89306689453125 0.839501953125 0.8947099609375 0.82217822265625 0.8890947265625 0.81412158203125 0.8837236328125 0.81314501953125 0.87617822265625 0.82715966796875 0.8787763671875 0.83365576171875 0.87942626953125 0.83885205078125
0 0.94018359375 0.87230908203125 0.94278173828125 0.86386474609375 0.938884765625 0.85736865234375 0.9304404296875 0.85866796875 0.9278955078125 0.8646806640625 0.9305810546875 0.8717607421875
0 0.93717724609375 0.9253759765625 0.94401318359375 0.9204931640625 0.94694287109375 0.9141455078125 0.94694287109375 0.9004736328125 0.94450146484375 0.8887548828125 0.94059521484375 0.8819189453125 0.93693310546875 0.8792333984375 0.93107373046875 0.8787451171875 0.92277294921875 0.8831396484375 0.91715771484375 0.8892431640625 0.91569287109375 0.9019384765625 0.91911083984375 0.9087744140625 0.93082958984375 0.9224462890625
0 0.99951171875 0.99951171875 0.99951171875 0.96533203125 0.992431640625 0.96728515625 0.97607421875 0.981201171875 0.9736328125 0.992431640625 0.977294921875 0.99951171875
0 0.918720703125 0.992935546875 0.92586572265625 0.98968798828125 0.92953076171875 0.981201171875 0.91927685546875 0.972900390625 0.91659130859375 0.9677734375 0.90829052734375 0.962890625 0.89901318359375 0.96435546875 0.89078955078125 0.9734482421875 0.884943359375 0.98579052734375 0.89208837890625 0.99098681640625
0 0.85921337890625 0.99845703125 0.85188916015625 0.98625 0.84749462890625 0.97111328125 0.83894970703125 0.965498046875 0.82674267578125 0.964521484375 0.82381298828125 0.965986328125 0.80989697265625 0.98380859375 0.81111767578125 0.998701171875
0 0.19401318359375 0.98560888671875 0.20255810546875 0.98292333984375 0.20719677734375 0.97681982421875 0.20583984375 0.97464697265625 0.20129296875 0.9694501953125 0.1928486328125 0.97074951171875 0.18505419921875 0.97529638671875 0.18180615234375 0.97789453125 0.184404296875 0.9850400390625
0 0.149328125 0.96815087890625 0.1545244140625 0.9616552734375 0.15647314453125 0.9571083984375 0.15127685546875 0.95256103515625 0.1467294921875 0.95126220703125 0.1421826171875 0.95191162109375 0.13958447265625 0.9584072265625 0.1363369140625 0.96360400390625 0.140234375 0.970099609375 0.1421826171875 0.9739970703125
0 0.25845751953125 0.914154296875 0.26309619140625 0.9124453125 0.2636513671875 0.90774072265625 0.25975390625 0.89994580078125 0.25455712890625 0.89344970703125 0.24481396484375 0.8902021484375 0.23892626953125 0.893158203125 0.23990283203125 0.902923828125 0.24380908203125 0.909271484375 0.24991259765625 0.91391015625
0 0.2418603515625 0.82414013671875 0.2533349609375 0.82047802734375 0.2696923828125 0.80656201171875 0.2721337890625 0.80119091796875 0.2721337890625 0.79484326171875 0.2674951171875 0.78776318359375 0.2621240234375 0.78532177734375 0.2562646484375 0.78629833984375 0.2340478515625 0.79972607421875 0.2306298828125 0.80656201171875 0.2320947265625 0.81925732421875 0.2362451171875 0.82389599609375
0 0.3646328125 0.75886083984375 0.37567529296875 0.75496337890625 0.38347021484375 0.747818359375 0.3867177734375 0.741322265625 0.38736767578125 0.73417724609375 0.38476904296875 0.72703173828125 0.37946875 0.7185888671875 0.37019140625 0.7176123046875 0.3550546875 0.7249365234375 0.347974609375 0.7305517578125 0.344068359375 0.7364111328125 0.343580078125 0.7437353515625 0.347486328125 0.7530126953125 0.35261328125 0.7586279296875
0 0.43547607421875 0.6418876953125 0.441322265625 0.6340927734375 0.4471044921875 0.6192236328125 0.4436865234375 0.6035986328125 0.4380712890625 0.5974951171875 0.4322119140625 0.5955419921875 0.4200048828125 0.5955419921875 0.4121923828125 0.5984716796875 0.4065771484375 0.6055517578125 0.4041357421875 0.6153173828125 0.4046240234375 0.6231298828125 0.4080419921875 0.6319189453125 0.4131689453125 0.6385107421875 0.4190283203125 0.6424169921875 0.4263525390625 0.6443701171875
0 0.2506494140625 0.375732421875 0.2562646484375 0.375 0.2699365234375 0.36669921875 0.2892236328125 0.339599609375 0.2941064453125 0.329833984375 0.2941064453125 0.325439453125 0.2850732421875 0.3154296875 0.2777490234375 0.314453125 0.2616357421875 0.32470703125 0.2489404296875 0.33544921875 0.2364892578125 0.349853515625 0.2350244140625 0.355712890625 0.2360009765625 0.367431640625 0.2435693359375 0.375
0 0.21630859375 0.3521337890625 0.2294921875 0.3409033203125 0.2314453125 0.3321142578125 0.224365234375 0.3235693359375 0.21735546875 0.32697998046875 0.21021044921875 0.3321767578125 0.20631298828125 0.33997119140625 0.208740234375 0.3494482421875
0 0.037916015625 0.422119140625 0.045728515625 0.416748046875 0.046705078125 0.411865234375 0.0386484375 0.40234375 0.03034765625 0.4013671875 0.024732421875 0.408935546875 0.024732421875 0.413818359375 0.0308359375 0.42041015625
0 0.04850634765625 0.22793994140625 0.06242236328125 0.21939501953125 0.06950244140625 0.21085009765625 0.07047900390625 0.20303759765625 0.06901416015625 0.19913134765625 0.06193408203125 0.19205126953125 0.05119189453125 0.19253955078125 0.04142626953125 0.19595751953125 0.03556689453125 0.19888720703125 0.02995166015625 0.20596728515625 0.02897509765625 0.21622119140625 0.03190478515625 0.22354541015625 0.03849658203125 0.22818408203125
0 0.2091455078125 0.05280859375 0.2174462890625 0.0464609375 0.2203759765625 0.04206640625 0.2203759765625 0.03816015625 0.2137841796875 0.027173828125 0.2030419921875 0.024244140625 0.1949853515625 0.03034765625 0.1920556640625 0.04304296875 0.1986474609375 0.051099609375
0 0.3981103515625 0.0464609375 0.4068994140625 0.03816015625 0.4093408203125 0.0327890625 0.4093408203125 0.02644140625 0.3978662109375 0.003248046875 0.3856591796875 0.003248046875 0.3805322265625 0.0171640625 0.3795556640625 0.02741796875 0.3819970703125 0.0327890625 0.3934716796875 0.044263671875
0 0.32584033203125 0.1169345703125 0.33585009765625 0.1142490234375 0.34927783203125 0.1027744140625 0.35074267578125 0.0822666015625 0.34781298828125 0.0739658203125 0.34415087890625 0.0717685546875 0.32510791015625 0.0698154296875 0.31143603515625 0.0707919921875 0.30167041015625 0.0751865234375 0.29556689453125 0.0832431640625 0.29459033203125 0.0944736328125 0.29898486328125 0.1042392578125 0.30948291015625 0.1137607421875
0 0.6350927734375 0.117919921875 0.6463232421875 0.109619140625 0.6472998046875 0.103759765625 0.6443701171875 0.090087890625 0.6348486328125 0.08056640625 0.6221533203125 0.080078125 0.61573583984375 0.08808935546875 0.61443701171875 0.104978515625 0.6160498046875 0.109130859375 0.6231298828125 0.115234375
0 0.915208984375 0.034912109375 0.921556640625 0.024658203125 0.922044921875 0.019775390625 0.91868603515625 0.013421875 0.91218994140625 0.0127724609375 0.90634423828125 0.01926806640625 0.90569482421875 0.02641357421875 0.9086171875 0.03369140625
0 0.98234326171875 0.06668701171875 0.9855908203125 0.05889208984375 0.98518603515625 0.04629931640625 0.97761767578125 0.03921923828125 0.96882861328125 0.04019580078125 0.96370166015625 0.04922900390625 0.96418994140625 0.05752978515625 0.96760791015625 0.06534228515625 0.97078173828125 0.06802783203125
0 0.85613720703125 0.08861865234375 0.86321728515625 0.08495654296875 0.86736767578125 0.07738818359375 0.86541455078125 0.06664599609375 0.85784619140625 0.06249560546875 0.84946923828125 0.06710009765625 0.84492236328125 0.07099755859375 0.8429736328125 0.07684375 0.84441845703125 0.08422412109375 0.84954541015625 0.08837451171875
0 0.931162109375 0.213623046875 0.93775390625 0.21142578125 0.943857421875 0.205322265625 0.945810546875 0.200439453125 0.93686083984375 0.19077294921875 0.92505859375 0.18212890625 0.9187109375 0.1826171875 0.91542529296875 0.19207177734375 0.9173740234375 0.19921728515625 0.922373046875 0.210205078125
0 0.89235400390625 0.23169580078125 0.89690087890625 0.2252001953125 0.8982001953125 0.21480712890625 0.89485400390625 0.20059619140625 0.89216845703125 0.19839892578125 0.88386767578125 0.19742236328125 0.87263720703125 0.20279345703125 0.86751025390625 0.21085009765625 0.86946337890625 0.21817431640625 0.88533251953125 0.23013720703125
0 0.94431884765625 0.23494384765625 0.9531337890625 0.22729052734375 0.9550869140625 0.21801318359375 0.9514248046875 0.21190966796875 0.9411708984375 0.20605029296875 0.93392626953125 0.21480712890625 0.932626953125 0.2239013671875 0.937173828125 0.23429443359375
0 0.99462890625 0.253662109375 0.99951171875 0.253173828125 0.99951171875 0.22216796875 0.992919921875 0.2255859375 0.9873046875 0.231689453125 0.98388671875 0.242431640625 0.9853515625 0.251220703125 0.988037109375 0.25390625
0 0.976552734375 0.2660302734375 0.982900390625 0.2606591796875 0.97826611328125 0.25109814453125 0.967763671875 0.2469873046875 0.966298828125 0.2572412109375 0.97044921875 0.2633447265625
0 0.96873583984375 0.3047705078125 0.9750185546875 0.301115234375 0.9717705078125 0.29526904296875 0.96657421875 0.29072216796875 0.95652880859375 0.2920751953125 0.95555224609375 0.2998876953125 0.95872607421875 0.3035498046875
0 0.85415185546875 0.361908203125 0.86105224609375 0.35050830078125 0.859103515625 0.340115234375 0.850009765625 0.333619140625 0.83831787109375 0.333619140625 0.83364404296875 0.338958984375 0.83315576171875 0.345306640625 0.83755029296875 0.354095703125 0.84609521484375 0.3616640625
0 0.7540673828125 0.6932763671875 0.7648095703125 0.6869287109375 0.7652978515625 0.6815576171875 0.7577294921875 0.6695947265625 0.7499169921875 0.6671533203125 0.7438134765625 0.6708154296875 0.7423486328125 0.6800927734375 0.7462548828125 0.6883935546875
0 0.77637158203125 0.747314453125 0.78271923828125 0.742919921875 0.78206005859375 0.73410205078125 0.77751318359375 0.72695703125 0.7716669921875 0.72500830078125 0.76452197265625 0.72500830078125 0.75781689453125 0.726806640625 0.75781689453125 0.736572265625 0.76587353515625 0.7451171875
0 0.74885791015625 0.7609951171875 0.75282958984375 0.751640625 0.7515302734375 0.742546875 0.7456845703125 0.73410205078125 0.741787109375 0.7276064453125 0.73659033203125 0.72695703125 0.7294453125 0.72955517578125 0.72639697265625 0.7375576171875 0.72590869140625 0.7458583984375 0.72981494140625 0.7551357421875 0.73494189453125 0.7592861328125
0 0.77832470703125 0.8633642578125 0.77881298828125 0.8531103515625 0.77783642578125 0.8482275390625 0.77368603515625 0.8426123046875 0.76489697265625 0.8396826171875 0.75854931640625 0.8421240234375 0.74951611328125 0.8526220703125 0.74658642578125 0.8589697265625 0.74658642578125 0.8662939453125 0.75513134765625 0.8738623046875 0.76440869140625 0.8738623046875
0 0.5660791015625 0.87557568359375 0.5716943359375 0.87337841796875 0.5782861328125 0.86678662109375 0.5817041015625 0.85457958984375 0.5812158203125 0.84774365234375 0.5782861328125 0.84237255859375 0.5697412109375 0.83675732421875 0.5577783203125 0.84237255859375 0.5543603515625 0.85702099609375 0.5543603515625 0.86385693359375 0.5568017578125 0.86971630859375 0.5609521484375 0.87484326171875
0 0.8387060546875 0.842041015625 0.8470068359375 0.835205078125 0.8597021484375 0.820068359375 0.8626318359375 0.812255859375 0.8631201171875 0.799560546875 0.8567724609375 0.783447265625 0.8492041015625 0.77392578125 0.8350439453125 0.76416015625 0.8228369140625 0.7626953125 0.8111181640625 0.76708984375 0.8064794921875 0.772705078125 0.8069677734375 0.792724609375 0.8035498046875 0.809326171875 0.8040380859375 0.820556640625 0.8074560546875 0.827392578125 0.8150244140625 0.83447265625
0 0.62890625 0.827880859375 0.64208984375 0.819580078125 0.64306640625 0.812255859375 0.64013671875 0.806396484375 0.631103515625 0.798828125 0.615966796875 0.79248046875 0.611572265625 0.79296875 0.60888671875 0.796142578125 0.6083984375 0.803955078125 0.61328125 0.819580078125 0.618896484375 0.8271484375
0 0.65418798828125 0.70495556640625 0.6600341796875 0.699109375 0.66782861328125 0.69326318359375 0.669921875 0.684814453125 0.665283203125 0.68115234375 0.650634765625 0.6796875 0.640869140625 0.68408203125 0.6357421875 0.690673828125 0.63720703125 0.698974609375 0.643310546875 0.70556640625
0 0.5982138671875 0.80602783203125 0.59529345703125 0.79442919921875 0.58503955078125 0.79345263671875 0.57991259765625 0.79662646484375 0.57795947265625 0.80199755859375 0.5878212890625 0.8073271484375
0 0.55956591796875 0.843017578125 0.5647412109375 0.83894482421875 0.56798876953125 0.8330986328125 0.56733935546875 0.82660302734375 0.56689013671875 0.818603515625 0.55981005859375 0.8134765625 0.55492724609375 0.81298828125 0.55028857421875 0.816650390625 0.54735888671875 0.823974609375 0.55126513671875 0.833740234375
0 0.51040478515625 0.83792333984375 0.5143017578125 0.83012841796875 0.51625048828125 0.82558154296875 0.51560107421875 0.81843603515625 0.5131005859375 0.80827099609375 0.5023583984375 0.80436474609375 0.4928369140625 0.80997998046875 0.4918603515625 0.82169873046875 0.4952783203125 0.83244091796875 0.5001611328125 0.83976513671875 0.50715673828125 0.84247021484375
0 0.4549169921875 0.860107421875 0.4634619140625 0.8564453125 0.4705419921875 0.849365234375 0.4749365234375 0.843017578125 0.4749365234375 0.835693359375 0.4717626953125 0.83154296875 0.4629736328125 0.8271484375 0.45084716796875 0.8347431640625 0.4462998046875 0.84123876953125 0.44370166015625 0.84903369140625 0.4478369140625 0.85791015625
0 0.44704248046875 0.90063671875 0.44921875 0.8915185546875 0.439697265625 0.8863916015625 0.433837890625 0.8863916015625 0.43017578125 0.8905419921875 0.43212890625 0.8993310546875 0.43794873046875 0.90193603515625
0 0.45947265625 0.7959814453125 0.467529296875 0.7923193359375 0.47216796875 0.7876806640625 0.47509765625 0.7803564453125 0.474609375 0.7637548828125 0.470458984375 0.7581396484375 0.464599609375 0.7552099609375 0.447998046875 0.7591162109375 0.4423828125 0.7652197265625 0.435546875 0.7803564453125 0.4365234375 0.7886572265625 0.440185546875 0.7947607421875
0 0.4319677734375 0.7666845703125 0.4368505859375 0.7613134765625 0.4373388671875 0.7564306640625 0.4348974609375 0.7500830078125 0.4273291015625 0.7444677734375 0.4190283203125 0.7459326171875 0.4148779296875 0.7515478515625 0.4158544921875 0.7583837890625 0.4229345703125 0.7649755859375
0 0.38119970703125 0.83252490234375 0.38509716796875 0.82213134765625 0.38354052734375 0.8116845703125 0.37621630859375 0.8102197265625 0.36986865234375 0.8121728515625 0.36571826171875 0.8163232421875 0.36327685546875 0.8285302734375 0.37054541015625 0.83788134765625
0 0.5393896484375 0.802490234375 0.5472021484375 0.798095703125 0.5476904296875 0.792236328125 0.5386572265625 0.78271484375 0.5293798828125 0.7822265625 0.5262060546875 0.785888671875 0.5276708984375 0.796142578125 0.5318212890625 0.80078125
0 0.5348291015625 0.767822265625 0.539408203125 0.7616455078125 0.54135693359375 0.75255126953125 0.5301904296875 0.74365234375 0.5245751953125 0.749267578125 0.5221337890625 0.757568359375 0.5277490234375 0.7666015625
0 0.5647802734375 0.7041845703125 0.5750341796875 0.6939306640625 0.5721044921875 0.6817236328125 0.56118896484375 0.68276904296875 0.55583203125 0.6871220703125 0.55258447265625 0.68972021484375 0.55388330078125 0.69686572265625 0.5557470703125 0.7029638671875
0 0.3646748046875 0.63712060546875 0.37256298828125 0.635498046875 0.37256298828125 0.623291015625 0.36597119140625 0.6103515625 0.35623046875 0.60918896484375 0.35623046875 0.61633447265625 0.3568798828125 0.62477880859375 0.35817919921875 0.62932568359375
0 0.175892578125 0.73923046875 0.1797900390625 0.7353330078125 0.18238818359375 0.72883740234375 0.18024951171875 0.72102587890625 0.17487841796875 0.71956103515625 0.16633349609375 0.72419970703125 0.16438037109375 0.73298876953125 0.16950732421875 0.74104541015625
0 0.30337939453125 0.614990234375 0.31021533203125 0.609130859375 0.30777392578125 0.599853515625 0.30118212890625 0.5947265625 0.29336962890625 0.59521484375 0.28873095703125 0.603271484375 0.28970751953125 0.608642578125 0.29678759765625 0.61474609375
0 0.279296875 0.5889501953125 0.2861328125 0.5850439453125 0.28564453125 0.5767431640625 0.278564453125 0.5681982421875 0.271728515625 0.5677099609375 0.267578125 0.5723486328125 0.267578125 0.5801611328125 0.274658203125 0.5877294921875
0 0.36963330078125 0.60099560546875 0.37476025390625 0.59977490234375 0.37842236328125 0.59611279296875 0.38037548828125 0.59171826171875 0.37988720703125 0.58683544921875 0.37231884765625 0.58073193359375 0.36374609375 0.581890625 0.3598486328125 0.58773681640625 0.35919921875 0.59163427734375 0.36255322265625 0.59977490234375
0 0.6272802734375 0.534912109375 0.6368017578125 0.53125 0.6482763671875 0.518798828125 0.6472998046875 0.510009765625 0.6392431640625 0.50244140625 0.6304541015625 0.50341796875 0.6175146484375 0.516845703125 0.6175146484375 0.522216796875 0.6209326171875 0.530517578125
0 0.68988720703125 0.50402685546875 0.69898095703125 0.49947998046875 0.7048271484375 0.49623193359375 0.708724609375 0.48843701171875 0.70417724609375 0.48064208984375 0.69118603515625 0.48064208984375 0.67489306640625 0.482421875 0.67220751953125 0.486083984375 0.67220751953125 0.496826171875 0.67754541015625 0.50337744140625
0 0.65481396484375 0.332953125 0.6580615234375 0.32580810546875 0.66260888671875 0.31736328125 0.66169970703125 0.30891650390625 0.65388720703125 0.30647509765625 0.64509814453125 0.30696337890625 0.64290087890625 0.31013720703125 0.64485400390625 0.32673876953125 0.6489677734375 0.3336025390625
0 0.7011806640625 0.28996044921875 0.7077724609375 0.28825146484375 0.7133876953125 0.28410107421875 0.7168056640625 0.27824169921875 0.7172939453125 0.27287060546875 0.71108984375 0.27015576171875 0.70459423828125 0.269505859375 0.69744921875 0.2734033203125 0.69290234375 0.2811982421875 0.6936123046875 0.28873974609375
0 0.5887060546875 0.359466796875 0.5955419921875 0.355072265625 0.59853564453125 0.34687255859375 0.5907412109375 0.34167578125 0.58489501953125 0.34427392578125 0.5796982421875 0.34622265625 0.5772314453125 0.354828125 0.5840673828125 0.35922265625
0 0.44091796875 0.414794921875 0.449951171875 0.41064453125 0.46484375 0.396240234375 0.46630859375 0.388427734375 0.459716796875 0.380859375 0.451416015625 0.3798828125 0.43310546875 0.393310546875 0.43017578125 0.400146484375 0.4306640625 0.405029296875 0.436279296875 0.41357421875
0 0.5166015625 0.3519677734375 0.5244140625 0.3451318359375 0.5263671875 0.3382958984375 0.521240234375 0.3317041015625 0.513427734375 0.3292626953125 0.50732421875 0.3343896484375 0.5048828125 0.3426904296875 0.509033203125 0.3502587890625
0 0.47607421875 0.345458984375 0.486572265625 0.3427734375 0.4912109375 0.337158203125 0.48876953125 0.325927734375 0.483154296875 0.3212890625 0.474853515625 0.32177734375 0.46630859375 0.329345703125 0.46533203125 0.332275390625 0.46826171875 0.341064453125
0 0.42529296875 0.331298828125 0.43701171875 0.325927734375 0.4375 0.321533203125 0.433349609375 0.31640625 0.414306640625 0.30126953125 0.407958984375 0.3017578125 0.39990234375 0.307861328125 0.39697265625 0.313720703125 0.3974609375 0.318115234375 0.403564453125 0.32763671875 0.415771484375 0.33154296875
0 0.390625 0.358642578125 0.3974609375 0.354736328125 0.40185546875 0.344970703125 0.396728515625 0.33642578125 0.386962890625 0.33349609375 0.3818359375 0.336669921875 0.3779296875 0.346923828125 0.385009765625 0.357421875
0 0.38069384765625 0.31680712890625 0.38655322265625 0.31290087890625 0.38606494140625 0.30508837890625 0.37947314453125 0.29752001953125 0.37117236328125 0.29556689453125 0.36555712890625 0.30069384765625 0.36506884765625 0.30704150390625 0.37214892578125 0.31607470703125
0 0.31706005859375 0.40893994140625 0.32536083984375 0.40210400390625 0.33024365234375 0.39136181640625 0.32731396484375 0.38354931640625 0.32072216796875 0.37744580078125 0.31290966796875 0.37939892578125 0.30338818359375 0.39429150390625 0.30582958984375 0.40405712890625 0.31193310546875 0.40869580078125
0 0.3165673828125 0.443115234375 0.3290185546875 0.4365234375 0.3356103515625 0.428466796875 0.3356103515625 0.423583984375 0.3299951171875 0.41650390625 0.3221826171875 0.41552734375 0.3182763671875 0.4169921875 0.3104638671875 0.4208984375 0.3053369140625 0.427978515625 0.3038720703125 0.435791015625 0.3058251953125 0.439208984375 0.3109521484375 0.44287109375
0 0.2057275390625 0.50300830078125 0.2115869140625 0.49812548828125 0.2125634765625 0.48884814453125 0.2089013671875 0.48372119140625 0.2001123046875 0.48176806640625 0.1930322265625 0.48689501953125 0.1915673828125 0.49226611328125 0.1971826171875 0.50081103515625
0 0.1414658203125 0.56904150390625 0.1424169921875 0.56794970703125 0.1419287109375 0.56013720703125 0.1372900390625 0.55452197265625 0.1289892578125 0.55110400390625 0.1278251953125 0.5547509765625 0.1278251953125 0.5625458984375 0.13432080078125 0.56904150390625
0 0.26497119140625 0.22501025390625 0.26887744140625 0.22256884765625 0.26985400390625 0.21963916015625 0.26497119140625 0.20694384765625 0.26082080078125 0.20474658203125 0.25154345703125 0.20669970703125 0.24885791015625 0.21085009765625 0.24983447265625 0.21719775390625 0.25789111328125 0.22378955078125
0 0.4468037109375 0.17696240234375 0.45149462890625 0.1753671875 0.45198291015625 0.16706640625 0.44636767578125 0.159498046875 0.44050830078125 0.157544921875 0.43489306640625 0.16071875 0.43641064453125 0.16916748046875 0.44160693359375 0.17696240234375
0 0.42944189453125 0.12170654296875 0.4339892578125 0.1197578125 0.4339892578125 0.111962890625 0.4359375 0.10221923828125 0.42667041015625 0.089185546875 0.41788134765625 0.088208984375 0.41446337890625 0.089673828125 0.40787158203125 0.10163671875 0.40933642578125 0.10944921875 0.42325244140625 0.120923828125
0 0.47412548828125 0.28068310546875 0.48071728515625 0.27946240234375 0.48389111328125 0.27677685546875 0.48633251953125 0.26652294921875 0.48171435546875 0.26136474609375 0.47197119140625 0.2600654296875 0.4654755859375 0.2626640625 0.462876953125 0.26915966796875 0.46411572265625 0.27897412109375 0.46802197265625 0.28092724609375
0 0.6204443359375 0.237548828125 0.6319189453125 0.23193359375 0.6429052734375 0.219970703125 0.6429052734375 0.214111328125 0.6377783203125 0.20751953125 0.6294775390625 0.2060546875 0.6158056640625 0.2119140625 0.608455078125 0.21642626953125 0.6014013671875 0.224365234375 0.6067724609375 0.232666015625 0.6148291015625 0.2373046875
0 0.6598291015625 0.1776513671875 0.6664208984375 0.1754541015625 0.66789501953125 0.1650927734375 0.66984375 0.1521015625 0.665296875 0.1417080078125 0.6613994140625 0.1326142578125 0.6488427734375 0.1271142578125 0.6432275390625 0.1327294921875 0.6402978515625 0.1429833984375 0.6407861328125 0.1625146484375 0.6427392578125 0.1698388671875 0.6493310546875 0.1769189453125
0 0.70833935546875 0.17585986328125 0.72079052734375 0.16975634765625 0.72982373046875 0.15925830078125 0.72933544921875 0.14998095703125 0.71932568359375 0.14143603515625 0.71151318359375 0.14192431640625 0.70370068359375 0.14680712890625 0.69613232421875 0.15828173828125 0.69662060546875 0.16951220703125 0.70125927734375 0.17415087890625
0 0.49169921875 0.45077099609375 0.49951171875 0.44539990234375 0.5 0.43661083984375 0.4972041015625 0.43521484375 0.4861611328125 0.43261669921875 0.47966552734375 0.43391552734375 0.47836669921875 0.44171044921875 0.481689453125 0.44955029296875
0 0.69140625 0.46589892578125 0.6982421875 0.46101611328125 0.69677734375 0.44783251953125 0.690673828125 0.44270556640625 0.682373046875 0.44319384765625 0.673828125 0.45125048828125 0.673828125 0.46003955078125 0.679443359375 0.46467822265625
0 0.9735126953125 0.66852880859375 0.97611083984375 0.662033203125 0.97191943359375 0.65330712890625 0.96703662109375 0.65135400390625 0.95971240234375 0.65233056640625 0.95458544921875 0.65696923828125 0.95605029296875 0.66673486328125 0.96376904296875 0.66917822265625
0 0.4710302734375 0.93221630859375 0.4764013671875 0.92928662109375 0.4782900390625 0.92081591796875 0.47179443359375 0.91691845703125 0.46399951171875 0.91691845703125 0.45165771484375 0.92016650390625 0.4480810546875 0.92391552734375 0.45100830078125 0.92991015625 0.4600439453125 0.93246044921875
0 0.3994970703125 0.20214404296875 0.4026708984375 0.19848193359375 0.4031591796875 0.19457568359375 0.3975439453125 0.18700732421875 0.3877783203125 0.18212451171875 0.3816748046875 0.18969287109375 0.3811865234375 0.19555224609375 0.39029150390625 0.199697265625
0 0.38102490234375 0.21003515625 0.38639599609375 0.20417578125 0.3813662109375 0.195572265625 0.36710888671875 0.189283203125 0.36442333984375 0.195875 0.36832958984375 0.2036875 0.37616943359375 0.21051220703125
0 0.28954638671875 0.03148974609375 0.30175341796875 0.01830615234375 0.30028857421875 0.01244677734375 0.29320849609375 0.00731982421875 0.28441943359375 0.00780810546875 0.27831591796875 0.01391162109375 0.28075732421875 0.02465380859375 0.28490771484375 0.02978076171875
0 0.27921630859375 0.56175390625 0.28506201171875 0.55590771484375 0.28392236328125 0.549146484375 0.27269189453125 0.543775390625 0.26951806640625 0.55134375 0.27000634765625 0.55525
0 0.2623681640625 0.55085986328125 0.2692041015625 0.54646533203125 0.2652978515625 0.53816455078125 0.2587060546875 0.53206103515625 0.2552880859375 0.53108447265625 0.2499169921875 0.53303759765625 0.2482080078125 0.53474658203125 0.2482080078125 0.54011767578125 0.2501611328125 0.54500048828125 0.2557763671875 0.54963916015625
0 0.39501953125 0.57821240234375 0.40185546875 0.57137646484375 0.39990234375 0.56551708984375 0.390869140625 0.55697216796875 0.382568359375 0.55599560546875 0.3798828125 0.56014599609375 0.3798828125 0.56698193359375 0.38232421875 0.57235302734375 0.386962890625 0.57650341796875
0 0.7845068359375 0.67505322265625 0.7891455078125 0.67432080078125 0.7972021484375 0.66870556640625 0.7967138671875 0.66138134765625 0.7906103515625 0.65478955078125 0.7793798828125 0.65576611328125 0.7730322265625 0.65918408203125 0.7693701171875 0.66479931640625 0.7698583984375 0.66968212890625 0.7725439453125 0.67334423828125 0.7764501953125 0.67529736328125
0 0.83170849609375 0.72045458984375 0.836623046875 0.712666015625 0.8359736328125 0.7042216796875 0.83512646484375 0.69604052734375 0.82999951171875 0.69189013671875 0.82609326171875 0.69189013671875 0.81950146484375 0.70092333984375 0.81901318359375 0.70873583984375 0.82658154296875 0.71923388671875
0 0.53986767578125 0.1015693359375 0.545064453125 0.097671875 0.55078125 0.09300439453125 0.561279296875 0.08104150390625 0.5771484375 0.07103173828125 0.5810546875 0.06028955078125 0.58056640625 0.05345361328125 0.5771484375 0.04905908203125 0.564697265625 0.04002587890625 0.545654296875 0.04100244140625 0.534912109375 0.04588525390625 0.52587890625 0.05980126953125 0.5205078125 0.06468408203125 0.5146484375 0.07689111328125 0.51708984375 0.08568017578125 0.529296875 0.10130517578125
0 0.4749365234375 0.6908349609375 0.4827490234375 0.6800927734375 0.4837255859375 0.6742333984375 0.4751806640625 0.6632470703125 0.4663916015625 0.6612939453125 0.4568701171875 0.6717919921875 0.4554052734375 0.6766748046875 0.4605322265625 0.6842431640625 0.4693212890625 0.6901025390625
0 0.7998876953125 0.86149365234375 0.8084326171875 0.84904248046875 0.8089208984375 0.84415966796875 0.8037939453125 0.83561474609375 0.7935400390625 0.83561474609375 0.7837744140625 0.84391552734375 0.7856787109375 0.8517763671875 0.78957568359375 0.8608701171875
0 0.440142578125 0.2288857421875 0.452484375 0.228236328125 0.45638134765625 0.21459521484375 0.4468603515625 0.20166455078125 0.4414892578125 0.20068798828125 0.4351416015625 0.20459423828125 0.4329443359375 0.20825634765625 0.4324560546875 0.22192822265625
0 0.43994140625 0.0835703125 0.4453125 0.076734375 0.4443359375 0.07038671875 0.435791015625 0.064283203125 0.429931640625 0.064283203125 0.42529296875 0.0698984375 0.42529296875 0.07429296875 0.431396484375 0.080884765625
0 0.48193798828125 0.41853564453125 0.48730908203125 0.41560595703125 0.49072705078125 0.40925830078125 0.49072705078125 0.40486376953125 0.48560009765625 0.39876025390625 0.47681103515625 0.39778369140625 0.46924267578125 0.40535205078125 0.46973095703125 0.40974658203125 0.47485791015625 0.41633837890625
0 0.1416015625 0.7154150390625 0.14697265625 0.7119970703125 0.1474609375 0.7046728515625 0.142333984375 0.6961279296875 0.133544921875 0.6941748046875 0.12890625 0.6973486328125 0.12744140625 0.7022314453125 0.133544921875 0.7122412109375
0 0.64333837890625 0.9103984375 0.63509423828125 0.91329150390625 0.62969775390625 0.9103984375 0.6258544921875 0.9004658203125 0.630474609375 0.8973876953125 0.63663427734375 0.896361328125 0.64228076171875 0.89841357421875 0.644333984375 0.9020048828125 0.644333984375 0.90456982421875
0 0.50291552734375 0.5031162109375 0.509146484375 0.52429833984375 0.493556640625 0.53988818359375 0.479916015625 0.55547802734375 0.45848046875 0.558076171875 0.44354052734375 0.54768310546875 0.44354052734375 0.5294951171875 0.44743798828125 0.50805859375 0.4591298828125 0.49311865234375 0.4760185546875 0.487921875 0.4922578125 0.49246923828125 0.498103515625 0.49701611328125
0 0.45148974609375 0.49668798828125 0.43899365234375 0.48597314453125 0.4409423828125 0.47428076171875 0.455232421875 0.471033203125 0.46887353515625 0.47817822265625 0.4682236328125 0.4872724609375 0.46497607421875 0.4918193359375 0.459779296875 0.495716796875
0 0.970033203125 0.1474208984375 0.96345556640625 0.153494140625 0.95501123046875 0.15024609375 0.951763671875 0.14439990234375 0.9556611328125 0.1353056640625 0.9660537109375 0.13465625
0 0.84385205078125 0.14283935546875 0.833458984375 0.14673681640625 0.82436474609375 0.137642578125 0.8211171875 0.1259501953125 0.82761279296875 0.11685595703125 0.83995458984375 0.117505859375 0.84580029296875 0.12465087890625 0.84580029296875 0.13244580078125
0 0.83649755859375 0.169919921875 0.82306591796875 0.17012158203125 0.8126728515625 0.16297607421875 0.8120234375 0.15128369140625 0.81592041015625 0.13959130859375 0.81981787109375 0.1382919921875 0.8308603515625 0.142189453125 0.83540771484375 0.14738623046875 0.838005859375 0.1571298828125
0 0.80864208984375 0.15170654296875 0.78863916015625 0.1447880859375 0.78604052734375 0.12724951171875 0.78928857421875 0.101916015625 0.80227978515625 0.0915224609375 0.8172197265625 0.095419921875 0.8295615234375 0.10321484375 0.83540771484375 0.11165966796875 0.83735595703125 0.12075341796875 0.83540771484375 0.1304970703125 0.82436474609375 0.1460869140625 0.81462158203125 0.1525830078125
0 0.77075830078125 0.89202392578125 0.77126953125 0.90394384765625 0.7615263671875 0.92083251953125 0.7504833984375 0.9266787109375 0.7413896484375 0.9221318359375 0.73554345703125 0.9143369140625 0.73424462890625 0.90134521484375 0.7400908203125 0.890302734375 0.74788525390625 0.8831572265625 0.76087646484375 0.88055908203125 0.7673720703125 0.8825078125
0 0.5492626953125 0.679892578125 0.54602294921875 0.68972021484375 0.53757861328125 0.694267578125 0.53368115234375 0.68647265625 0.53692919921875 0.678677734375
0 0.28710205078125 0.681900390625 0.27175927734375 0.69173388671875 0.24651904296875 0.6899296875 0.23750439453125 0.678205078125 0.2411103515625 0.670087890625 0.25373046875 0.66648046875 0.2645478515625 0.66106884765625 0.28077392578125 0.670087890625
0 0.2304150390625 0.874615234375 0.22655029296875 0.891546875 0.20639794921875 0.9117099609375 0.18984423828125 0.919630859375 0.17257080078125 0.91819091796875 0.16681298828125 0.90738916015625 0.17185107421875 0.88938671875 0.18912451171875 0.86778369140625 0.21863330078125 0.8533818359375 0.23086865234375 0.8605830078125
0 0.6427724609375 0.3786416015625 0.64682958984375 0.39007080078125 0.643466796875 0.416986328125 0.632818359375 0.42651904296875 0.6193671875 0.427640625 0.60703759765625 0.42371533203125 0.5980703125 0.40689306640625 0.6019931640625 0.388388671875 0.6260927734375 0.37380908203125
0 0.48242919921875 0.02816455078125 0.4645029296875 0.02133544921875 0.4696064453125 0.01039404296875 0.47835498046875 0.006017578125 0.48783251953125 0.00747607421875 0.487103515625 0.02060595703125
0 0.087611328125 0.1967255859375 0.07416796875 0.195625 0.0665263671875 0.18797900390625 0.06813525390625 0.1759072265625 0.07658154296875 0.1634326171875 0.0926689453125 0.16785888671875 0.09468017578125 0.182748046875
0 0.1778818359375 0.27257470703125 0.16345849609375 0.27038623046875 0.14767041015625 0.26385009765625 0.14821484375 0.2529560546875 0.160736328125 0.250232421875 0.17761279296875 0.25894775390625
0 0.194048828125 0.32291162109375 0.18870654296875 0.34243359375 0.1780166015625 0.35822265625 0.1668173828125 0.362296875 0.15969091796875 0.35516650390625 0.16172705078125 0.3414150390625 0.1698720703125 0.33122900390625 0.180052734375 0.3215517578125 0.1871796875 0.31798681640625
0 0.29989111328125 0.38927294921875 0.29560693359375 0.406513671875 0.28593505859375 0.41669970703125 0.27728125 0.417208984375 0.27117236328125 0.4075322265625 0.26760888671875 0.39479931640625 0.27269970703125 0.38512255859375 0.2838984375 0.3810478515625 0.2945888671875 0.38614111328125
0 0.70813916015625 0.2624306640625 0.7001337890625 0.26452978515625 0.69351611328125 0.2619833984375 0.69351611328125 0.251796875 0.69758837890625 0.24721337890625 0.7026787109375 0.2467041015625 0.7082783203125 0.2507783203125
0 0.73585986328125 0.2531904296875 0.73220361328125 0.26249267578125 0.7235498046875 0.26452978515625 0.7194775390625 0.2553623046875 0.72405908203125 0.24517626953125 0.72864013671875 0.243138671875
0 0.82658154296875 0.2162294921875 0.8192509765625 0.2298310546875 0.810087890625 0.2298310546875 0.80296142578125 0.22219140625 0.80652490234375 0.2125146484375 0.81416015625 0.210986328125
0 0.7198994140625 0.077626953125 0.71082373046875 0.07051123046875 0.70929638671875 0.06185302734375 0.7098056640625 0.050138671875 0.71642333984375 0.0511572265625 0.723041015625 0.06287158203125
0 0.75854052734375 0.2447900390625 0.752056640625 0.2397578125 0.750529296875 0.231099609375 0.75307470703125 0.22702490234375 0.75765625 0.22600634765625 0.76681884765625 0.2290625 0.76885498046875 0.23822998046875
0 0.609857421875 0.7538408203125 0.60237109375 0.75954541015625 0.59269921875 0.75954541015625 0.59117236328125 0.751396484375 0.5947353515625 0.74324755859375 0.60135302734375 0.7417197265625 0.6059345703125 0.744775390625
0 0.6955390625 0.939484375 0.6863642578125 0.9355595703125 0.68331005859375 0.92639208984375 0.68534619140625 0.92078955078125 0.68992724609375 0.91875244140625 0.698072265625 0.923845703125 0.70214453125 0.93199462890625
0 0.91226318359375 0.95040478515625 0.90225634765625 0.94855078125 0.8992021484375 0.93683642578125 0.9058193359375 0.9317431640625 0.913455078125 0.9317431640625 0.92007275390625 0.937345703125 0.92007275390625 0.9449853515625
0 0.62077734375 0.97392529296875 0.62115185546875 0.98360107421875 0.61911572265625 0.989712890625 0.61300732421875 0.99175 0.6079169921875 0.98665673828125 0.60944384765625 0.98003564453125
0 0.55133935546875 0.4321083984375 0.54308154296875 0.43590771484375 0.5265625 0.43804052734375 0.52229931640625 0.431109375 0.52389794921875 0.4231123046875 0.532423828125 0.416181640625 0.54254833984375 0.41831396484375
0 0.630478515625 0.46288427734375 0.625142578125 0.47109521484375 0.616083984375 0.4742939453125 0.60755810546875 0.46736328125 0.607025390625 0.45510107421875 0.616083984375 0.45456787109375
0 0.70082421875 0.10236279296875 0.692611328125 0.11018212890625 0.68301953125 0.1096494140625 0.6787568359375 0.100052734375 0.68568408203125 0.0888564453125 0.69580859375 0.09685400390625
0 0.94351708984375 0.1384150390625 0.9355830078125 0.13911669921875 0.92705712890625 0.13591796875 0.92119580078125 0.12898681640625 0.91853125 0.12152294921875 0.928123046875 0.12098974609375 0.9355830078125 0.12365576171875 0.9451748046875 0.13058642578125
0 0.878447265625 0.1445703125 0.8679091796875 0.14313916015625 0.8583173828125 0.1388740234375 0.85458740234375 0.131943359375 0.85725146484375 0.12714501953125 0.868974609375 0.12714501953125 0.8769677734375 0.13141015625
0 0.70785888671875 0.3169169921875 0.70045361328125 0.32468701171875 0.6929931640625 0.32362109375 0.68926318359375 0.31722314453125 0.68766455078125 0.30869287109375 0.69139453125 0.30602734375 0.6993876953125 0.30815966796875
0 0.879326171875 0.44178076171875 0.87629931640625 0.4539619140625 0.865109375 0.45982666015625 0.85498486328125 0.4560947265625 0.85658349609375 0.447564453125 0.861912109375 0.44223291015625 0.86830615234375 0.4379677734375
0 0.22731005859375 0.406484375 0.22283154296875 0.4226259765625 0.21164208984375 0.4299609375 0.19505078125 0.42803076171875 0.19312158203125 0.417607421875 0.19505078125 0.4079560546875 0.202767578125 0.4029375 0.213185546875 0.40100732421875
0 0.24476806640625 0.163244140625 0.24047412109375 0.17906494140625 0.23184423828125 0.18284228515625 0.22483251953125 0.17474755859375 0.22591162109375 0.1650341796875 0.23292333984375 0.15585986328125
0 0.2554482421875 0.08937060546875 0.24694677734375 0.09595947265625 0.23669873046875 0.09703857421875 0.2291474609375 0.0911025390625 0.22806884765625 0.084626953125 0.2356201171875 0.07923046875 0.24425 0.07977001953125
0 0.13796240234375 0.1801552734375 0.1315224609375 0.18985791015625 0.12397119140625 0.1925556640625 0.11534130859375 0.18985791015625 0.1110263671875 0.18284228515625 0.116419921875 0.17636669921875 0.1277470703125 0.16827197265625 0.13421923828125 0.17312841796875
0 0.2363369140625 0.6588203125 0.22137548828125 0.66154296875 0.2137138671875 0.654466796875 0.210177734375 0.6444423828125 0.21194580078125 0.63323876953125 0.224322265625 0.628521484375 0.23846728515625 0.62970068359375 0.24789697265625 0.6385458984375 0.24789697265625 0.64916015625
0 0.45613427734375 0.6860517578125 0.45303173828125 0.69706884765625 0.44419140625 0.70532421875 0.43535107421875 0.70355517578125 0.43004638671875 0.6947099609375 0.4335830078125 0.685275390625 0.44595947265625 0.6811474609375
0 0.6828115234375 0.34201318359375 0.68545263671875 0.35575 0.68099462890625 0.36467041015625 0.6680263671875 0.3695361328125 0.6607314453125 0.36710302734375 0.655462890625 0.3602099609375 0.65303125 0.35128955078125 0.652220703125 0.338314453125 0.658705078125 0.33588134765625 0.6672158203125 0.33628662109375 0.6769423828125 0.339125
0 0.11365478515625 0.83068505859375 0.11478173828125 0.842666015625 0.1111376953125 0.85469775390625 0.1053076171875 0.86527099609375 0.09765478515625 0.86891650390625 0.08745166015625 0.8638125 0.08526513671875 0.85506201171875 0.08963818359375 0.838291015625 0.09510400390625 0.8299052734375 0.10166357421875 0.82224853515625 0.10822265625 0.82297802734375
0 0.04938037109375 0.6369775390625 0.05704150390625 0.63903955078125 0.0646630859375 0.64440576171875 0.06579248046875 0.65203173828125 0.0598642578125 0.66022216796875 0.0519599609375 0.6568330078125 0.042080078125 0.65061962890625 0.0392568359375 0.6446884765625 0.0423623046875 0.6381923828125
0 0.64433251953125 0.016408203125 0.64356396484375 0.0235556640625 0.6361240234375 0.02564013671875 0.627791015625 0.02206689453125 0.62541015625 0.01402734375 0.62689794921875 0.0083701171875 0.63552880859375 0.00598779296875 0.64118310546875 0.010751953125
0 0.53923583984375 0.0213193359375 0.53285400390625 0.030404296875 0.52452099609375 0.03278662109375 0.51946142578125 0.02921337890625 0.5188662109375 0.02176904296875 0.52065185546875 0.014623046875 0.5260087890625 0.01224072265625 0.5322587890625 0.01343212890625
0 0.55347802734375 0 0.55428173828125 0.0110498046875 0.54624609375 0.01640966796875 0.53642529296875 0.01551611328125 0.53166357421875 0.00926318359375 0.53344921875 0.00301025390625 0.53850830078125 0
0 0.98007373046875 0.14427880859375 0.9727470703125 0.14239501953125 0.968341796875 0.1351357421875 0.9686005859375 0.12735791015625 0.9758564453125 0.12243212890625 0.98285302734375 0.12295068359375 0.98751708984375 0.1270986328125 0.98984912109375 0.132802734375 0.98907177734375 0.1403212890625 0.98518505859375 0.1452470703125
0 0.99951171875 0.11434619140625 0.99269970703125 0.11776513671875 0.98259375 0.11854296875 0.98000244140625 0.11283935546875 0.9820751953125 0.10739501953125 0.98751708984375 0.10272802734375 0.99347705078125 0.101431640625 0.998400390625 0.10272802734375 0.99951171875 0.1092099609375
0 0.58365966796875 0.26801318359375 0.56854248046875 0.2751240234375 0.55589794921875 0.2751240234375 0.54219970703125 0.27090673828125 0.5376337890625 0.26317578125 0.5372822265625 0.2533359375 0.540794921875 0.24279345703125 0.54852197265625 0.24033349609375 0.557302734375 0.24033349609375 0.56713720703125 0.24314501953125 0.57907958984375 0.24982177734375 0.58505029296875 0.258255859375
0 0.60666650390625 0.2840078125 0.617341796875 0.2922890625 0.61961328125 0.30267822265625 0.6160439453125 0.3127421875 0.6063095703125 0.3150146484375 0.5968994140625 0.3098203125 0.59138330078125 0.3033271484375 0.5943037109375 0.290666015625 0.597873046875 0.284822265625
0 0.1592822265625 0.6238388671875 0.14769970703125 0.6217587890625 0.14583642578125 0.61243701171875 0.15068115234375 0.60348828125 0.1588798828125 0.60274267578125 0.16447021484375 0.60647119140625 0.16633349609375 0.611318359375 0.1629794921875 0.61840283203125
0 0.367921875 0.85130517578125 0.36469091796875 0.85849072265625 0.3591171875 0.8647236328125 0.35190380859375 0.86406787109375 0.34796923828125 0.8565224609375 0.35092041015625 0.8479931640625 0.3578056640625 0.84635302734375 0.36403564453125 0.84700927734375
0 0.64305517578125 0.9689775390625 0.64404248046875 0.97832568359375 0.64122607421875 0.98319287109375 0.63712939453125 0.98498583984375 0.63405712890625 0.98088720703125 0.6322646484375 0.9747392578125 0.6350810546875 0.96884716796875 0.63840966796875 0.96756640625
0 0.594419921875 0.1690419921875 0.6082783203125 0.1769345703125 0.6100693359375 0.188453125 0.60444091796875 0.2045791015625 0.59395166015625 0.20816259765625 0.581416015625 0.2048349609375 0.57629931640625 0.19613232421875 0.57553173828125 0.18358984375 0.579625 0.17309521484375 0.58602099609375 0.16874365234375
0 0.18320361328125 0.6449619140625 0.1855654296875 0.6519765625 0.18123291015625 0.66091650390625 0.16715234375 0.66281298828125 0.15794580078125 0.65766552734375 0.15605029296875 0.64818359375 0.16254931640625 0.6430361328125 0.17175537109375 0.6411396484375 0.177712890625 0.6411396484375
0 0.2271240234375 0.769697265625 0.22346240234375 0.784 0.21522412109375 0.792244140625 0.208015625 0.792244140625 0.2018369140625 0.786576171875 0.2023515625 0.77781689453125 0.20698583984375 0.77008837890625 0.21316455078125 0.765451171875 0.217798828125 0.765451171875
0 0.43029931640625 0.54334619140625 0.4289052734375 0.5588720703125 0.41912255859375 0.562994140625 0.41294384765625 0.55990234375 0.4098544921875 0.55011279296875 0.41345849609375 0.541353515625 0.418607421875 0.53929296875 0.4227265625 0.53877734375
0 0.6311572265625 0.60205859375 0.6302294921875 0.6119755859375 0.6178720703125 0.61712841796875 0.61066357421875 0.6119755859375 0.6101484375 0.60218603515625 0.6158125 0.59857958984375 0.622505859375 0.59857958984375
0 0.849783203125 0.8979375 0.840306640625 0.89790234375 0.83309814453125 0.89223486328125 0.83361279296875 0.88553662109375 0.840306640625 0.879353515625 0.84957470703125 0.88193017578125 0.85214892578125 0.89068896484375
0 0.17866650390625 0.8401953125 0.16785400390625 0.8443173828125 0.15807080078125 0.8401953125 0.154466796875 0.83040576171875 0.1606455078125 0.8231923828125 0.170943359375 0.8231923828125 0.1771220703125 0.83040576171875
0 0.21476318359375 0.5611142578125 0.21676904296875 0.57233544921875 0.2136796875 0.580064453125 0.203896484375 0.582640625 0.19668798828125 0.58057958984375 0.19411328125 0.57491162109375 0.19720263671875 0.5676982421875 0.20286669921875 0.56048486328125 0.208015625 0.558423828125
0 0.86986865234375 0.6028310546875 0.8572978515625 0.60122265625 0.84802978515625 0.5960703125 0.84391064453125 0.59040283203125 0.8464853515625 0.583189453125 0.85575341796875 0.58009765625 0.865021484375 0.582673828125 0.87171484375 0.58782666015625 0.8737744140625 0.5950400390625
0 0.4581103515625 0.08291845703125 0.4649482421875 0.08662841796875 0.46649267578125 0.0953876953125 0.46237353515625 0.10002490234375 0.45362060546875 0.10105517578125 0.4469267578125 0.09641796875 0.4448671875 0.0902353515625 0.44795654296875 0.0850830078125
0 0.54308837890625 0.64841015625 0.53754833984375 0.65522265625 0.5308544921875 0.65522265625 0.52725048828125 0.6511005859375 0.52982470703125 0.64491796875 0.5380634765625 0.64543310546875
0 0.63656494140625 0.56497705078125 0.64413134765625 0.5691767578125 0.6451611328125 0.57896630859375 0.6369228515625 0.5908173828125 0.62353564453125 0.594423828125 0.6096337890625 0.59236279296875 0.60088037109375 0.5825732421875 0.59830615234375 0.57072265625 0.60705908203125 0.5640244140625 0.62096142578125 0.56093310546875
0 0.66823828125 0.80523388671875 0.6606083984375 0.8010029296875 0.66163818359375 0.79275927734375 0.6673017578125 0.7881220703125 0.67451025390625 0.79018310546875 0.6755400390625 0.7984267578125
0 0.68832421875 0.791328125 0.67862939453125 0.78863720703125 0.6729658203125 0.78451513671875 0.67451025390625 0.77833251953125 0.6796591796875 0.77524072265625 0.6878974609375 0.77575634765625 0.69253173828125 0.77936279296875 0.6920166015625 0.78451513671875
0 0.67132861328125 0.7573369140625 0.66781689453125 0.76596630859375 0.658548828125 0.76905810546875 0.652884765625 0.7669970703125 0.6508251953125 0.7587529296875 0.65442919921875 0.749994140625 0.6606083984375 0.749478515625 0.66575732421875 0.75050927734375
0 0.67519140625 0.71871044921875 0.66833154296875 0.71241455078125 0.67039111328125 0.7015947265625 0.67605517578125 0.700048828125 0.68223388671875 0.70365576171875 0.6837783203125 0.70983837890625 0.68171875 0.71550634765625
0 0.04994287109375 0.94675 0.04994287109375 0.95756982421875 0.04376416015625 0.96426806640625 0.032951171875 0.96169189453125 0.030376953125 0.95241748046875 0.03449609375 0.94468896484375 0.042734375 0.944173828125
0 0.84669287109375 0.48231640625 0.840306640625 0.49298779296875 0.82949365234375 0.495048828125 0.820740234375 0.4914423828125 0.81919580078125 0.48371337890625 0.82331494140625 0.47186279296875 0.8310380859375 0.47083251953125 0.840306640625 0.47134765625 0.8449404296875 0.473923828125
0 0.34223095703125 0.0242060546875 0.34600732421875 0.0314638671875 0.3465224609375 0.043314453125 0.34291796875 0.05052783203125 0.33725439453125 0.05207373046875 0.33159033203125 0.04898193359375 0.330560546875 0.0417685546875 0.33313525390625 0.02940283203125 0.33570947265625 0.024765625
0 0.9919287109375 0.44677978515625 0.9813876953125 0.444140625 0.97675341796875 0.43898828125 0.979328125 0.4322900390625 0.986021484375 0.43125927734375 0.99477490234375 0.43538134765625 0.9963193359375 0.441564453125
0 0.14380517578125 0.3700390625 0.1442333984375 0.38512939453125 0.1427119140625 0.40847314453125 0.1320625 0.4399365234375 0.12141259765625 0.44501123046875 0.10924169921875 0.44348876953125 0.0996064453125 0.4313095703125 0.09707080078125 0.41710009765625 0.10062060546875 0.39121923828125 0.108734375 0.37548779296875 0.118876953125 0.368890625 0.12851220703125 0.36533837890625 0.137640625 0.36483056640625
0 0.763671875 0.02181005859375 0.74136376953125 0.03749169921875 0.71142333984375 0.04465673828125 0.69775439453125 0.03228125 0.7003583984375 0.00492578125 0.7263935546875 0 0.74396728515625 0 0.75568310546875 0.0042744140625 0.761541015625 0.01143896484375
0 0.9626640625 0.38134912109375 0.9418359375 0.39111865234375 0.91580029296875 0.38134912109375 0.90538623046875 0.36180908203125 0.91384765625 0.34682861328125 0.93207275390625 0.3416181640625 0.9561552734375 0.34878271484375 0.970474609375 0.36311181640625 0.96982373046875 0.373533203125
0 0.869140625 0.51985693359375 0.859173828125 0.5415322265625 0.83639306640625 0.555861328125 0.81816796875 0.55260498046875 0.8142626953125 0.53697314453125 0.82923291015625 0.5154794921875 0.8474580078125 0.501150390625 0.86112646484375 0.50375537109375