0 0.1637490234375 0.91294384765625 0.159853515625 0.9173564453125 0.15335498046875 0.9176064453125 0.15035546875 0.91535546875 0.14885595703125 0.9116044921875 0.14985546875 0.90710302734375 0.15360498046875 0.9061025390625 0.15810400390625 0.9061025390625 0.16210302734375 0.90760302734375
0 0.11304638671875 0.9836552734375 0.1165615234375 0.98324169921875 0.1188359375 0.98468994140625 0.11986962890625 0.98675830078125 0.11759521484375 0.990068359375 0.11387353515625 0.99068896484375 0.11159912109375 0.9890341796875 0.11097900390625 0.9875859375 0.11242626953125 0.984896484375
0 0.02456787109375 0.912142578125 0.02517333984375 0.916009765625 0.02372607421875 0.920974609375 0.0195908203125 0.92262939453125 0.01607568359375 0.9218017578125 0.01483544921875 0.91787158203125 0.01607568359375 0.91435498046875 0.02000439453125 0.9122861328125
0 0.0511806640625 0.92067236328125 0.05039794921875 0.9246982421875 0.045642578125 0.92304296875 0.0404736328125 0.92159521484375 0.03943994140625 0.91869873046875 0.04212744140625 0.91683740234375 0.045642578125 0.916009765625 0.05039794921875 0.916009765625 0.05287939453125 0.91787158203125
0 0.23098779296875 0.92817822265625 0.2269716796875 0.9280078125 0.22511083984375 0.925525390625 0.2253173828125 0.9222158203125 0.22800537109375 0.920974609375 0.23027978515625 0.9222158203125 0.232140625 0.9246982421875 0.23110693359375 0.9271806640625
0 0.26150048828125 0.974966796875 0.2583994140625 0.97806982421875 0.25343701171875 0.97765625 0.25054248046875 0.97600146484375 0.249921875 0.972484375 0.25054248046875 0.970208984375 0.25405712890625 0.96958837890625 0.257572265625 0.97062255859375
0 0.29854345703125 0.98310986328125 0.293134765625 0.98200048828125 0.2910673828125 0.97848388671875 0.2910673828125 0.9741396484375 0.293341796875 0.97207080078125 0.29582275390625 0.9714501953125 0.299130859375 0.97331201171875 0.30078515625 0.97703564453125 0.30078515625 0.98096630859375
0 0.12828955078125 0.97594482421875 0.12731298828125 0.97972509765625 0.12421142578125 0.98096630859375 0.12048974609375 0.98179345703125 0.11842236328125 0.979931640625 0.11862890625 0.97682861328125 0.120283203125 0.972484375 0.1240048828125 0.97186376953125 0.12669287109375 0.97227783203125
0 0.3220859375 0.974580078125 0.32270166015625 0.979931640625 0.3208408203125 0.9840693359375 0.31732568359375 0.9838623046875 0.31670556640625 0.9815869140625 0.31753271484375 0.97827685546875 0.31897998046875 0.9764150390625
0 0.0642509765625 0.8849794921875 0.05949560546875 0.88580712890625 0.05349951171875 0.886220703125 0.051638671875 0.8827041015625 0.051638671875 0.87898046875 0.0539130859375 0.87608447265625 0.06032275390625 0.87608447265625 0.0628037109375 0.87732568359375 0.06528466796875 0.88042822265625
0 0.05595703125 0.88894140625 0.0524658203125 0.89180615234375 0.0479169921875 0.89077197265625 0.04440185546875 0.88891015625 0.0435751953125 0.88580712890625 0.0462626953125 0.88208349609375 0.049984375 0.88187646484375 0.05329296875 0.88415185546875
0 0.24826806640625 0.98965478515625 0.24351220703125 0.99048193359375 0.2387568359375 0.98924072265625 0.23689599609375 0.9865517578125 0.2379296875 0.98179345703125 0.24227197265625 0.9811728515625 0.2462001953125 0.9813798828125 0.2493017578125 0.9840693359375 0.249921875 0.9875859375
0 0.3367568359375 0.8476572265625 0.3326259765625 0.84877783203125 0.329111328125 0.84629541015625 0.32807763671875 0.8429853515625 0.3282841796875 0.8382275390625 0.3311787109375 0.8357451171875 0.33386669921875 0.8357451171875 0.3371748046875 0.8407099609375 0.3386220703125 0.84588134765625
0 0.01842626953125 0.79647900390625 0.0210380859375 0.7978701171875 0.0210380859375 0.80159375 0.02145166015625 0.8051103515625 0.018970703125 0.8077998046875 0.01628271484375 0.8075927734375 0.01338818359375 0.8055244140625 0.012767578125 0.80180078125 0.01380126953125 0.799111328125 0.01483544921875 0.7978701171875
0 0.1450078125 0.83878662109375 0.14385400390625 0.84193310546875 0.141166015625 0.84296728515625 0.138271484375 0.84193310546875 0.13785791015625 0.83924365234375 0.13971875 0.83800244140625 0.14281982421875 0.8373818359375
0 0.160361328125 0.80773828125 0.16039453125 0.81338525390625 0.15729345703125 0.81669482421875 0.1543984375 0.81566064453125 0.15047021484375 0.8123505859375 0.15026318359375 0.80842041015625 0.15274462890625 0.80469677734375 0.156052734375 0.80324853515625 0.158947265625 0.80448974609375
0 0.2672900390625 0.87647998046875 0.2656357421875 0.8806171875 0.26232763671875 0.8816513671875 0.2583994140625 0.8806171875 0.2583994140625 0.87772119140625 0.26067333984375 0.87503173828125 0.26315478515625 0.87399755859375 0.2656357421875 0.87358349609375
0 0.30093212890625 0.7981845703125 0.3014052734375 0.8021962890625 0.29809716796875 0.80323046875 0.296236328125 0.8017822265625 0.2947890625 0.7995068359375 0.296236328125 0.79764501953125 0.29871728515625 0.7968173828125
0 0.3149208984375 0.78590185546875 0.31835986328125 0.78854296875 0.3179462890625 0.79309375 0.31608544921875 0.7972314453125 0.31360400390625 0.79785205078125 0.311330078125 0.79412841796875 0.31153662109375 0.7895771484375 0.3125703125 0.78668115234375
0 0.07711083984375 0.7818076171875 0.072521484375 0.78271435546875 0.0673525390625 0.78230029296875 0.0642509765625 0.77899072265625 0.065078125 0.77526708984375 0.06921337890625 0.774646484375 0.07396875 0.77506005859375 0.07727685546875 0.7779560546875
0 0.07165185546875 0.77157177734375 0.06673193359375 0.7731982421875 0.06177001953125 0.77112939453125 0.0599091796875 0.76988818359375 0.0584619140625 0.7659580078125 0.0599091796875 0.7634755859375 0.06487109375 0.76202734375 0.0681796875 0.7632685546875 0.07148779296875 0.76492333984375 0.0731416015625 0.76885400390625
0 0.03551123046875 0.7163095703125 0.03344384765625 0.720240234375 0.02972216796875 0.72106787109375 0.02620703125 0.71961962890625 0.0255869140625 0.7165166015625 0.02827490234375 0.7125859375 0.0313759765625 0.7117587890625 0.033650390625 0.7125859375
0 0.0917822265625 0.86915234375 0.0865810546875 0.87125341796875 0.0820322265625 0.87125341796875 0.0793447265625 0.868357421875 0.07893115234375 0.86525439453125 0.0807919921875 0.863185546875 0.08347998046875 0.86153076171875 0.08720166015625 0.8619443359375 0.09071630859375 0.8646337890625
0 0.0907587890625 0.85141064453125 0.0896826171875 0.85532470703125 0.0851337890625 0.85677294921875 0.081412109375 0.8569794921875 0.0791376953125 0.85553173828125 0.07810400390625 0.8524287109375 0.07996484375 0.84932568359375 0.08306640625 0.84767041015625 0.08575390625 0.8474638671875 0.08864892578125 0.84808447265625
0 0.24600048828125 0.82172705078125 0.24165185546875 0.82077783203125 0.23917041015625 0.81829541015625 0.2402041015625 0.81643359375 0.242685546875 0.81581298828125 0.24578662109375 0.81581298828125 0.24744091796875 0.81850244140625
0 0.219728515625 0.8224091796875 0.2164267578125 0.82636328125 0.21291162109375 0.82636328125 0.21084423828125 0.82574267578125 0.209810546875 0.82429443359375 0.21022412109375 0.82181201171875 0.21291162109375 0.82077783203125 0.21684033203125 0.82057080078125
0 0.2644248046875 0.8015966796875 0.26232763671875 0.8048310546875 0.25798583984375 0.806072265625 0.256125 0.80421044921875 0.25653857421875 0.800900390625 0.25901953125 0.798625 0.26232763671875 0.79903857421875
0 0.15191748046875 0.697052734375 0.1492294921875 0.7005693359375 0.14509423828125 0.69953515625 0.144267578125 0.69663916015625 0.14757568359375 0.69374267578125 0.1506767578125 0.69415673828125
0 0.10126123046875 0.70572314453125 0.09733251953125 0.7048955078125 0.0956787109375 0.70282666015625 0.096298828125 0.69827587890625 0.1002275390625 0.69620703125 0.102294921875 0.6978623046875 0.10332861328125 0.70055126953125
0 0.1614287109375 0.740890625 0.16018798828125 0.7456484375 0.1568798828125 0.74523486328125 0.1539853515625 0.74254541015625 0.1537783203125 0.74027001953125 0.15584619140625 0.738408203125 0.15853369140625 0.738201171875
0 0.19448046875 0.69480419921875 0.1926494140625 0.69972412109375 0.1883076171875 0.70075830078125 0.1866533203125 0.69972412109375 0.1872734375 0.69703466796875 0.18768701171875 0.6953798828125 0.1897548828125 0.693724609375
0 0.13511328125 0.7180048828125 0.13537646484375 0.7222724609375 0.1343427734375 0.72516845703125 0.1312412109375 0.7257890625 0.12938037109375 0.72434130859375 0.12938037109375 0.7220654296875 0.13103466796875 0.7197900390625
0 0.091099609375 0.64703759765625 0.08885546875 0.65214453125 0.0853408203125 0.6531787109375 0.08244580078125 0.65173046875 0.0820322265625 0.64883447265625 0.084513671875 0.6457314453125 0.08761474609375 0.6455244140625
0 0.07004052734375 0.6430419921875 0.0687998046875 0.646765625 0.0659052734375 0.64883447265625 0.0628037109375 0.649455078125 0.06011572265625 0.64862744140625 0.060736328125 0.6457314453125 0.0628037109375 0.64242138671875 0.0656982421875 0.64138720703125 0.06755908203125 0.64118017578125
0 0.27568408203125 0.6729677734375 0.27349267578125 0.67901904296875 0.26832373046875 0.68150146484375 0.263361328125 0.67901904296875 0.26150048828125 0.675501953125 0.26150048828125 0.670951171875 0.26666943359375 0.66929638671875 0.2716318359375 0.67012353515625
0 0.2583994140625 0.67343359375 0.25591796875 0.67115771484375 0.256125 0.6672275390625 0.257365234375 0.665779296875 0.26067333984375 0.66515869140625 0.26377490234375 0.66681396484375 0.26439501953125 0.66867578125 0.2625341796875 0.6719853515625
0 0.35483984375 0.7176640625 0.3568173828125 0.7216337890625 0.3551630859375 0.72721923828125 0.35144140625 0.72701220703125 0.34792626953125 0.72473681640625 0.3462724609375 0.7214267578125 0.347099609375 0.7187373046875 0.34958056640625 0.71335888671875 0.3522685546875 0.71563427734375
0 0.3224267578125 0.74257080078125 0.32270166015625 0.7458369140625 0.3208408203125 0.7485263671875 0.31732568359375 0.7487333984375 0.31525830078125 0.7458369140625 0.31587841796875 0.74252734375 0.3177392578125 0.7414931640625
0 0.24578662109375 0.73797607421875 0.23979052734375 0.7375625 0.23627587890625 0.73445947265625 0.23544873046875 0.73177001953125 0.23689599609375 0.72928759765625 0.2402041015625 0.7286669921875 0.24351220703125 0.730322265625 0.24578662109375 0.73218408203125 0.2464072265625 0.7340458984375
0 0.2576005859375 0.73642919921875 0.251369140625 0.739837890625 0.2476474609375 0.739837890625 0.24702734375 0.73797607421875 0.24909521484375 0.73445947265625 0.251576171875 0.732390625 0.25405712890625 0.7328046875
0 0.16138525390625 0.5982470703125 0.158947265625 0.60347607421875 0.15481201171875 0.605337890625 0.1523310546875 0.6038896484375 0.15274462890625 0.600166015625 0.1537783203125 0.59768359375 0.15584619140625 0.59602880859375 0.1583271484375 0.595408203125
0 0.2006220703125 0.615306640625 0.2000927734375 0.62230078125 0.1986455078125 0.627265625 0.19451025390625 0.63057568359375 0.19140869140625 0.629541015625 0.18913427734375 0.62664501953125 0.1912021484375 0.619818359375 0.1934765625 0.61671533203125 0.1961640625 0.614853515625
0 0.20676318359375 0.6368017578125 0.20340087890625 0.64029833984375 0.1986455078125 0.639884765625 0.19678466796875 0.63760888671875 0.1969912109375 0.63512646484375 0.19967919921875 0.63223046875 0.20216015625 0.63140283203125 0.20505517578125 0.63305810546875
0 0.0638046875 0.65966162109375 0.05949560546875 0.6605712890625 0.05639404296875 0.6578818359375 0.0568076171875 0.65395166015625 0.05866845703125 0.6518828125 0.06177001953125 0.65146923828125 0.06404443359375 0.65250341796875 0.0659052734375 0.656640625
0 0.0262734375 0.61394189453125 0.024759765625 0.6183701171875 0.02207177734375 0.6187841796875 0.02041796875 0.615060546875 0.02145166015625 0.61195751953125 0.024759765625 0.6111298828125
0 0.0863232421875 0.6357783203125 0.08182568359375 0.634505859375 0.0793447265625 0.63223046875 0.07893115234375 0.62809326171875 0.081619140625 0.6262314453125 0.0853408203125 0.62685205078125 0.08761474609375 0.62767919921875 0.08885546875 0.6307822265625 0.08844189453125 0.63409228515625
0 0.2159755859375 0.49691357421875 0.2164267578125 0.50207421875 0.2149794921875 0.50890087890625 0.2089833984375 0.5132451171875 0.20422802734375 0.51283154296875 0.20195361328125 0.5086943359375 0.2029873046875 0.50062646484375 0.20650244140625 0.497109375 0.20939697265625 0.494833984375 0.21373876953125 0.49421337890625
0 0.105189453125 0.4975234375 0.10084765625 0.50041943359375 0.09733251953125 0.4987646484375 0.096505859375 0.4960751953125 0.0987802734375 0.4937998046875 0.1016748046875 0.49297216796875 0.1037421875 0.49442041015625
0 0.04094482421875 0.56924609375 0.0373720703125 0.57075439453125 0.033857421875 0.5703408203125 0.0330302734375 0.56723779296875 0.03509765625 0.56578955078125 0.03819921875 0.5651689453125 0.04088720703125 0.566203125
0 0.23542333984375 0.6105302734375 0.230693359375 0.61109375 0.22862548828125 0.60902490234375 0.22800537109375 0.6071630859375 0.22965966796875 0.6046806640625 0.23255419921875 0.6044736328125 0.2352421875 0.6073701171875
0 0.36507568359375 0.5170439453125 0.3626064453125 0.5229677734375 0.3582646484375 0.5279326171875 0.355783203125 0.52648486328125 0.35474951171875 0.52255419921875 0.3566103515625 0.5184169921875 0.3580576171875 0.51634814453125 0.3597119140625 0.51489990234375 0.3628134765625 0.514693359375
0 0.36575830078125 0.504419921875 0.3632265625 0.5086943359375 0.35847119140625 0.50931494140625 0.35557666015625 0.50641845703125 0.3543359375 0.5033154296875 0.35619677734375 0.49917822265625 0.358884765625 0.49897119140625 0.36157275390625 0.50021240234375 0.36508740234375 0.5010400390625
0 0.27568408203125 0.593470703125 0.27866162109375 0.59619921875 0.2790751953125 0.60095703125 0.27556005859375 0.603439453125 0.27349267578125 0.6019912109375 0.27287255859375 0.598267578125
0 0.3193564453125 0.58596435546875 0.3193935546875 0.590181640625 0.3162919921875 0.5918369140625 0.31360400390625 0.5916298828125 0.3125703125 0.58956103515625 0.31277734375 0.5866650390625 0.31463818359375 0.58480322265625 0.31691259765625 0.58459619140625
0 0.13101904296875 0.444029296875 0.12896728515625 0.44949365234375 0.1240048828125 0.45445849609375 0.120283203125 0.4515625 0.1194560546875 0.44556298828125 0.123384765625 0.44204638671875 0.12751953125 0.44101220703125
0 0.1883076171875 0.54672119140625 0.18996142578125 0.55003125 0.19016845703125 0.55499609375 0.1872734375 0.55789208984375 0.18437890625 0.55809912109375 0.1823115234375 0.55685791015625 0.182724609375 0.55168603515625 0.18417236328125 0.547341796875
0 0.20050634765625 0.52603466796875 0.1969912109375 0.5314130859375 0.19285595703125 0.53058544921875 0.19285595703125 0.52624169921875 0.1961640625 0.52355224609375 0.1986455078125 0.52334521484375
0 0.3241328125 0.4334521484375 0.32208154296875 0.43625390625 0.31753271484375 0.4352197265625 0.317119140625 0.4312890625 0.31897998046875 0.42942724609375 0.3214609375 0.4300478515625
0 0.2279169921875 0.4614296875 0.22965966796875 0.463767578125 0.2300732421875 0.4670771484375 0.2290390625 0.4699736328125 0.22573095703125 0.4722490234375 0.22304296875 0.46935302734375 0.22366357421875 0.46666357421875 0.22490380859375 0.463767578125
0 0.1196630859375 0.59409423828125 0.11449365234375 0.592232421875 0.114080078125 0.58954296875 0.11552783203125 0.587060546875 0.11842236328125 0.58664697265625 0.1209033203125 0.58871533203125
0 0.09587646484375 0.39523876953125 0.09154345703125 0.3942236328125 0.09009619140625 0.39132763671875 0.09092333984375 0.38863818359375 0.0948515625 0.38843115234375 0.097953125 0.3917412109375 0.09815966796875 0.39443017578125
0 0.3050263671875 0.4082041015625 0.30243896484375 0.4138759765625 0.2985107421875 0.41532421875 0.2954091796875 0.4163583984375 0.293341796875 0.41428955078125 0.293134765625 0.41077294921875 0.296236328125 0.407462890625 0.299337890625 0.40498046875
0 0.05866845703125 0.39730859375 0.05494677734375 0.39979052734375 0.05143212890625 0.4006181640625 0.04812353515625 0.40123876953125 0.047296875 0.39917041015625 0.049984375 0.3958603515625 0.0522587890625 0.39420556640625 0.0561875 0.3933779296875 0.0584619140625 0.39379150390625
0 0.09133642578125 0.3590380859375 0.0880283203125 0.36317529296875 0.08306640625 0.36296826171875 0.0791376953125 0.36152001953125 0.0776904296875 0.3586240234375 0.07872412109375 0.35469384765625 0.08244580078125 0.3540732421875 0.08761474609375 0.355107421875 0.090509765625 0.355314453125
0 0.1537783203125 0.44943896484375 0.146955078125 0.45088720703125 0.141166015625 0.44819775390625 0.1403388671875 0.44426708984375 0.14447412109375 0.44199169921875 0.14840234375 0.441578125 0.15274462890625 0.443853515625 0.1539853515625 0.44592236328125
0 0.10406494140625 0.4829248046875 0.1029150390625 0.4868818359375 0.09898681640625 0.488330078125 0.09588525390625 0.48874365234375 0.09443798828125 0.48667529296875 0.0954716796875 0.483365234375 0.09753955078125 0.4808828125 0.10126123046875 0.48150341796875
0 0.20949267578125 0.41605126953125 0.20567529296875 0.41797705078125 0.20216015625 0.41652880859375 0.2031943359375 0.41321875 0.2060888671875 0.41280517578125 0.20815625 0.4136328125
0 0.343921875 0.36930810546875 0.33944921875 0.37286181640625 0.33614111328125 0.37286181640625 0.33366015625 0.37037939453125 0.33469384765625 0.36748291015625 0.33841552734375 0.36541455078125 0.34234375 0.36562109375
0 0.14978466796875 0.36657861328125 0.14674853515625 0.36893115234375 0.14364697265625 0.3672763671875 0.14385400390625 0.36396630859375 0.14654150390625 0.36293212890625 0.14881591796875 0.363138671875
0 0.17962353515625 0.31845556640625 0.176728515625 0.32197216796875 0.17218017578125 0.32114453125 0.17114599609375 0.31824853515625 0.1730068359375 0.31576611328125 0.17569482421875 0.3149384765625 0.1783828125 0.31576611328125
0 0.18697412109375 0.33280078125 0.1835517578125 0.333556640625 0.180037109375 0.3325224609375 0.17858984375 0.32962646484375 0.1783828125 0.32693701171875 0.18045068359375 0.32590283203125 0.1837587890625 0.3275576171875 0.186033203125 0.32962646484375
0 0.2053984375 0.33826025390625 0.19905908203125 0.33665966796875 0.1957509765625 0.33293603515625 0.1961640625 0.3298330078125 0.1998857421875 0.3298330078125 0.2029873046875 0.33107421875 0.20526171875 0.333556640625 0.2060888671875 0.3352119140625
0 0.06175732421875 0.3256357421875 0.05949560546875 0.33190185546875 0.0561875 0.33314306640625 0.0539130859375 0.3323154296875 0.0539130859375 0.32941943359375 0.05598046875 0.32631640625 0.05866845703125 0.3252822265625
0 0.08926904296875 0.3161796875 0.09195703125 0.3174208984375 0.093404296875 0.3199033203125 0.0925771484375 0.32548876953125 0.08988916015625 0.328798828125 0.08637451171875 0.32838525390625 0.0853408203125 0.3252822265625 0.08472021484375 0.3227998046875 0.08616748046875 0.318869140625
0 0.21222265625 0.35293115234375 0.21022412109375 0.3558984375 0.206916015625 0.35672607421875 0.20484814453125 0.35569140625 0.20402099609375 0.353208984375 0.20526171875 0.35052001953125 0.20815625 0.3494853515625 0.2106376953125 0.35031298828125
0 0.04265087890625 0.2290791015625 0.0404736328125 0.2323623046875 0.03551123046875 0.23256884765625 0.03468408203125 0.23008642578125 0.03695849609375 0.22781103515625 0.039646484375 0.2269833984375 0.042748046875 0.22760400390625
0 0.13392919921875 0.32524560546875 0.13392919921875 0.3285556640625 0.1300009765625 0.33145166015625 0.12648583984375 0.33000341796875 0.12751953125 0.32648681640625 0.13041455078125 0.32545263671875
0 0.29035498046875 0.205537109375 0.2910673828125 0.2095703125 0.28775927734375 0.212259765625 0.28300390625 0.2110185546875 0.282796875 0.2083291015625 0.28465771484375 0.2058466796875 0.2867255859375 0.20543310546875
0 0.33241943359375 0.20005419921875 0.3311787109375 0.20398486328125 0.32663037109375 0.2060537109375 0.3237353515625 0.2035712890625 0.32435595703125 0.2006748046875 0.32807763671875 0.19902001953125
0 0.2269716796875 0.27616357421875 0.2284189453125 0.2790595703125 0.22717822265625 0.28216259765625 0.2240771484375 0.28340380859375 0.221802734375 0.28216259765625 0.221595703125 0.2790595703125 0.2240771484375 0.2763701171875
0 0.37326416015625 0.19223046875 0.36901611328125 0.19732861328125 0.36384716796875 0.1969150390625 0.359091796875 0.1919501953125 0.36033203125 0.1871923828125 0.3642607421875 0.18326171875 0.36963623046875 0.18408935546875 0.3729443359375 0.18636474609375
0 0.2620361328125 0.2219140625 0.263361328125 0.225462890625 0.26294775390625 0.2314619140625 0.26067333984375 0.23601318359375 0.257365234375 0.2364267578125 0.2550908203125 0.23332373046875 0.25571142578125 0.2289794921875 0.25798583984375 0.225048828125 0.26170751953125 0.2217392578125
0 0.26480859375 0.13525 0.26439501953125 0.1391806640625 0.26067333984375 0.1416630859375 0.25653857421875 0.13980126953125 0.256125 0.1369052734375 0.25777880859375 0.132767578125 0.26150048828125 0.13235400390625 0.26315478515625 0.132767578125
0 0.30741455078125 0.1454873046875 0.3028525390625 0.1443525390625 0.300578125 0.14124951171875 0.30099169921875 0.138146484375 0.3036796875 0.13752587890625 0.30698779296875 0.13959423828125 0.308021484375 0.14207666015625
0 0.16138525390625 0.2038310546875 0.1581201171875 0.2035166015625 0.1566728515625 0.1995859375 0.15770703125 0.19648291015625 0.15956787109375 0.19503515625 0.16246240234375 0.194828125 0.1641162109375 0.1962763671875 0.1643232421875 0.20020654296875
0 0.22825830078125 0.1983720703125 0.2290390625 0.202068359375 0.22717822265625 0.20558544921875 0.224490234375 0.20620556640625 0.22325 0.20455078125 0.22283642578125 0.202068359375 0.224490234375 0.19896533203125
0 0.23542333984375 0.2113369140625 0.233587890625 0.21448046875 0.23027978515625 0.21448046875 0.227591796875 0.21241162109375 0.22717822265625 0.20972265625 0.2298662109375 0.2082744140625 0.2329677734375 0.20889501953125
0 0.09671240234375 0.0371767578125 0.10064111328125 0.03779736328125 0.1014677734375 0.041107421875 0.1002275390625 0.04379638671875 0.0971259765625 0.0448310546875 0.09526513671875 0.04255517578125 0.09464501953125 0.04007275390625
0 0.228599609375 0.06564892578125 0.22428369140625 0.06241455078125 0.22366357421875 0.05827734375 0.22635107421875 0.05393310546875 0.22965966796875 0.0533125 0.23234716796875 0.05517431640625 0.23317431640625 0.05910498046875 0.232140625 0.06303515625
0 0.07165185546875 0.12774560546875 0.0702470703125 0.1333701171875 0.066525390625 0.13523193359375 0.06321728515625 0.134611328125 0.06239013671875 0.1308876953125 0.06383740234375 0.1284052734375 0.066525390625 0.1263369140625 0.0687998046875 0.1263369140625
0 0.05732177734375 0.14309912109375 0.05639404296875 0.14785107421875 0.05267236328125 0.149298828125 0.05039794921875 0.14723046875 0.05039794921875 0.144748046875 0.05287939453125 0.14247216796875
0 0.0242265625 0.049271484375 0.0226923828125 0.0520712890625 0.01835009765625 0.0520712890625 0.01607568359375 0.04896826171875 0.0179365234375 0.04752001953125 0.02083154296875 0.0471064453125
0 0.3947109375 0.068701171875 0.396365234375 0.07325244140625 0.39367724609375 0.07925146484375 0.38871533203125 0.0796650390625 0.38602734375 0.0761484375 0.387267578125 0.0724248046875 0.38933544921875 0.0699423828125 0.39181640625 0.06787353515625
0 0.64109912109375 0.19325390625 0.63848193359375 0.20006201171875 0.63186572265625 0.19882080078125 0.6300048828125 0.19468359375 0.630625 0.19013232421875 0.6326923828125 0.18764990234375 0.63765478515625 0.1882705078125
0 0.62335693359375 0.12433349609375 0.62276806640625 0.1293134765625 0.620080078125 0.1305546875 0.61677197265625 0.13076123046875 0.6149111328125 0.12745166015625 0.61511767578125 0.1241416015625 0.61759912109375 0.12145263671875 0.62111376953125 0.1220732421875
0 0.61005078125 0.1427578125 0.606640625 0.14338037109375 0.6000244140625 0.14069091796875 0.59816357421875 0.13696728515625 0.6008515625 0.133037109375 0.60560693359375 0.1338642578125 0.60850146484375 0.13696728515625 0.60994873046875 0.1390361328125 0.61098291015625 0.1415185546875
0 0.59094384765625 0.147193359375 0.5865849609375 0.1437939453125 0.58637841796875 0.1390361328125 0.58989306640625 0.137587890625 0.593201171875 0.13965673828125 0.5946484375 0.14213916015625 0.59423486328125 0.14586279296875
0 0.5875322265625 0.09737939453125 0.59051318359375 0.09993798828125 0.59134033203125 0.1022138671875 0.59010009765625 0.10655810546875 0.58617138671875 0.11110888671875 0.58265673828125 0.11090234375 0.5820361328125 0.1094541015625 0.5822431640625 0.1046962890625 0.584517578125 0.10097265625
0 0.59435595703125 0.01344677734375 0.58989306640625 0.01739794921875 0.58534423828125 0.0178115234375 0.58389697265625 0.01512255859375 0.58472412109375 0.0118125 0.58844580078125 0.009123046875 0.5919609375 0.0107783203125
0 0.628474609375 0.0438125 0.623181640625 0.04180859375 0.62214794921875 0.038912109375 0.62276806640625 0.03580908203125 0.6269033203125 0.03498193359375 0.6300048828125 0.0364296875 0.63041796875 0.03953271484375 0.6297978515625 0.04325634765625
0 0.6356396484375 0.04415380859375 0.63165869140625 0.04180859375 0.630625 0.03994677734375 0.63083154296875 0.03622314453125 0.63351953125 0.0353955078125 0.63620751953125 0.03622314453125 0.638068359375 0.03829150390625 0.6388955078125 0.04098095703125 0.63786181640625 0.04325634765625
0 0.6759052734375 0.0380849609375 0.67114990234375 0.03705029296875 0.6684619140625 0.034361328125 0.67052978515625 0.03208544921875 0.67425146484375 0.0327060546875 0.67652587890625 0.03477490234375
0 0.6741943359375 0.1543583984375 0.6732177734375 0.15062060546875 0.67259716796875 0.147517578125 0.67425146484375 0.1437939453125 0.67797314453125 0.1442080078125 0.679833984375 0.14586279296875 0.68004052734375 0.14958642578125 0.6790068359375 0.15227587890625
0 0.5351015625 0.0252587890625 0.53489501953125 0.0281552734375 0.53241357421875 0.031671875 0.5282783203125 0.03084423828125 0.52724462890625 0.0281552734375 0.5284853515625 0.0252587890625 0.530759765625 0.02381103515625 0.53324072265625 0.0231904296875
0 0.49541064453125 0.1553818359375 0.49354248046875 0.1586884765625 0.488994140625 0.16199853515625 0.48568603515625 0.1613779296875 0.4850654296875 0.15786083984375 0.487546875 0.15434423828125 0.4912685546875 0.15331005859375 0.49312939453125 0.15331005859375
0 0.43544287109375 0.1437939453125 0.43192822265625 0.14958642578125 0.4275859375 0.15062060546875 0.42572509765625 0.14855224609375 0.42593212890625 0.1442080078125 0.429240234375 0.1413115234375 0.432134765625 0.14110498046875
0 0.4005595703125 0.256033203125 0.3969853515625 0.26360693359375 0.390576171875 0.26360693359375 0.3880947265625 0.26112451171875 0.38788818359375 0.25615966796875 0.3911962890625 0.25347021484375 0.39760595703125 0.253263671875 0.40029345703125 0.25533203125
0 0.417619140625 0.2608095703125 0.41538720703125 0.2662958984375 0.411458984375 0.267951171875 0.40711669921875 0.26712353515625 0.40628955078125 0.26464111328125 0.4077373046875 0.2617451171875 0.4106318359375 0.25988330078125 0.4135263671875 0.2588486328125 0.41683447265625 0.26050390625
0 0.475962890625 0.2652451171875 0.4745205078125 0.2716748046875 0.46976513671875 0.27332958984375 0.46604345703125 0.27188134765625 0.46542333984375 0.26981298828125 0.46645703125 0.26588232421875 0.46955859375 0.262986328125 0.472453125 0.26319287109375
0 0.64962841796875 0.3126708984375 0.64861328125 0.318669921875 0.643857421875 0.318876953125 0.6415830078125 0.31577392578125 0.64220361328125 0.31163671875 0.64571826171875 0.31080908203125
0 0.670943359375 0.3126708984375 0.6655673828125 0.3114296875 0.66287939453125 0.3074990234375 0.66308642578125 0.304189453125 0.66515380859375 0.3025341796875 0.6686689453125 0.30439599609375 0.67032275390625 0.3079130859375
0 0.5005283203125 0.2311259765625 0.500779296875 0.2371640625 0.497677734375 0.240060546875 0.4941630859375 0.23819873046875 0.49312939453125 0.234888671875 0.49436962890625 0.230130859375 0.4985048828125 0.22806201171875
0 0.7182080078125 0.2829873046875 0.7224267578125 0.28333203125 0.7253212890625 0.28022900390625 0.7236669921875 0.27650537109375 0.718705078125 0.27774658203125 0.71684423828125 0.27919482421875
0 0.64551171875 0.34208251953125 0.6448916015625 0.34559912109375 0.64137646484375 0.34952978515625 0.63703466796875 0.34952978515625 0.63538037109375 0.34787451171875 0.6360009765625 0.344978515625 0.6386884765625 0.34249609375 0.64137646484375 0.3412548828125
0 0.55474365234375 0.33215283203125 0.554330078125 0.335255859375 0.5508154296875 0.33711767578125 0.548541015625 0.33587646484375 0.54874755859375 0.33318701171875 0.55122900390625 0.33194580078125
0 0.47255078125 0.37442626953125 0.4687314453125 0.37704296875 0.46542333984375 0.37435400390625 0.46480322265625 0.37269873046875 0.46542333984375 0.369802734375 0.467904296875 0.36918212890625 0.47141943359375 0.37187158203125
0 0.45685595703125 0.367943359375 0.4515703125 0.36669970703125 0.450123046875 0.3621484375 0.45053662109375 0.35925244140625 0.45446484375 0.3588388671875 0.4569462890625 0.36235546875 0.4581865234375 0.3658720703125
0 0.47118603515625 0.3235888671875 0.4670771484375 0.32325732421875 0.465009765625 0.320361328125 0.465009765625 0.31705126953125 0.46749072265625 0.315396484375 0.470798828125 0.3168447265625 0.47265966796875 0.31849951171875 0.4732802734375 0.32098193359375
0 0.49370458984375 0.3324599609375 0.48920068359375 0.3315322265625 0.48568603515625 0.330498046875 0.48423828125 0.3290498046875 0.4836181640625 0.32739501953125 0.48465185546875 0.3242919921875 0.4881669921875 0.3242919921875 0.4925087890625 0.325533203125 0.49602392578125 0.32842919921875 0.49519677734375 0.330291015625
0 0.48381005859375 0.33177734375 0.48031005859375 0.33587646484375 0.477001953125 0.3362900390625 0.47576123046875 0.3338076171875 0.4776220703125 0.330291015625 0.4807236328125 0.32863623046875
0 0.4933359375 0.29139990234375 0.48982080078125 0.29346875 0.4852724609375 0.29326171875 0.4838251953125 0.290986328125 0.48403173828125 0.288296875 0.48692626953125 0.28643505859375 0.49064794921875 0.28622802734375 0.49312939453125 0.28850390625
0 0.38127197265625 0.32449853515625 0.38023779296875 0.3288427734375 0.37713671875 0.33070458984375 0.3732080078125 0.3292568359375 0.37279443359375 0.3267744140625 0.37527587890625 0.32367138671875 0.378376953125 0.32325732421875
0 0.37292333984375 0.31130615234375 0.36927978515625 0.3141552734375 0.3659716796875 0.31477587890625 0.3628701171875 0.31250048828125 0.363697265625 0.30877685546875 0.36679833984375 0.30712158203125 0.37093359375 0.3077421875
0 0.417619140625 0.306529296875 0.41704150390625 0.31208642578125 0.41311279296875 0.3143623046875 0.40856396484375 0.3141552734375 0.406703125 0.31270703125 0.40649658203125 0.310224609375 0.40939111328125 0.30732861328125 0.4118720703125 0.30588037109375 0.4149736328125 0.30484619140625
0 0.48995166015625 0.30414111328125 0.48713330078125 0.3069150390625 0.482791015625 0.30732861328125 0.48093017578125 0.30505322265625 0.4821708984375 0.29988134765625 0.4865126953125 0.29905419921875 0.49064794921875 0.300501953125
0 0.55682470703125 0.30141162109375 0.55557080078125 0.305466796875 0.55267626953125 0.3077421875 0.54957470703125 0.30712158203125 0.548541015625 0.30505322265625 0.54978173828125 0.30132958984375 0.55350341796875 0.30029541015625
0 0.60629736328125 0.365896484375 0.6097421875 0.3673203125 0.611189453125 0.370009765625 0.60932861328125 0.374767578125 0.60643408203125 0.37518115234375 0.60498681640625 0.37269873046875 0.60415966796875 0.36918212890625
0 0.6291572265625 0.39148583984375 0.6269033203125 0.3971455078125 0.623181640625 0.39838671875 0.61987353515625 0.3971455078125 0.61883935546875 0.39362890625 0.6209072265625 0.391353515625 0.6240087890625 0.38928466796875 0.62648974609375 0.38928466796875
0 0.65372314453125 0.41571044921875 0.65254150390625 0.42322900390625 0.64716552734375 0.4279873046875 0.64241015625 0.429021484375 0.64054931640625 0.42633203125 0.64199658203125 0.42178125 0.64530517578125 0.41702294921875 0.64964697265625 0.4153681640625
0 0.4428671875 0.36896728515625 0.4447470703125 0.37296044921875 0.4449541015625 0.3773046875 0.44371337890625 0.3806142578125 0.43978515625 0.38164892578125 0.438130859375 0.379373046875 0.43771728515625 0.37647705078125 0.4387509765625 0.37275341796875 0.4404052734375 0.37006396484375
0 0.3978125 0.4054384765625 0.393263671875 0.40626611328125 0.39078271484375 0.4054384765625 0.39016259765625 0.40212841796875 0.3926435546875 0.39881884765625 0.39657177734375 0.39840478515625 0.39988037109375 0.4002666015625 0.4000869140625 0.4027490234375
0 0.48108056640625 0.47030078125 0.4792763671875 0.47515283203125 0.47514111328125 0.47742822265625 0.47224658203125 0.4772216796875 0.4716259765625 0.4745322265625 0.4730732421875 0.47122216796875 0.4755546875 0.46915380859375 0.47865576171875 0.46894677734375
0 0.49541064453125 0.42594580078125 0.49002783203125 0.42488427734375 0.487546875 0.4226083984375 0.4867197265625 0.41971240234375 0.48940771484375 0.41702294921875 0.49292236328125 0.41702294921875 0.49602392578125 0.42095361328125
0 0.4851748046875 0.4191220703125 0.48237744140625 0.4228154296875 0.47741552734375 0.42447021484375 0.47431396484375 0.42240185546875 0.47286669921875 0.419091796875 0.4755546875 0.41495458984375 0.47865576171875 0.41350634765625 0.4819638671875 0.4130927734375 0.4850654296875 0.4153681640625
0 0.606638671875 0.553892578125 0.6103623046875 0.5560927734375 0.61160302734375 0.56126416015625 0.60994873046875 0.567263671875 0.60477978515625 0.5709873046875 0.60043798828125 0.57036669921875 0.59733642578125 0.5682978515625 0.59671630859375 0.5658154296875 0.59795654296875 0.5608505859375 0.5998173828125 0.55671337890625 0.602298828125 0.55464453125
0 0.50974072265625 0.484630859375 0.50698193359375 0.49030859375 0.50326025390625 0.492791015625 0.4987119140625 0.4942392578125 0.49519677734375 0.4942392578125 0.4925087890625 0.492998046875 0.49147509765625 0.48886083984375 0.49623046875 0.48493017578125 0.5013994140625 0.4841025390625 0.50574169921875 0.48389599609375
0 0.4193154296875 0.5716259765625 0.4186953125 0.5765908203125 0.41373291015625 0.57865966796875 0.41001123046875 0.57741845703125 0.4091845703125 0.5741083984375 0.4104248046875 0.57079833984375 0.4135263671875 0.568109375 0.41704150390625 0.5691435546875
0 0.47732763671875 0.57504638671875 0.47265966796875 0.5741083984375 0.47121240234375 0.5714189453125 0.4718330078125 0.56831591796875 0.47493408203125 0.56790234375 0.4776220703125 0.5693505859375 0.4782421875 0.57203955078125
0 0.61263671875 0.49425732421875 0.60767431640625 0.49363671875 0.60622705078125 0.49094775390625 0.60705419921875 0.48825830078125 0.61015576171875 0.4878447265625 0.6132568359375 0.49074072265625
0 0.65406396484375 0.52045556640625 0.6475791015625 0.52342578125 0.64344384765625 0.52177099609375 0.64282373046875 0.5174267578125 0.6446845703125 0.511220703125 0.64881982421875 0.51163427734375 0.65254150390625 0.51349609375 0.65419580078125 0.51639208984375
0 0.66941748046875 0.4917958984375 0.6655673828125 0.49301611328125 0.66163916015625 0.4926025390625 0.66143212890625 0.48949951171875 0.6641201171875 0.4876376953125 0.6672216796875 0.4874306640625
0 0.5960615234375 0.46927734375 0.5911337890625 0.4692265625 0.58782568359375 0.4677783203125 0.587205078125 0.46591650390625 0.58906591796875 0.46426171875 0.5919609375 0.46426171875 0.59506201171875 0.46612353515625
0 0.475962890625 0.54843359375 0.473900390625 0.55263037109375 0.46893798828125 0.552216796875 0.4666640625 0.54890673828125 0.468111328125 0.5445625 0.47224658203125 0.54394189453125 0.47431396484375 0.54539013671875
0 0.52952978515625 0.586646484375 0.52869189453125 0.59090087890625 0.52600390625 0.59255615234375 0.52331640625 0.59110791015625 0.5224892578125 0.58759130859375 0.52352294921875 0.58428125 0.5262109375 0.58366064453125 0.52745166015625 0.58448828125
0 0.55136572265625 0.5883525390625 0.5479208984375 0.59131494140625 0.5448193359375 0.591935546875 0.5431650390625 0.59007373046875 0.54502587890625 0.58717724609375 0.5477138671875 0.58593603515625 0.54957470703125 0.586556640625
0 0.52407080078125 0.643966796875 0.521662109375 0.6496513671875 0.51690673828125 0.65027197265625 0.51401220703125 0.64799658203125 0.5135986328125 0.6446865234375 0.51669970703125 0.640962890625 0.52042138671875 0.64075634765625
0 0.6489462890625 0.63646044921875 0.640962890625 0.640962890625 0.63393310546875 0.64282470703125 0.6314521484375 0.640962890625 0.630625 0.63682568359375 0.63248583984375 0.63186083984375 0.6364140625 0.62813720703125 0.6417900390625 0.6277236328125 0.6477861328125 0.62896484375 0.64964697265625 0.63165380859375 0.65026708984375 0.633515625
0 0.47835107421875 0.662732421875 0.47720849609375 0.667478515625 0.4730732421875 0.669546875 0.46976513671875 0.66830615234375 0.471005859375 0.66540966796875 0.47348681640625 0.662513671875 0.47596826171875 0.6614794921875
0 0.695689453125 0.68934521484375 0.69203271484375 0.69459619140625 0.68851806640625 0.6943896484375 0.68624365234375 0.69252783203125 0.685623046875 0.68839013671875 0.688724609375 0.68611474609375 0.691826171875 0.68632177734375
0 0.66259375 0.67399169921875 0.66163916015625 0.67990869140625 0.65936474609375 0.68735595703125 0.655849609375 0.690666015625 0.65171435546875 0.690251953125 0.650060546875 0.68818359375 0.64964697265625 0.68383935546875 0.6521279296875 0.67846044921875 0.65440234375 0.67515087890625 0.65750390625 0.67308203125 0.6603984375 0.672875
0 0.5158818359375 0.6917333984375 0.51711328125 0.6958740234375 0.51463232421875 0.69918359375 0.5119443359375 0.70001123046875 0.51029052734375 0.6983564453125 0.509876953125 0.69504638671875 0.51173779296875 0.69277099609375
0 0.615509765625 0.77054833984375 0.61594482421875 0.77510400390625 0.611189453125 0.7796552734375 0.6074677734375 0.77903466796875 0.60643408203125 0.77386279296875 0.60705419921875 0.7699326171875 0.60932861328125 0.76786376953125 0.61222314453125 0.768484375
0 0.64716552734375 0.76310595703125 0.64530517578125 0.76682958984375 0.64137646484375 0.76931201171875 0.63930908203125 0.76827734375 0.6401357421875 0.76434716796875 0.64282373046875 0.760830078125 0.64509814453125 0.760830078125
0 0.68988916015625 0.7753251953125 0.68831103515625 0.7794482421875 0.68396923828125 0.78006884765625 0.68148779296875 0.7784140625 0.6821083984375 0.776138671875 0.68458935546875 0.77386279296875 0.68686376953125 0.77386279296875
0 0.6103623046875 0.71904296875 0.608087890625 0.716767578125 0.60767431640625 0.71366455078125 0.61015576171875 0.711595703125 0.6132568359375 0.7128369140625 0.61387744140625 0.71718115234375
0 0.60643408203125 0.72235302734375 0.60188525390625 0.7229736328125 0.6000244140625 0.72111181640625 0.6008515625 0.7182158203125 0.60374609375 0.716767578125 0.606640625 0.71759521484375 0.60705419921875 0.71945703125
0 0.57251953125 0.76781884765625 0.56921728515625 0.77138037109375 0.56590869140625 0.77138037109375 0.56466845703125 0.76827734375 0.5657021484375 0.7647607421875 0.5688037109375 0.76393310546875 0.571078125 0.76517431640625
0 0.38384130859375 0.82616259765625 0.387267578125 0.8270458984375 0.38850830078125 0.828701171875 0.38768115234375 0.83139013671875 0.38540673828125 0.83387255859375 0.38251220703125 0.8344931640625 0.38044482421875 0.8309765625 0.3806513671875 0.828287109375
0 0.41476708984375 0.82187451171875 0.41083837890625 0.8222880859375 0.4075302734375 0.8198056640625 0.40711669921875 0.8162890625 0.41001123046875 0.813599609375 0.414146484375 0.81422021484375 0.41621435546875 0.81670263671875 0.41600732421875 0.81835791015625 0.41476708984375 0.82084033203125
0 0.54249462890625 0.90804833984375 0.5388232421875 0.9112958984375 0.5357216796875 0.9110888671875 0.5342744140625 0.90922705078125 0.53468798828125 0.9063310546875 0.53778955078125 0.90322802734375 0.54130419921875 0.9038486328125
0 0.56671923828125 0.82752734375 0.5688037109375 0.83082421875 0.56776953125 0.83516845703125 0.56446142578125 0.83558251953125 0.5628076171875 0.8324794921875 0.56198046875 0.82916943359375 0.563427734375 0.82668701171875
0 0.57490771484375 0.79306689453125 0.57666064453125 0.79627734375 0.57583349609375 0.80082861328125 0.57149169921875 0.80165625 0.5700439453125 0.79979443359375 0.57211181640625 0.7950361328125
0 0.636322265625 0.8367392578125 0.6326923828125 0.83268603515625 0.6328994140625 0.828755859375 0.63558740234375 0.82689404296875 0.6386884765625 0.8273076171875 0.64054931640625 0.83041064453125 0.6403427734375 0.8347548828125 0.6372412109375 0.8372373046875
0 0.639734375 0.86608154296875 0.6426171875 0.868267578125 0.64282373046875 0.87095654296875 0.640962890625 0.8740595703125 0.638068359375 0.87343896484375 0.63703466796875 0.86992236328125 0.6374482421875 0.8668193359375
0 0.516564453125 0.8752939453125 0.5162861328125 0.880265625 0.512564453125 0.8854375 0.51008349609375 0.8854375 0.50780908203125 0.88336865234375 0.50780908203125 0.87943798828125 0.51091064453125 0.877783203125 0.5135986328125 0.87612841796875 0.5162861328125 0.87571484375
0 0.48039794921875 0.864716796875 0.47803564453125 0.868060546875 0.4747275390625 0.86847412109375 0.4730732421875 0.86516455078125 0.4745205078125 0.8620615234375 0.47741552734375 0.86061328125
0 0.595720703125 0.81353857421875 0.593201171875 0.82192919921875 0.5882392578125 0.82813525390625 0.584310546875 0.82647998046875 0.5836904296875 0.81903271484375 0.58472412109375 0.813654296875 0.58782568359375 0.80951708984375 0.59175390625 0.80786181640625 0.59299462890625 0.8097236328125
0 0.51401220703125 0.854857421875 0.5084296875 0.8538232421875 0.50636181640625 0.8511337890625 0.50718896484375 0.84803076171875 0.51029052734375 0.84741015625 0.51318505859375 0.84927197265625 0.51421875 0.8513408203125
0 0.56467236328125 0.963662109375 0.55867236328125 0.96284228515625 0.555984375 0.96015283203125 0.5551572265625 0.9570498046875 0.55701806640625 0.95311962890625 0.56156689453125 0.95415380859375 0.56446142578125 0.958705078125 0.56611572265625 0.96160107421875
0 0.45071435546875 0.89132958984375 0.4521904296875 0.89519677734375 0.4509501953125 0.9003681640625 0.44681494140625 0.90181640625 0.44371337890625 0.90140234375 0.44371337890625 0.89892041015625 0.44433349609375 0.89519677734375 0.44598779296875 0.89374853515625
0 0.61346240234375 0.9025888671875 0.60932861328125 0.89995458984375 0.6091220703125 0.89705859375 0.611189453125 0.89354150390625 0.61511767578125 0.89498974609375 0.617185546875 0.8982998046875 0.61615185546875 0.90202294921875
0 0.62773046875 0.938638671875 0.6240087890625 0.93636328125 0.62276806640625 0.933673828125 0.62276806640625 0.93119140625 0.62566259765625 0.9303642578125 0.62876416015625 0.93222607421875 0.6297978515625 0.93450146484375
0 0.96011181640625 0.93977880859375 0.95962109375 0.9459140625 0.955279296875 0.9475693359375 0.95259130859375 0.94550048828125 0.95341845703125 0.94115625 0.95383203125 0.93929443359375 0.95714013671875 0.938466796875
0 0.98911328125 0.942849609375 0.99208251953125 0.9450869140625 0.99352978515625 0.94818994140625 0.99208251953125 0.95149951171875 0.98898095703125 0.95398193359375 0.98546630859375 0.9525341796875 0.98401904296875 0.94901708984375 0.984845703125 0.94550048828125 0.98836083984375 0.943845703125
0 0.759890625 0.96742822265625 0.75430810546875 0.96680810546875 0.7528603515625 0.9645322265625 0.75430810546875 0.96267041015625 0.7567890625 0.96184326171875 0.75947705078125 0.96184326171875 0.76092431640625 0.96515283203125
0 0.74755029296875 0.94933203125 0.74603759765625 0.9523271484375 0.74231591796875 0.953775390625 0.73983447265625 0.953568359375 0.73859423828125 0.95087890625 0.7410751953125 0.948603515625 0.7441767578125 0.94818994140625 0.7470712890625 0.948603515625
0 0.7219609375 0.9390966796875 0.71791796875 0.93929443359375 0.71626416015625 0.93660498046875 0.71750439453125 0.93205419921875 0.72122607421875 0.93102001953125 0.7247412109375 0.93143359375 0.72577490234375 0.93577783203125
0 0.82295361328125 0.8565283203125 0.82543359375 0.859443359375 0.8246064453125 0.86378759765625 0.8217119140625 0.86502880859375 0.817990234375 0.86378759765625 0.817783203125 0.8608916015625 0.81964404296875 0.85778857421875
0 0.86014306640625 0.8169501953125 0.86078955078125 0.82055224609375 0.85934228515625 0.82448291015625 0.85541357421875 0.82593115234375 0.8529326171875 0.82344873046875 0.853552734375 0.82055224609375 0.85500048828125 0.81786328125 0.8572744140625 0.8166220703125
0 0.9665947265625 0.90293017578125 0.9676845703125 0.90702294921875 0.96685791015625 0.9101259765625 0.9633427734375 0.91240185546875 0.961275390625 0.91178125 0.96086181640625 0.90743701171875 0.962515625 0.90350634765625 0.963962890625 0.90247216796875
0 0.875837890625 0.933978515625 0.87422900390625 0.9374326171875 0.8709208984375 0.93826025390625 0.8692666015625 0.93701904296875 0.86906005859375 0.9351572265625 0.87112744140625 0.9326748046875 0.87340185546875 0.93184716796875
0 0.86740576171875 0.9252275390625 0.8669921875 0.928744140625 0.8634775390625 0.93102001953125 0.86099609375 0.9299853515625 0.8605830078125 0.92667578125 0.8618232421875 0.924193359375 0.8649248046875 0.923779296875
0 0.75403271484375 0.93875537109375 0.75079296875 0.94093115234375 0.74810498046875 0.93968994140625 0.74748486328125 0.9367939453125 0.7487255859375 0.9343115234375 0.7514130859375 0.93389794921875
0 0.82329443359375 0.8094443359375 0.81923095703125 0.8108115234375 0.815095703125 0.80998388671875 0.81302783203125 0.807294921875 0.81364794921875 0.80460546875 0.81695654296875 0.8035712890625 0.82233203125 0.80419189453125 0.823986328125 0.807087890625
0 0.88436767578125 0.81387939453125 0.87877783203125 0.81412158203125 0.87629638671875 0.811845703125 0.87650341796875 0.8081220703125 0.878984375 0.80646728515625 0.8829130859375 0.80750146484375 0.8851875 0.81039794921875
0 0.89869775390625 0.85959912109375 0.89821337890625 0.86563134765625 0.8946982421875 0.8701826171875 0.89118359375 0.86852734375 0.88994287109375 0.8648037109375 0.89221728515625 0.86087353515625 0.895318359375 0.85921875
0 0.9038154296875 0.8456103515625 0.904416015625 0.8505302734375 0.90090087890625 0.85321923828125 0.89655908203125 0.85197802734375 0.89573193359375 0.84908203125 0.8977998046875 0.846599609375 0.90048779296875 0.8455654296875
0 0.8731083984375 0.84526904296875 0.871541015625 0.8503232421875 0.86761279296875 0.8528056640625 0.86451123046875 0.85115087890625 0.86389111328125 0.8476337890625 0.86595849609375 0.8441171875 0.86906005859375 0.84328955078125
0 0.9215576171875 0.88552978515625 0.91744189453125 0.88673193359375 0.9141337890625 0.885904296875 0.91310009765625 0.88280126953125 0.91599462890625 0.88052587890625 0.9199228515625 0.881353515625 0.92178369140625 0.8846630859375
0 0.9499033203125 0.807671875 0.94432080078125 0.80705126953125 0.9408056640625 0.80518994140625 0.940185546875 0.8020869140625 0.94287353515625 0.79877685546875 0.94742236328125 0.7996044921875 0.95114404296875 0.8020869140625 0.9515576171875 0.805396484375
0 0.9468056640625 0.92169580078125 0.94432080078125 0.9260185546875 0.93997900390625 0.9282939453125 0.93605029296875 0.927466796875 0.93398291015625 0.92477734375 0.93563671875 0.92001953125 0.93894482421875 0.91898486328125 0.9424599609375 0.9185712890625 0.94514794921875 0.91960546875
0 0.72059619140625 0.772595703125 0.72143310546875 0.776021484375 0.718125 0.77995166015625 0.7144033203125 0.778296875 0.71460986328125 0.7745732421875 0.71667724609375 0.77167724609375
0 0.904416015625 0.76278173828125 0.9035888671875 0.76878076171875 0.89945361328125 0.7718837890625 0.89428466796875 0.7722978515625 0.89366455078125 0.76857421875 0.895525390625 0.7646435546875 0.898419921875 0.76174755859375 0.901314453125 0.76174755859375
0 0.8665791015625 0.79629443359375 0.86761279296875 0.7991904296875 0.86616552734375 0.8029140625 0.8643046875 0.805396484375 0.86099609375 0.8041552734375 0.86078955078125 0.80146630859375 0.86223681640625 0.79836328125 0.8643046875 0.79650146484375
0 0.865751953125 0.77850390625 0.85934228515625 0.780986328125 0.85500048828125 0.77995166015625 0.8560341796875 0.775814453125 0.85934228515625 0.77333203125 0.862650390625 0.773125 0.8647177734375 0.7747802734375
0 0.81612939453125 0.7521240234375 0.81323486328125 0.7592470703125 0.8082724609375 0.76048828125 0.80496435546875 0.7590400390625 0.80434375 0.75448876953125 0.805998046875 0.75014453125 0.8097197265625 0.74973095703125 0.8128212890625 0.7503515625
0 0.8741318359375 0.72892333984375 0.87009375 0.7342158203125 0.86595849609375 0.733181640625 0.86533837890625 0.7292509765625 0.86740576171875 0.72635498046875 0.8709208984375 0.72614794921875
0 0.89323876953125 0.75178271484375 0.8889091796875 0.75097216796875 0.886427734375 0.74828271484375 0.8872548828125 0.74580029296875 0.88849560546875 0.7443525390625 0.89201025390625 0.7443525390625 0.894078125 0.74621435546875 0.8946982421875 0.74973095703125
0 0.8424013671875 0.6555673828125 0.83907958984375 0.65993212890625 0.82853515625 0.660966796875 0.82212548828125 0.65744970703125 0.82233203125 0.65414013671875 0.82543359375 0.65000244140625 0.83329052734375 0.64876123046875 0.83825244140625 0.6495888671875 0.84197412109375 0.65165771484375
0 0.83284814453125 0.7511005859375 0.82812158203125 0.75033349609375 0.82667431640625 0.74743701171875 0.82729443359375 0.74536865234375 0.82936181640625 0.74412744140625 0.83246337890625 0.74433447265625 0.83432421875 0.74619580078125
0 0.7219609375 0.6565908203125 0.722259765625 0.6597255859375 0.719365234375 0.66117333984375 0.71688427734375 0.66013916015625 0.71667724609375 0.65786376953125 0.71895166015625 0.65662255859375
0 0.9334990234375 0.75451220703125 0.93170849609375 0.75860791015625 0.92715966796875 0.75881494140625 0.92488525390625 0.75612548828125 0.92509228515625 0.7534365234375 0.92715966796875 0.7505400390625 0.93005419921875 0.7505400390625 0.9327421875 0.7521953125
0 0.856654296875 0.7225947265625 0.853552734375 0.72859423828125 0.84962451171875 0.72880078125 0.84817724609375 0.726732421875 0.84962451171875 0.72425 0.850865234375 0.7225947265625 0.85334619140625 0.72197412109375
0 0.9781953125 0.754853515625 0.9753349609375 0.76148583984375 0.969958984375 0.76417529296875 0.9647900390625 0.76314111328125 0.96292919921875 0.76024462890625 0.96375634765625 0.7571416015625 0.967271484375 0.75403857421875 0.9707861328125 0.751142578125 0.9745078125 0.75072900390625 0.97719580078125 0.75197021484375
0 0.79804638671875 0.5972236328125 0.8008291015625 0.59988623046875 0.80165625 0.60485107421875 0.79896826171875 0.60836767578125 0.79524658203125 0.60898828125 0.79152490234375 0.6079541015625 0.79007763671875 0.6040234375 0.791111328125 0.601333984375 0.7931787109375 0.59947216796875 0.79731396484375 0.596783203125
0 0.7103603515625 0.642943359375 0.71233544921875 0.6449833984375 0.711921875 0.65036181640625 0.70799365234375 0.653671875 0.70489208984375 0.6524306640625 0.7038583984375 0.6485 0.70551220703125 0.64415576171875
0 0.94271142578125 0.67603857421875 0.94142626953125 0.6815986328125 0.937083984375 0.68283984375 0.9350166015625 0.6818056640625 0.93605029296875 0.6770478515625 0.93894482421875 0.67477197265625
0 0.818859375 0.70674560546875 0.8215048828125 0.7089052734375 0.8217119140625 0.71221533203125 0.81757666015625 0.71738671875 0.814888671875 0.71573193359375 0.8140615234375 0.71262890625 0.8155087890625 0.7086982421875
0 0.7559619140625 0.7575556640625 0.75182666015625 0.75817626953125 0.746244140625 0.75424560546875 0.74727783203125 0.7499013671875 0.7514130859375 0.74969482421875 0.75492822265625 0.75155615234375 0.75575537109375 0.75424560546875
0 0.88163818359375 0.6412373046875 0.88187939453125 0.647447265625 0.87629638671875 0.6536533203125 0.87009375 0.6538603515625 0.86761279296875 0.65179150390625 0.868646484375 0.64848193359375 0.87133447265625 0.64496484375 0.87484912109375 0.6416552734375 0.87795068359375 0.64020703125
0 0.86526123046875 0.6576142578125 0.85830859375 0.657791015625 0.85417333984375 0.65592919921875 0.85396630859375 0.652412109375 0.8572744140625 0.6511708984375 0.86616552734375 0.652412109375 0.86843994140625 0.65468798828125
0 0.86969677734375 0.55525732421875 0.86823291015625 0.560130859375 0.86451123046875 0.5615791015625 0.859548828125 0.5613720703125 0.859755859375 0.55785546875 0.86223681640625 0.5543388671875 0.865544921875 0.55351123046875
0 0.9314521484375 0.51329052734375 0.92674609375 0.511103515625 0.92633251953125 0.5075869140625 0.9273662109375 0.5046904296875 0.9304677734375 0.5024150390625 0.93460302734375 0.50365625 0.9364638671875 0.50696630859375 0.93605029296875 0.51048291015625
0 0.73151416015625 0.506466796875 0.72887646484375 0.50862109375 0.72494775390625 0.5075869140625 0.72577490234375 0.5046904296875 0.7276357421875 0.50324267578125 0.73011669921875 0.50324267578125
0 0.70899560546875 0.51602001953125 0.7036513671875 0.51999853515625 0.7007568359375 0.51896435546875 0.7007568359375 0.515861328125 0.70344482421875 0.5146201171875 0.7061328125 0.51337890625
0 0.82227099609375 0.625201171875 0.81654296875 0.624466796875 0.815095703125 0.621984375 0.81612939453125 0.619708984375 0.81923095703125 0.61888134765625 0.82274560546875 0.61908837890625 0.823779296875 0.62157080078125 0.82336572265625 0.62550146484375
0 0.74209130859375 0.46006494140625 0.7410751953125 0.4643330078125 0.73714697265625 0.4672294921875 0.731357421875 0.46619482421875 0.7292900390625 0.4647470703125 0.7305302734375 0.46143701171875 0.73342529296875 0.45792041015625 0.73590625 0.45564453125 0.73921435546875 0.4568857421875
0 0.68272412109375 0.4631357421875 0.677806640625 0.4622646484375 0.67822021484375 0.458541015625 0.6821484375 0.45564453125 0.6860771484375 0.45771337890625 0.6858701171875 0.46164404296875 0.68318212890625 0.46288525390625
0 0.99951171875 0.4883837890625 0.99497705078125 0.4868818359375 0.99249609375 0.483158203125 0.99290966796875 0.4796416015625 0.99518408203125 0.4746767578125 0.99828515625 0.473228515625 0.99951171875 0.47509033203125
0 0.87993212890625 0.5808466796875 0.87567626953125 0.58638525390625 0.8709208984375 0.587005859375 0.865544921875 0.5857646484375 0.86409765625 0.582041015625 0.86616552734375 0.57893798828125 0.87030078125 0.5758349609375 0.8754697265625 0.57521435546875 0.87919140625 0.57624853515625 0.88105224609375 0.5781103515625
0 0.71138427734375 0.54536279296875 0.7098544921875 0.54869873046875 0.70571923828125 0.54869873046875 0.7036513671875 0.54621630859375 0.70406494140625 0.5441474609375 0.70551220703125 0.54125146484375 0.7084072265625 0.54104443359375 0.71088818359375 0.54352685546875
0 0.8113740234375 0.51270361328125 0.8066181640625 0.51373828125 0.8037236328125 0.511255859375 0.80434375 0.5087734375 0.80641162109375 0.50649755859375 0.80847900390625 0.505876953125 0.8111669921875 0.5073251953125 0.811994140625 0.51063525390625
0 0.84581298828125 0.54468017578125 0.84197412109375 0.54476806640625 0.83845947265625 0.54352685546875 0.83783935546875 0.53918310546875 0.841767578125 0.53670068359375 0.846109375 0.5381484375 0.84817724609375 0.54145849609375 0.84569580078125 0.5441474609375
0 0.86389111328125 0.50318798828125 0.86306396484375 0.508359375 0.85789501953125 0.510841796875 0.8560341796875 0.50773876953125 0.8581015625 0.50380859375 0.861203125 0.50215380859375
0 0.87515576171875 0.4784892578125 0.8738154296875 0.4827080078125 0.8694736328125 0.4829150390625 0.86823291015625 0.4802255859375 0.86906005859375 0.4777431640625 0.871541015625 0.4752607421875 0.8740224609375 0.4752607421875
0 0.87993212890625 0.3774970703125 0.87712353515625 0.3757392578125 0.8769169921875 0.3730498046875 0.87815771484375 0.37118798828125 0.880638671875 0.37139501953125 0.88229248046875 0.37387744140625
0 0.86885302734375 0.42207763671875 0.86595849609375 0.42187060546875 0.86409765625 0.4202158203125 0.8649248046875 0.4175263671875 0.86740576171875 0.4164921875 0.87050732421875 0.41731982421875 0.87133447265625 0.41980224609375
0 0.946123046875 0.46518310546875 0.94266650390625 0.46593359375 0.93977197265625 0.46407177734375 0.93832470703125 0.4599345703125 0.940392578125 0.4574521484375 0.94349365234375 0.4574521484375 0.9453544921875 0.45910693359375 0.94638818359375 0.46179638671875
0 0.99593701171875 0.447099609375 0.993943359375 0.45083203125 0.9902216796875 0.4522802734375 0.98691357421875 0.4510390625 0.98608642578125 0.44938427734375 0.9873271484375 0.4450400390625 0.9902216796875 0.443591796875 0.9933232421875 0.443798828125 0.99497705078125 0.4446259765625
0 0.72161962890625 0.41059228515625 0.72370751953125 0.4146123046875 0.722466796875 0.4191630859375 0.71915869140625 0.4241279296875 0.7156435546875 0.42640380859375 0.71295556640625 0.4243349609375 0.71378271484375 0.41874951171875 0.71522998046875 0.4146123046875 0.71750439453125 0.41233642578125
0 0.6741943359375 0.415369140625 0.67201708984375 0.4193701171875 0.6695361328125 0.42019775390625 0.6680888671875 0.41730126953125 0.668916015625 0.41481884765625 0.67139697265625 0.41399169921875
0 0.9290634765625 0.4146865234375 0.92653955078125 0.41790380859375 0.92261083984375 0.41893798828125 0.91909619140625 0.4187314453125 0.91764892578125 0.417076171875 0.91826904296875 0.41418017578125 0.92116357421875 0.412525390625 0.925505859375 0.412525390625
0 0.71172509765625 0.38432080078125 0.7082001953125 0.38687353515625 0.70427197265625 0.38687353515625 0.7036513671875 0.3841845703125 0.7050986328125 0.382529296875 0.707373046875 0.3814951171875 0.71026806640625 0.3812880859375 0.71171533203125 0.3837705078125
0 0.77177490234375 0.3399658203125 0.77146923828125 0.3446728515625 0.767333984375 0.34570703125 0.764232421875 0.3442587890625 0.76381884765625 0.3421904296875 0.76547314453125 0.33991455078125 0.76878125 0.33784619140625
0 0.725568359375 0.33557080078125 0.7218466796875 0.33557080078125 0.719572265625 0.333708984375 0.72060595703125 0.33060595703125 0.72370751953125 0.32895068359375 0.7261884765625 0.33143310546875
0 0.95341845703125 0.4364853515625 0.94948974609375 0.4366923828125 0.94804248046875 0.435451171875 0.94948974609375 0.43317578125 0.95176416015625 0.43255517578125 0.95403857421875 0.43338232421875
0 0.96625341796875 0.35668408203125 0.9662373046875 0.3601513671875 0.964169921875 0.36304736328125 0.96230908203125 0.3628408203125 0.96148193359375 0.36097900390625 0.96148193359375 0.3591171875 0.9633427734375 0.35684130859375
0 0.84376611328125 0.262515625 0.84528271484375 0.26540625 0.8440419921875 0.27057763671875 0.8394931640625 0.27202587890625 0.83473779296875 0.2689228515625 0.8349443359375 0.26602685546875 0.8363916015625 0.26230322265625 0.83907958984375 0.26209619140625
0 0.815447265625 0.2454560546875 0.810546875 0.2448896484375 0.809099609375 0.2426142578125 0.810546875 0.2399248046875 0.81323486328125 0.23909765625 0.8163359375 0.2399248046875 0.81695654296875 0.2426142578125
0 0.756080078125 0.2785517578125 0.75575537109375 0.2823330078125 0.75348095703125 0.28543603515625 0.75037939453125 0.28750439453125 0.74831201171875 0.2868837890625 0.7478984375 0.28522900390625 0.74955224609375 0.28150537109375 0.75203369140625 0.27902294921875 0.7536875 0.2781953125
0 0.77643115234375 0.23330517578125 0.773330078125 0.236201171875 0.76919482421875 0.2374423828125 0.76588671875 0.23599462890625 0.76443896484375 0.23309814453125 0.764025390625 0.23082275390625 0.767126953125 0.2277197265625 0.77043505859375 0.22730615234375 0.7739501953125 0.22813330078125 0.776017578125 0.22978857421875
0 0.770228515625 0.29991650390625 0.76754052734375 0.3019853515625 0.76443896484375 0.30095068359375 0.764232421875 0.29722705078125 0.7648525390625 0.29495166015625 0.767333984375 0.295572265625 0.7694013671875 0.29743408203125
0 0.9358876953125 0.3300712890625 0.9366708984375 0.33342919921875 0.93543017578125 0.33818701171875 0.93294921875 0.33942822265625 0.93088134765625 0.33839404296875 0.9304677734375 0.3361181640625 0.93170849609375 0.33322216796875 0.93315576171875 0.3311533203125
0 0.94032275390625 0.31130615234375 0.9381181640625 0.31481103515625 0.93481005859375 0.31481103515625 0.93377587890625 0.31315625 0.93481005859375 0.31129443359375 0.937083984375 0.31005322265625 0.93832470703125 0.31005322265625
0 0.82943603515625 0.296634765625 0.8289482421875 0.2998984375 0.82543359375 0.30134619140625 0.82233203125 0.30051904296875 0.82067822265625 0.29907080078125 0.82129833984375 0.2963818359375 0.8248134765625 0.29576123046875
0 0.9611357421875 0.23214990234375 0.96003466796875 0.2357509765625 0.95693310546875 0.2361650390625 0.955072265625 0.23430322265625 0.95548583984375 0.23182080078125 0.95714013671875 0.230166015625 0.9587939453125 0.229958984375
0 0.72946728515625 0.159134765625 0.7261884765625 0.16231298828125 0.72122607421875 0.16272705078125 0.7201923828125 0.1592099609375 0.7208125 0.15507275390625 0.72350048828125 0.15279736328125 0.72660205078125 0.15383154296875 0.728462890625 0.155900390625
0 0.76816064453125 0.15403857421875 0.7636123046875 0.1548662109375 0.76237158203125 0.1523837890625 0.76319873046875 0.14928076171875 0.7662998046875 0.1470048828125 0.76816064453125 0.14824609375 0.7696083984375 0.15134912109375
0 0.9060703125 0.16868994140625 0.9052431640625 0.17365478515625 0.9006943359375 0.17675732421875 0.89697265625 0.17551611328125 0.89697265625 0.17179296875 0.8998671875 0.16993115234375 0.90317529296875 0.16848291015625
0 0.91537451171875 0.2022021484375 0.9141337890625 0.2048916015625 0.91020556640625 0.20571923828125 0.90855126953125 0.20323681640625 0.910412109375 0.20116796875 0.91310009765625 0.20075439453125
0 0.7416953125 0.116126953125 0.737353515625 0.11798876953125 0.734251953125 0.11571337890625 0.73383837890625 0.1138515625 0.73549267578125 0.111576171875 0.73880078125 0.11074853515625 0.74148876953125 0.11219677734375
0 0.73859423828125 0.03524169921875 0.73487255859375 0.0337939453125 0.73466552734375 0.0308974609375 0.7365263671875 0.02903564453125 0.7390078125 0.0286220703125 0.740455078125 0.03048388671875
0 0.734244140625 0.04040087890625 0.73032373046875 0.0395859375 0.72866943359375 0.03793115234375 0.72866943359375 0.0362763671875 0.73032373046875 0.03462109375 0.734458984375 0.03544873046875 0.73631982421875 0.0385517578125
0 0.88777978515625 0.09123828125 0.88622119140625 0.09585400390625 0.88167236328125 0.0981298828125 0.877744140625 0.09626806640625 0.87733056640625 0.0929580078125 0.87815771484375 0.0904755859375 0.880638671875 0.08944140625 0.883533203125 0.08944140625
0 0.89283740234375 0.07433984375 0.887875 0.072064453125 0.88766845703125 0.069375 0.88911572265625 0.06730615234375 0.89387109375 0.0681337890625 0.895318359375 0.0706162109375 0.895525390625 0.0730986328125
0 0.79804638671875 0.17448876953125 0.79896826171875 0.17796240234375 0.79814111328125 0.18292724609375 0.79524658203125 0.18396142578125 0.79297216796875 0.1808583984375 0.79297216796875 0.17692822265625 0.7948330078125 0.174859375
0 0.82056494140625 0.149240234375 0.817990234375 0.1514833984375 0.81323486328125 0.152517578125 0.810546875 0.1512763671875 0.81013330078125 0.1487939453125 0.81240771484375 0.14610498046875 0.81592236328125 0.14527734375 0.8188173828125 0.14589794921875
0 0.90040380859375 0.1239921875 0.898419921875 0.1291416015625 0.89304443359375 0.13203759765625 0.88849560546875 0.13079638671875 0.88808203125 0.12707275390625 0.89077001953125 0.12376318359375 0.89366455078125 0.12107373046875 0.898419921875 0.12066015625
0 0.64962841796875 0.162546875 0.6515478515625 0.16534326171875 0.65134130859375 0.1688603515625 0.64761962890625 0.1711357421875 0.6457587890625 0.16906689453125 0.64534521484375 0.1659638671875 0.6469990234375 0.16430908203125
0 0.93253564453125 0.0699775390625 0.926953125 0.0726669921875 0.92116357421875 0.073494140625 0.91744189453125 0.07142578125 0.9199228515625 0.06418505859375 0.92405810546875 0.06335791015625 0.92777978515625 0.063564453125 0.9319150390625 0.06563330078125
0 0.87174365234375 0.047224609375 0.86968017578125 0.0501181640625 0.86513134765625 0.0503251953125 0.8632705078125 0.048876953125 0.86306396484375 0.04680810546875 0.86533837890625 0.0449462890625 0.8678193359375 0.0449462890625
0 0.78917578125 0.0366474609375 0.78945703125 0.03956787109375 0.78697607421875 0.04163671875 0.7828408203125 0.04184326171875 0.78242724609375 0.03811962890625 0.78366796875 0.03584423828125 0.78614892578125 0.03501708984375
0 0.9532880859375 0.1192158203125 0.949283203125 0.11964404296875 0.94514794921875 0.1175751953125 0.94349365234375 0.11447216796875 0.9441142578125 0.111576171875 0.9455615234375 0.1103349609375 0.9501103515625 0.11054150390625 0.9530048828125 0.11302392578125 0.95403857421875 0.11592041015625
0 0.9181455078125 0.46279443359375 0.92075 0.46734521484375 0.919302734375 0.471896484375 0.91434033203125 0.4727236328125 0.91144580078125 0.4704482421875 0.911859375 0.46858642578125 0.913306640625 0.4652763671875 0.91537451171875 0.46403515625
0 0.76460986328125 0.3785205078125 0.76547314453125 0.38087451171875 0.7634052734375 0.38501171875 0.75844287109375 0.38521875 0.75720263671875 0.382736328125 0.75802978515625 0.3792197265625 0.761130859375 0.37818505859375
0 0.85024853515625 0.37886181640625 0.8471435546875 0.377978515625 0.84652294921875 0.3765302734375 0.84672998046875 0.37363427734375 0.84900439453125 0.37239306640625 0.85107177734375 0.373220703125 0.85189892578125 0.37487548828125 0.85210546875 0.37735791015625
0 0.0356630859375 0.847515625 0.03527734375 0.85458935546875 0.02847412109375 0.85659130859375 0.02287158203125 0.85539013671875 0.02087060546875 0.85098583984375 0.02287158203125 0.84618115234375 0.027673828125 0.84337841796875 0.031275390625 0.84417919921875
0 0.19348974609375 0.9439287109375 0.19014599609375 0.949880859375 0.1817421875 0.949880859375 0.1797412109375 0.9454765625 0.18214208984375 0.941072265625 0.18654443359375 0.93987109375 0.18974560546875 0.93987109375
0 0.07569482421875 0.943474609375 0.07489453125 0.9518828125 0.06689111328125 0.95588671875 0.0584873046875 0.954685546875 0.0548857421875 0.948279296875 0.0552861328125 0.943474609375 0.0624892578125 0.940271484375 0.06889208984375 0.939470703125
0 0.40612646484375 0.7874228515625 0.3994384765625 0.78652392578125 0.397837890625 0.77971728515625 0.4002392578125 0.77531298828125 0.40584130859375 0.77531298828125 0.409443359375 0.77731494140625 0.4110439453125 0.78131884765625
0 0.68545947265625 0.57280517578125 0.68156396484375 0.58742724609375 0.67396044921875 0.5930322265625 0.66675732421875 0.5914306640625 0.66315576171875 0.58662646484375 0.6635556640625 0.57941943359375 0.66875830078125 0.57221240234375 0.67396044921875 0.56900927734375 0.6787626953125 0.56740771484375 0.6819638671875 0.56780810546875
0 0.7376279296875 0.71478271484375 0.72718408203125 0.71595068359375 0.720380859375 0.70994482421875 0.7227822265625 0.70233740234375 0.727984375 0.69673193359375 0.7351875 0.69713232421875 0.73998974609375 0.70353857421875
0 0.3929189453125 0.74648046875 0.38823388671875 0.74991259765625 0.383431640625 0.7463095703125 0.38303125 0.7419052734375 0.3850322265625 0.7387021484375 0.39103515625 0.7411044921875 0.39383642578125 0.7443076171875
0 0.0884921875 0.48431689453125 0.08169775390625 0.48485791015625 0.07769580078125 0.4780517578125 0.08009716796875 0.4740478515625 0.0840986328125 0.4740478515625 0.08890087890625 0.4760498046875 0.0901015625 0.4784521484375
0 0.05151220703125 0.63289794921875 0.04888330078125 0.64060791015625 0.0436806640625 0.64421142578125 0.038078125 0.64260986328125 0.03887890625 0.63580322265625 0.04248046875 0.63099853515625 0.04968359375 0.62779541015625
0 0.0343427734375 0.21885107421875 0.02647314453125 0.22246533203125 0.0184697265625 0.22286572265625 0.01366748046875 0.21846142578125 0.012466796875 0.21365673828125 0.0148681640625 0.20885205078125 0.0216708984375 0.20524853515625 0.0296748046875 0.20644970703125 0.034876953125 0.21045361328125 0.03607763671875 0.21445751953125
0 0.01255078125 0.189134765625 0.01646875 0.1948388671875 0.01726904296875 0.20364697265625 0.009265625 0.20564892578125 0.00286279296875 0.20404736328125 0 0.1944384765625 0 0.1876318359375 0.00486376953125 0.1864306640625
0 0.53830029296875 0.33457275390625 0.530296875 0.3321708984375 0.52749560546875 0.3269658203125 0.53109716796875 0.3197587890625 0.5358994140625 0.3177568359375 0.54030126953125 0.3197587890625 0.54230224609375 0.3237626953125 0.54230224609375 0.3297685546875
0 0.61313330078125 0.40784326171875 0.60673046875 0.40544091796875 0.60432958984375 0.40103662109375 0.60673046875 0.3966328125 0.6127333984375 0.3966328125 0.61553466796875 0.397833984375 0.617935546875 0.39983544921875
0 0.7184775390625 0.49554296875 0.7119775390625 0.49272509765625 0.71037646484375 0.48591845703125 0.713578125 0.48311572265625 0.7191806640625 0.48391650390625 0.72358251953125 0.48711962890625 0.72398291015625 0.49152392578125 0.720380859375 0.49432666015625
0 0.7118740234375 0.4988447265625 0.7083759765625 0.5059375 0.70157275390625 0.507939453125 0.695169921875 0.504736328125 0.691568359375 0.499931640625 0.69196826171875 0.49312548828125 0.69597021484375 0.49032275390625 0.7039736328125 0.49192431640625 0.709576171875 0.49592822265625
0 0.508482421875 0.45790234375 0.5026845703125 0.4578916015625 0.4990830078125 0.4550888671875 0.50028369140625 0.4502841796875 0.50668603515625 0.4506845703125 0.51068798828125 0.4542880859375
0 0.56591259765625 0.33330126953125 0.559509765625 0.32929736328125 0.55870947265625 0.3204892578125 0.56191064453125 0.3152841796875 0.56791357421875 0.3140830078125 0.57271533203125 0.3200888671875 0.57111474609375 0.32489306640625 0.56951416015625 0.33009814453125
0 0.343013671875 0.13070654296875 0.3342099609375 0.13511083984375 0.32820703125 0.13230810546875 0.32700634765625 0.12590185546875 0.3302080078125 0.11789453125 0.33821142578125 0.117494140625 0.34221337890625 0.12109765625
0 0.63263037109375 0.12441943359375 0.6239384765625 0.119095703125 0.6203369140625 0.112689453125 0.62313818359375 0.105482421875 0.62673974609375 0.09867578125 0.63354248046875 0.0994765625 0.6379443359375 0.104681640625 0.6399453125 0.111888671875 0.6379443359375 0.11789453125
0 0.733666015625 0.19045556640625 0.72758447265625 0.19196533203125 0.721181640625 0.1883623046875 0.721181640625 0.1835576171875 0.72558349609375 0.1815556640625 0.73278662109375 0.1839580078125 0.7351875 0.1883623046875
0 0.97667919921875 0.1422490234375 0.9799921875 0.1483388671875 0.980392578125 0.1523427734375 0.975990234375 0.1591494140625 0.9691875 0.1619521484375 0.96478564453125 0.1591494140625 0.96238427734375 0.1515419921875 0.965185546875 0.1447353515625 0.96998779296875 0.1399306640625
0 0.984603515625 0.34431982421875 0.97879150390625 0.33982861328125 0.97879150390625 0.33462353515625 0.98239306640625 0.33061962890625 0.98639501953125 0.33021923828125 0.9891962890625 0.33502392578125 0.9895966796875 0.33982861328125
0 0.79904150390625 0.69827392578125 0.79951220703125 0.7066865234375 0.79350927734375 0.7118916015625 0.78510595703125 0.7122919921875 0.78230419921875 0.7082880859375 0.78230419921875 0.7030830078125 0.78630615234375 0.6994794921875 0.79030810546875 0.69667724609375
0 0.8003623046875 0.71676416015625 0.800712890625 0.7239033203125 0.79591064453125 0.7299091796875 0.78870751953125 0.73311181640625 0.7839052734375 0.7299091796875 0.7835048828125 0.7198994140625 0.7875068359375 0.7150947265625 0.79230908203125 0.7130927734375 0.79551025390625 0.7138935546875
0 0.8538515625 0.8131767578125 0.84793359375 0.82006591796875 0.8387294921875 0.81566162109375 0.8391298828125 0.80805419921875 0.8423310546875 0.80405078125 0.847533203125 0.803650390625 0.85073486328125 0.806853515625
0 0.8881904296875 0.84223291015625 0.89115283203125 0.8468916015625 0.89115283203125 0.8516962890625 0.8883515625 0.8605048828125 0.8827490234375 0.8617060546875 0.87994775390625 0.8548994140625 0.87994775390625 0.8484931640625 0.8827490234375 0.8416865234375
0 0.8947939453125 0.6302568359375 0.88475 0.63829150390625 0.87274462890625 0.63428759765625 0.8667421875 0.62427783203125 0.8719443359375 0.61586962890625 0.88194873046875 0.61466845703125 0.8899521484375 0.61707080078125 0.89475439453125 0.62267626953125
0 0.99951171875 0.7497822265625 0.99399853515625 0.75807666015625 0.98839599609375 0.75687548828125 0.98839599609375 0.75046923828125 0.9927978515625 0.7428623046875 0.99880029296875 0.7384580078125
0 0.7812119140625 0.803271484375 0.771099609375 0.8033203125 0.76629736328125 0.799716796875 0.76629736328125 0.79451171875 0.77029931640625 0.78970703125 0.77550146484375 0.786103515625 0.78070361328125 0.7873046875 0.78230419921875 0.79291015625 0.7835048828125 0.79771484375
0 0.935076171875 0.7695927734375 0.931970703125 0.782099609375 0.9263681640625 0.7841015625 0.92156640625 0.78009814453125 0.9227666015625 0.77048876953125 0.9263681640625 0.76688525390625 0.93117041015625 0.76488330078125
0 0.87432275390625 0.99609716796875 0.86193994140625 0.9963056640625 0.85873828125 0.9915009765625 0.8607392578125 0.9842939453125 0.866341796875 0.9830927734375 0.87314501953125 0.9878974609375
0 0.84592724609375 0.4737509765625 0.84193115234375 0.48072900390625 0.83432763671875 0.47912744140625 0.8311259765625 0.47272119140625 0.83632861328125 0.46791650390625 0.84193115234375 0.46951806640625
0 0.09902685546875 0.94560791015625 0.09582568359375 0.95321533203125 0.09022314453125 0.95561767578125 0.0858212890625 0.95361572265625 0.087021484375 0.94760986328125 0.09142333984375 0.9432060546875
0 0.2350927734375 0.7695927734375 0.2390888671875 0.77424365234375 0.237888671875 0.7810498046875 0.23028515625 0.7834521484375 0.22748388671875 0.77824755859375 0.22908447265625 0.77104052734375
0 0.5494248046875 0.76497021484375 0.54522509765625 0.77220654296875 0.538822265625 0.77300732421875 0.5348203125 0.77020458984375 0.5348203125 0.76539990234375 0.54122314453125 0.76179638671875 0.54522509765625 0.76099560546875
0 0.1036806640625 0.84949658203125 0.1070302734375 0.85435546875 0.10302880859375 0.8599609375 0.097826171875 0.860361328125 0.09542529296875 0.8567578125 0.0982265625 0.851953125
0 0.45631396484375 0.98949365234375 0.442779296875 0.988484375 0.4371767578125 0.98408056640625 0.4379775390625 0.97447119140625 0.44237939453125 0.97046728515625 0.4503828125 0.96926611328125 0.4595869140625 0.97246923828125 0.4611875 0.97927587890625 0.4591865234375 0.98448046875
0 0.52301025390625 0.94855126953125 0.520013671875 0.95325048828125 0.51401123046875 0.95325048828125 0.50960888671875 0.9480458984375 0.5104091796875 0.9420400390625 0.51561181640625 0.9416396484375 0.52241455078125 0.9440419921875
0 0.04292724609375 0.95845654296875 0.043001953125 0.96486181640625 0.03819970703125 0.97246923828125 0.03139697265625 0.97286962890625 0.02579443359375 0.96926611328125 0.0229931640625 0.96406103515625 0.0265947265625 0.95805517578125 0.0337978515625 0.95565283203125 0.03980078125 0.95485205078125
0 0.54744384765625 0.58337109375 0.53762158203125 0.581552734375 0.53562060546875 0.575146484375 0.53922216796875 0.569541015625 0.546025390625 0.569140625 0.5516279296875 0.571142578125 0.55362841796875 0.579150390625
0 0.433201171875 0.51667431640625 0.42397119140625 0.52335595703125 0.41476708984375 0.52495751953125 0.4119658203125 0.51694970703125 0.41636767578125 0.5097431640625 0.42517138671875 0.5061396484375 0.431974609375 0.5081416015625 0.43437548828125 0.5097431640625
0 0.15518896484375 0.4242236328125 0.15745263671875 0.43003125 0.15785302734375 0.438439453125 0.153451171875 0.442443359375 0.14584765625 0.44284375 0.1402451171875 0.439240234375 0.138244140625 0.43003125 0.141845703125 0.426427734375 0.14704833984375 0.423625
0 0.38829638671875 0.5179951171875 0.38675439453125 0.52419189453125 0.38155224609375 0.52499267578125 0.37795068359375 0.5209892578125 0.3791513671875 0.5165849609375 0.384353515625 0.5149833984375
0 0.4926337890625 0.0095166015625 0.491201171875 0.01636328125 0.48719921875 0.02196875 0.4815966796875 0.023169921875 0.47919580078125 0.018765625 0.47999609375 0.01155859375 0.4851982421875 0.004751953125 0.49040087890625 0.00034814453125 0.49560302734375 0.00194970703125
0 0.52631201171875 0 0.524015625 0.00675390625 0.51921337890625 0.00995703125 0.51401123046875 0.009556640625 0.5132109375 0.00675390625 0.51601171875 0.00114892578125 0.51961376953125 0
0 0.985923828125 0.6685576171875 0.981220703125 0.67646044921875 0.97321728515625 0.67806201171875 0.970015625 0.67405810546875 0.96961572265625 0.66765185546875 0.9736171875 0.66284716796875 0.98082080078125 0.66164599609375
0 0.8881904296875 0.70751904296875 0.8879794921875 0.7161337890625 0.882376953125 0.7197373046875 0.8747734375 0.7185361328125 0.87037158203125 0.7137314453125 0.87077197265625 0.7033212890625 0.8763740234375 0.6993173828125 0.8843779296875 0.6997177734375
0 0.91799267578125 0.96891748046875 0.911990234375 0.97051904296875 0.90798828125 0.96811669921875 0.9063876953125 0.96251123046875 0.90918896484375 0.95610498046875 0.91639208984375 0.95730615234375 0.9203935546875 0.96371240234375
0 0.8538515625 0.8448740234375 0.8479619140625 0.8427958984375 0.845560546875 0.83639013671875 0.8495625 0.83238623046875 0.8531640625 0.83478857421875 0.856765625 0.8399931640625
0 0.9258310546875 0.51667431640625 0.9175927734375 0.519544921875 0.91158984375 0.517943359375 0.91239013671875 0.513939453125 0.91599169921875 0.5103359375 0.919193359375 0.5103359375 0.9247958984375 0.5119375
0 0.9868232421875 0.7157333984375 0.98242138671875 0.72293994140625 0.97481787109375 0.7217392578125 0.97161669921875 0.7161337890625 0.97481787109375 0.7113291015625 0.9796201171875 0.7109287109375 0.9832216796875 0.7113291015625
0 0.670931640625 0.552994140625 0.66548046875 0.5527412109375 0.66347998046875 0.54913818359375 0.66628125 0.54633544921875 0.67068310546875 0.54513427734375 0.673484375 0.54793701171875
0 0.64131640625 0.8530166015625 0.6388359375 0.86060302734375 0.63152490234375 0.8617578125 0.62883154296875 0.85675341796875 0.63152490234375 0.8494384765625 0.63383349609375 0.8463583984375 0.639990234375 0.84674365234375
0 0.95445947265625 0.889671875 0.9486875 0.89313720703125 0.94291552734375 0.889671875 0.94368505859375 0.8827421875 0.9486875 0.87966259765625 0.95484375 0.88351220703125
0 0.9010166015625 0.9787392578125 0.8975107421875 0.984763671875 0.89058447265625 0.988228515625 0.88558251953125 0.9851484375 0.88288916015625 0.98052880859375 0.88481298828125 0.97359912109375 0.89135400390625 0.97090380859375 0.8975107421875 0.97244384765625
0 0.5371826171875 0.2383720703125 0.53812060546875 0.245955078125 0.5319638671875 0.24864990234375 0.5281162109375 0.245955078125 0.5296552734375 0.2409501953125 0.5327333984375 0.2371005859375
0 0.3618896484375 0.9854921875 0.3488720703125 0.98907470703125 0.33813232421875 0.98972607421875 0.3332509765625 0.98451513671875 0.33292529296875 0.9786533203125 0.33780712890625 0.97214013671875 0.34561767578125 0.9698603515625 0.355380859375 0.97148876953125 0.361564453125 0.978001953125 0.3628662109375 0.9812587890625
0 0.50390625 0.96549462890625 0.49532080078125 0.9799560546875 0.4855576171875 0.98288720703125 0.479048828125 0.97963037109375 0.47579443359375 0.97051171875 0.47709619140625 0.95813671875 0.483279296875 0.95585693359375 0.49011376953125 0.954228515625 0.49825 0.954228515625 0.50280615234375 0.95781103515625
0 0.1240234375 0.90299462890625 0.12106298828125 0.914498046875 0.1112998046875 0.92589599609375 0.10186181640625 0.93078125 0.09697998046875 0.929478515625 0.09567822265625 0.92166259765625 0.10056005859375 0.90896142578125 0.10739453125 0.9001689453125 0.115205078125 0.8949580078125 0.12138818359375 0.8962607421875 0.125619140625 0.89984326171875
0 0.494140625 0.71500634765625 0.49141552734375 0.72598193359375 0.48230322265625 0.73770556640625 0.47319091796875 0.73965966796875 0.46407861328125 0.7373798828125 0.45789501953125 0.7324951171875 0.4556171875 0.7250048828125 0.46049853515625 0.715560546875 0.46961083984375 0.70904736328125 0.478072265625 0.70904736328125 0.486859375 0.7074189453125 0.49109033203125 0.71067578125 0.4933681640625 0.71523486328125
0 0.2880859375 0.88151025390625 0.291919921875 0.88586083984375 0.290943359375 0.89660791015625 0.2854111328125 0.905400390625 0.27825146484375 0.90930859375 0.275322265625 0.90572607421875 0.274345703125 0.90149267578125 0.27694970703125 0.893025390625 0.27955322265625 0.88586083984375 0.2831328125 0.88162744140625
0 0.38916015625 0.53483056640625 0.38043994140625 0.53974560546875 0.3680732421875 0.543001953125 0.360587890625 0.54039697265625 0.35993701171875 0.53551171875 0.36319140625 0.53095263671875 0.36872412109375 0.52671875 0.37555810546875 0.52346240234375 0.37946337890625 0.52313671875 0.38499609375 0.52476513671875 0.38792529296875 0.52932421875
0 0.3642578125 0.55045556640625 0.36351708984375 0.55765673828125 0.3602626953125 0.56905517578125 0.3550556640625 0.57719677734375 0.34822119140625 0.5775224609375 0.3436650390625 0.57100927734375 0.34203759765625 0.56547265625 0.34464111328125 0.5550517578125 0.3498486328125 0.54951513671875 0.35603173828125 0.54723583984375 0.36123876953125 0.54691015625
0 0.10693359375 0.45524072265625 0.1051162109375 0.46162890625 0.09893310546875 0.46390869140625 0.09405126953125 0.46130322265625 0.09307470703125 0.45706982421875 0.0963291015625 0.45251025390625 0.10153662109375 0.45120751953125 0.10446533203125 0.45185888671875
0 0.3740234375 0.37125634765625 0.366771484375 0.38937451171875 0.360587890625 0.397841796875 0.35310302734375 0.398818359375 0.348546875 0.39556201171875 0.34789599609375 0.38872314453125 0.3540791015625 0.37537109375 0.36514404296875 0.36234423828125 0.371978515625 0.3620185546875 0.37458203125 0.365275390625
0 0.4130859375 0.53580712890625 0.41298388671875 0.54176318359375 0.40907861328125 0.54664794921875 0.40354638671875 0.5456708984375 0.39964111328125 0.54111181640625 0.40094287109375 0.536552734375 0.4054990234375 0.53362158203125 0.409404296875 0.53362158203125
0 0.5087890625 0.65983056640625 0.50801318359375 0.66353955078125 0.50313134765625 0.66744775390625 0.4972734375 0.66744775390625 0.49499560546875 0.663865234375 0.49532080078125 0.65800341796875 0.4985751953125 0.65409521484375 0.50345703125 0.65474658203125 0.50703662109375 0.65670068359375
0 0.5 0.64615869140625 0.495646484375 0.6508388671875 0.48881201171875 0.65181591796875 0.48360498046875 0.64986181640625 0.48165234375 0.64660498046875 0.48360498046875 0.64367431640625 0.48620849609375 0.64041748046875 0.49239208984375 0.640091796875 0.49629736328125 0.6420458984375
0 0.47058740234375 0.17840869140625 0.46961083984375 0.18915576171875 0.46538037109375 0.20087939453125 0.4585458984375 0.2025078125 0.452037109375 0.19990234375 0.451060546875 0.1943662109375 0.454640625 0.18459619140625 0.45756982421875 0.176455078125 0.46180029296875 0.171244140625 0.46668212890625 0.17026708984375 0.4699365234375 0.1718955078125
0 0.21484375 0.07486962890625 0.2121865234375 0.08596337890625 0.20242333984375 0.09768701171875 0.19200927734375 0.1006181640625 0.183873046875 0.0993154296875 0.17768994140625 0.0954072265625 0.1799677734375 0.08693994140625 0.184849609375 0.07847314453125 0.1913583984375 0.07098291015625 0.195263671875 0.0680517578125 0.20242333984375 0.06609765625 0.2095830078125 0.06707470703125 0.2131630859375 0.06968017578125
0 0.4673330078125 0.124716796875 0.4556171875 0.12406591796875 0.44878271484375 0.1191806640625 0.4471552734375 0.11364453125 0.44943359375 0.11136474609375 0.45301318359375 0.1110390625 0.46147509765625 0.112341796875 0.467658203125 0.11331884765625 0.47026171875 0.11527294921875 0.4699365234375 0.1204833984375
0 0.58709521484375 0.2908046875 0.5890478515625 0.2976435546875 0.5890478515625 0.30611083984375 0.58546826171875 0.31132177734375 0.57928466796875 0.31132177734375 0.574728515625 0.30871630859375 0.5731015625 0.30318017578125 0.5760302734375 0.298294921875 0.58026123046875 0.2908046875 0.583515625 0.2901533203125
0 0.078125 0.21598291015625 0.07875537109375 0.223392578125 0.07192138671875 0.228603515625 0.06476171875 0.22730078125 0.0615068359375 0.22176416015625 0.06280859375 0.21622802734375 0.066388671875 0.2129716796875 0.07192138671875 0.2129716796875
0 0.5361328125 0.28483056640625 0.5360009765625 0.294712890625 0.5333974609375 0.30057470703125 0.52493603515625 0.307087890625 0.52070556640625 0.30676220703125 0.51614892578125 0.303505859375 0.51712548828125 0.29666650390625 0.519078125 0.2901533203125 0.52233251953125 0.28624560546875 0.5265634765625 0.28494287109375 0.5307939453125 0.28298876953125
0 0.5926279296875 0.14948876953125 0.58774609375 0.156001953125 0.57895947265625 0.162189453125 0.57114892578125 0.16088671875 0.57017236328125 0.156001953125 0.57375244140625 0.15046533203125 0.579935546875 0.147208984375 0.5874208984375 0.14623193359375 0.5900244140625 0.14623193359375
0 0.87353515625 0.14664697265625 0.87568994140625 0.15551123046875 0.876015625 0.1643037109375 0.87080859375 0.1708173828125 0.8581162109375 0.1743994140625 0.84900390625 0.16984033203125 0.8477021484375 0.1581162109375 0.85095654296875 0.14964892578125 0.85648876953125 0.1444384765625 0.86364892578125 0.1431357421875 0.8685302734375 0.1431357421875
0 0.8623046875 0.11783837890625 0.86234716796875 0.125224609375 0.8597431640625 0.12978369140625 0.85648876953125 0.13238916015625 0.85225830078125 0.1294580078125 0.85128173828125 0.1245732421875 0.8529091796875 0.11968798828125 0.856814453125 0.11610595703125 0.8597431640625 0.11480322265625 0.86234716796875 0.1170830078125
0 0.83251953125 0.13590478515625 0.82524658203125 0.13336572265625 0.82264306640625 0.12652685546875 0.82492138671875 0.1187109375 0.8311044921875 0.1193623046875 0.83793896484375 0.12359619140625 0.840216796875 0.1281552734375 0.83858984375 0.13336572265625
0 0.779296875 0.16031884765625 0.77643017578125 0.17044921875 0.76731787109375 0.17761376953125 0.75853125 0.18054443359375 0.75169677734375 0.17663671875 0.7510458984375 0.1684951171875 0.75820556640625 0.1610048828125 0.76601611328125 0.1570966796875 0.77089794921875 0.1564453125 0.775779296875 0.1564453125
0 0.75244140625 0.43277978515625 0.74681494140625 0.4371240234375 0.74030615234375 0.4384267578125 0.73509912109375 0.43647265625 0.73509912109375 0.43028515625 0.74030615234375 0.42116650390625 0.74551318359375 0.4195380859375 0.750720703125 0.4208408203125 0.75234765625 0.4270283203125
0 0.97998046875 0.29313134765625 0.979505859375 0.30040966796875 0.97332275390625 0.30594580078125 0.96583740234375 0.3030146484375 0.96616259765625 0.2968271484375 0.969091796875 0.29031396484375 0.97202099609375 0.2857548828125 0.9756005859375 0.2844521484375 0.98243505859375 0.2880341796875
0 0.79345703125 0.36930322265625 0.787169921875 0.37689794921875 0.7754541015625 0.37787451171875 0.7692705078125 0.37559521484375 0.76992138671875 0.36940771484375 0.776755859375 0.3632197265625 0.78293896484375 0.36126611328125 0.78912255859375 0.36126611328125 0.79400439453125 0.3645224609375
0 0.968115234375 0.492791015625 0.9651865234375 0.4996298828125 0.95835205078125 0.50386376953125 0.9521689453125 0.505166015625 0.94370751953125 0.50321240234375 0.94110400390625 0.49572216796875 0.9443583984375 0.48888330078125 0.95054150390625 0.4859521484375 0.9563994140625 0.48432373046875 0.9635595703125 0.48562646484375 0.96713916015625 0.48790625
0 0.775390625 0.51969384765625 0.7728505859375 0.52824560546875 0.76373828125 0.533130859375 0.75853125 0.52889697265625 0.76080908203125 0.52010400390625 0.766341796875 0.5148935546875 0.7718740234375 0.51456787109375
0 0.6005859375 0.64908837890625 0.5977626953125 0.65555859375 0.59157958984375 0.65946630859375 0.58539599609375 0.66011767578125 0.583443359375 0.65588427734375 0.58637255859375 0.65034814453125 0.59190478515625 0.646765625 0.5964609375 0.64709130859375
0 0.80517578125 0.64762353515625 0.808974609375 0.654255859375 0.811578125 0.66174609375 0.81092724609375 0.6698876953125 0.80441845703125 0.66793359375 0.7998623046875 0.66207177734375 0.79563134765625 0.65588427734375 0.79660791015625 0.64839404296875 0.80181494140625 0.64643994140625
0 0.85986328125 0.73942041015625 0.8555126953125 0.7463544921875 0.84705126953125 0.749611328125 0.84054248046875 0.74668017578125 0.83858984375 0.74114404296875 0.84216943359375 0.73691064453125 0.846400390625 0.7326767578125 0.85258349609375 0.732025390625 0.856814453125 0.734630859375
0 0.83203125 0.89176416015625 0.830779296875 0.89937353515625 0.8232939453125 0.90360693359375 0.81483251953125 0.9039326171875 0.80962548828125 0.90132763671875 0.80995068359375 0.89383740234375 0.8128798828125 0.88830078125 0.81906298828125 0.88471875 0.82557177734375 0.88504443359375
0 0.46533203125 0.91031884765625 0.46433154296875 0.91824072265625 0.45749755859375 0.9218232421875 0.450337890625 0.92312548828125 0.44578173828125 0.9205205078125 0.44480517578125 0.914658203125 0.45098876953125 0.90944775390625 0.45652099609375 0.9078193359375 0.46140283203125 0.90619140625 0.4662841796875 0.90814501953125
0 0.52876904296875 0.90195751953125 0.5255146484375 0.90879638671875 0.5186806640625 0.91335595703125 0.5108701171875 0.91237890625 0.50598828125 0.908470703125 0.5072900390625 0.90000341796875 0.51282275390625 0.89251318359375 0.51965673828125 0.89316455078125 0.52616552734375 0.896095703125
0 0.7734375 0.72135400390625 0.7702470703125 0.73265576171875 0.76211083984375 0.74340234375 0.7500693359375 0.74698486328125 0.74128271484375 0.74340234375 0.738353515625 0.735912109375 0.7422587890625 0.7277705078125 0.74909326171875 0.71995458984375 0.7562529296875 0.71832666015625 0.7640634765625 0.71637255859375 0.7718740234375 0.716046875
0 0.99951171875 0.90348291015625 0.99415087890625 0.91075048828125 0.98764208984375 0.9130302734375 0.9817841796875 0.9055400390625 0.97983154296875 0.8954443359375 0.9830859375 0.8830693359375 0.9895947265625 0.87134521484375 0.99545263671875 0.86580908203125 0.99951171875 0.86483203125 0.99951171875 0.89186181640625
0 0.7572294921875 0.50256103515625 0.75039501953125 0.5058173828125 0.74258447265625 0.504189453125 0.7406318359375 0.4983271484375 0.74258447265625 0.49409375 0.74779150390625 0.4908369140625 0.75332373046875 0.49116259765625 0.75853125 0.49409375 0.75950732421875 0.49735009765625
0 0.56494140625 0.88346337890625 0.56382421875 0.89040185546875 0.55796630859375 0.8933330078125 0.55145751953125 0.8920302734375 0.54917919921875 0.88519140625 0.55243408203125 0.87965478515625 0.556990234375 0.87932958984375 0.5608955078125 0.87965478515625
0 0.37109375 0.85367822265625 0.37181396484375 0.85978955078125 0.3692099609375 0.868908203125 0.3640029296875 0.87346728515625 0.3571689453125 0.87053662109375 0.3545654296875 0.8633720703125 0.3558671875 0.85848681640625 0.35912158203125 0.8545791015625 0.36432861328125 0.852625
0 0.06201171875 0.49235009765625 0.058087890625 0.49947265625 0.05353173828125 0.5024033203125 0.0479990234375 0.5030546875 0.0437685546875 0.50044921875 0.04311767578125 0.4949130859375 0.04832470703125 0.48839990234375 0.0541826171875 0.48644580078125 0.06101708984375 0.48644580078125 0.06231884765625 0.4887255859375
0 0.54638671875 0.93473291015625 0.54706396484375 0.95387646484375 0.5425078125 0.9678798828125 0.53274462890625 0.97764990234375 0.52395751953125 0.9779755859375 0.52265576171875 0.9652744140625 0.52265576171875 0.94768896484375 0.5281884765625 0.93368505859375 0.5376259765625 0.92684619140625 0.54478564453125 0.92880029296875
0 0.583984375 0.84977197265625 0.58090966796875 0.87213525390625 0.57570263671875 0.87767138671875 0.56951953125 0.8740888671875 0.56854296875 0.85845703125 0.5698447265625 0.84705908203125 0.57895703125 0.8467333984375
0 0.302734375 0.84147119140625 0.29810107421875 0.847080078125 0.29061572265625 0.84512646484375 0.29061572265625 0.83763623046875 0.29419580078125 0.83568212890625 0.29972802734375 0.83568212890625
0 0.4833984375 0.83463525390625 0.48099951171875 0.847080078125 0.47351416015625 0.85619873046875 0.4611474609375 0.85489599609375 0.45431298828125 0.84512646484375 0.4585439453125 0.83340234375 0.46863232421875 0.82819189453125 0.47741943359375 0.82754052734375
0 0.1044921875 0.78190087890625 0.101208984375 0.8012255859375 0.0933984375 0.81164697265625 0.08558740234375 0.819462890625 0.0771259765625 0.82076513671875 0.07256982421875 0.81457763671875 0.073220703125 0.80480810546875 0.0781025390625 0.79471240234375 0.08688916015625 0.784291015625 0.095025390625 0.7774521484375 0.10088330078125 0.77680078125 0.10446337890625 0.7813603515625
0 0.58544921875 0.51725244140625 0.577330078125 0.51663916015625 0.5724482421875 0.51110302734375 0.57309912109375 0.50426416015625 0.57895703125 0.501984375 0.5861171875 0.50426416015625 0.588720703125 0.509474609375 0.588720703125 0.51338232421875
0 0.224609375 0.69596337890625 0.222923828125 0.70584912109375 0.2138115234375 0.710408203125 0.207302734375 0.70519775390625 0.208279296875 0.69673046875 0.21511328125 0.69217138671875 0.22064599609375 0.69054296875
0 0.6005859375 0.27018212890625 0.59978564453125 0.278728515625 0.59490380859375 0.28296240234375 0.588720703125 0.28296240234375 0.58546630859375 0.27970556640625 0.58546630859375 0.2744951171875 0.58969677734375 0.26960986328125 0.59457861328125 0.2670048828125
0 0.5588720703125 0.07724951171875 0.56011962890625 0.08194091796875 0.55619091796875 0.08545751953125 0.551642578125 0.0856640625 0.5508154296875 0.083181640625 0.551435546875 0.07904443359375 0.55412353515625 0.07594140625 0.5568115234375 0.07594140625
0 0.89404296875 0.18326806640625 0.894568359375 0.189244140625 0.89294091796875 0.195431640625 0.8867578125 0.196734375 0.87862158203125 0.19315185546875 0.8766689453125 0.18566162109375 0.8792724609375 0.1797998046875 0.88480517578125 0.17882275390625 0.8906630859375 0.1811025390625
0 0.56494140625 0.03287744140625 0.56652294921875 0.0374853515625 0.56391943359375 0.0449755859375 0.5580615234375 0.04725537109375 0.55480712890625 0.04399853515625 0.5554580078125 0.03911376953125 0.557736328125 0.03585693359375
0 0.9970703125 0.17545556640625 0.9925263671875 0.18205810546875 0.980810546875 0.18270947265625 0.973650390625 0.1761962890625 0.9743017578125 0.17033447265625 0.980810546875 0.16838037109375 0.99089892578125 0.169357421875 0.99447900390625 0.1700087890625
0 0.89208984375 0.22477197265625 0.89001220703125 0.2390068359375 0.88155078125 0.24747412109375 0.87439111328125 0.2471484375 0.86950927734375 0.2425888671875 0.8698349609375 0.23184228515625 0.8753671875 0.22435205078125 0.883177734375 0.2227236328125 0.88740869140625 0.2227236328125
0 0.89990234375 0.33219384765625 0.9062841796875 0.34419580078125 0.9062841796875 0.35103466796875 0.90205322265625 0.35657080078125 0.88773388671875 0.356896484375 0.87569287109375 0.35266259765625 0.873740234375 0.34354443359375 0.877970703125 0.33605419921875 0.88382861328125 0.33279736328125 0.8922900390625 0.3311689453125
0 0.906609375 0.3324716796875 0.89521923828125 0.32921533203125 0.88773388671875 0.324330078125 0.88740869140625 0.3187939453125 0.89261572265625 0.311955078125 0.899775390625 0.31162939453125 0.905958984375 0.314560546875 0.90921337890625 0.31977099609375 0.9098642578125 0.32856396484375
0 0.9482421875 0.21451806640625 0.9511953125 0.21751318359375 0.95021875 0.22500341796875 0.9420830078125 0.22793408203125 0.93557373046875 0.2227236328125 0.9358994140625 0.21490771484375 0.94143212890625 0.21099951171875
0 0.92138671875 0.30729150390625 0.92515966796875 0.3103056640625 0.9254853515625 0.31551611328125 0.921580078125 0.3213779296875 0.91604736328125 0.322029296875 0.91279296875 0.3151904296875 0.91474560546875 0.3090029296875 0.91734912109375 0.30574609375
0 0.94533740234375 0.53004248046875 0.948591796875 0.53590478515625 0.94696435546875 0.54567431640625 0.93947900390625 0.5603291015625 0.92743798828125 0.5655400390625 0.91734912109375 0.5629345703125 0.91442041015625 0.55088525390625 0.91734912109375 0.541115234375 0.92320703125 0.532322265625 0.93004150390625 0.526134765625 0.938177734375 0.526134765625
0 0.79541015625 0.55924462890625 0.79237939453125 0.57138037109375 0.78456884765625 0.5804990234375 0.7783857421875 0.5791962890625 0.77513134765625 0.56975244140625 0.7787109375 0.56161083984375 0.78554541015625 0.55705126953125 0.78847412109375 0.55705126953125
0 0.58837890625 0.46940087890625 0.58572412109375 0.4743330078125 0.5798662109375 0.47335595703125 0.574984375 0.4694482421875 0.57693701171875 0.46228369140625 0.58051708984375 0.46098095703125 0.5853984375 0.46293505859375 0.58800244140625 0.46521484375
0 0.6820546875 0.6481943359375 0.6820546875 0.65666162109375 0.67749853515625 0.66350048828125 0.66936279296875 0.66284912109375 0.663830078125 0.65666162109375 0.66545751953125 0.648845703125 0.67326806640625 0.6439609375 0.67847509765625 0.64428662109375
0 0.6513671875 0.69791650390625 0.64885986328125 0.70874658203125 0.6495107421875 0.72275 0.65406689453125 0.7331708984375 0.66285400390625 0.73284521484375 0.66936279296875 0.72796044921875 0.674244140625 0.7165625 0.67456982421875 0.70744384765625 0.669037109375 0.69637109375 0.6609013671875 0.69376611328125
0 0.68017578125 0.68815087890625 0.684658203125 0.6921376953125 0.6859599609375 0.70125634765625 0.6820546875 0.70776953125 0.67456982421875 0.71037451171875 0.669037109375 0.70548974609375 0.6677353515625 0.6947431640625 0.67196630859375 0.68790380859375 0.67619677734375 0.687578125
0 0.7490234375 0.78678369140625 0.750072265625 0.79923828125 0.7464921875 0.8096591796875 0.73803076171875 0.81259033203125 0.73152197265625 0.8096591796875 0.73087109375 0.79923828125 0.73510205078125 0.78881689453125 0.74193603515625 0.78490869140625
0 0.83740234375 0.79850244140625 0.829154296875 0.8021689453125 0.82329638671875 0.80184326171875 0.819716796875 0.79565576171875 0.82166943359375 0.7897939453125 0.82817822265625 0.78816552734375 0.835337890625 0.79011962890625 0.83729052734375 0.7933759765625