0 0.57080078125 0.987548828125 0.57763671875 0.984619140625 0.58154296875 0.976318359375 0.58056640625 0.969482421875 0.573486328125 0.96533203125 0.563720703125 0.9677734375 0.5576171875 0.976318359375 0.5576171875 0.980712890625 0.562255859375 0.986328125
0 0.341796875 0.99951171875 0.347900390625 0.99658203125 0.353515625 0.989013671875 0.35546875 0.982666015625 0.353515625 0.974365234375 0.345458984375 0.9697265625 0.325927734375 0.97216796875 0.3212890625 0.975830078125 0.31787109375 0.982666015625 0.3173828125 0.989501953125 0.31982421875 0.998779296875
0 0.1826171875 0.995361328125 0.1875 0.991943359375 0.189453125 0.982666015625 0.185302734375 0.9765625 0.179931640625 0.974609375 0.1748046875 0.977783203125 0.1728515625 0.985595703125 0.1748046875 0.991455078125
0 0.34033203125 0.938720703125 0.352294921875 0.9326171875 0.35888671875 0.922607421875 0.35888671875 0.916748046875 0.352783203125 0.9111328125 0.344482421875 0.91015625 0.338134765625 0.9130859375 0.3291015625 0.925537109375 0.328125 0.930419921875 0.330078125 0.935302734375 0.333740234375 0.9384765625
0 0.26416015625 0.838623046875 0.267822265625 0.8369140625 0.27587890625 0.827392578125 0.2763671875 0.822509765625 0.271240234375 0.8173828125 0.260986328125 0.8203125 0.255859375 0.826904296875 0.25634765625 0.835205078125 0.259033203125 0.837890625
0 0.45654296875 0.935302734375 0.46240234375 0.930908203125 0.466796875 0.921630859375 0.46533203125 0.914306640625 0.460205078125 0.90966796875 0.454833984375 0.91015625 0.451171875 0.912841796875 0.447265625 0.923583984375 0.4482421875 0.932861328125 0.450927734375 0.935546875
0 0.48876953125 0.915771484375 0.49462890625 0.912841796875 0.49609375 0.906005859375 0.491455078125 0.8984375 0.485595703125 0.8974609375 0.47998046875 0.901611328125 0.47900390625 0.909912109375 0.483154296875 0.9150390625
0 0.53466796875 0.941162109375 0.5380859375 0.937744140625 0.5380859375 0.932373046875 0.533447265625 0.92529296875 0.529541015625 0.92529296875 0.5263671875 0.928955078125 0.5263671875 0.933349609375 0.530029296875 0.93994140625
0 0.55010791015625 0.9223408203125 0.54461376953125 0.91890673828125 0.5411796875 0.91615966796875 0.5404931640625 0.90860498046875 0.5411796875 0.90585791015625 0.5514814453125 0.91066552734375 0.5590361328125 0.91547265625 0.5569755859375 0.92165380859375
0 0.5810546875 0.924560546875 0.59326171875 0.913818359375 0.6015625 0.902587890625 0.596435546875 0.8955078125 0.583251953125 0.89599609375 0.5791015625 0.898193359375 0.57763671875 0.907470703125 0.5791015625 0.922119140625
0 0.63183447265625 0.92371435546875 0.6332080078125 0.917533203125 0.6387021484375 0.9120390625 0.64556982421875 0.9092919921875 0.65106396484375 0.91409912109375 0.6496904296875 0.92165380859375 0.6448828125 0.92714794921875 0.64144921875 0.928521484375 0.63732861328125 0.92714794921875
0 0.6290869140625 0.91822021484375 0.62633984375 0.9127255859375 0.62771337890625 0.9072314453125 0.6311474609375 0.90311083984375 0.63801513671875 0.89830322265625 0.6421357421875 0.90036376953125 0.64350927734375 0.9072314453125 0.64076220703125 0.91066552734375 0.63526806640625 0.91547265625
0 0.71484375 0.921630859375 0.72216796875 0.914306640625 0.7275390625 0.902099609375 0.7275390625 0.893310546875 0.722900390625 0.888671875 0.704345703125 0.890625 0.69775390625 0.895751953125 0.69580078125 0.899658203125 0.697265625 0.914794921875 0.701416015625 0.91796875
0 0.77537060546875 0.87907373046875 0.77056298828125 0.87426611328125 0.7643818359375 0.869458984375 0.761634765625 0.86533837890625 0.7636953125 0.8570966796875 0.7719365234375 0.854349609375 0.776744140625 0.85641015625 0.78155126953125 0.85778369140625 0.7829248046875 0.85984375 0.784298828125 0.8667119140625 0.7829248046875 0.8701455078125 0.78155126953125 0.872892578125
0 0.74446533203125 0.90860498046875 0.74377880859375 0.9037978515625 0.7424052734375 0.89555615234375 0.7424052734375 0.8886884765625 0.743091796875 0.88182080078125 0.747212890625 0.8756396484375 0.75270703125 0.874953125 0.75957470703125 0.87632666015625 0.7643818359375 0.87907373046875 0.7664423828125 0.88937548828125 0.7636953125 0.89555615234375 0.76300830078125 0.90105078125 0.75751416015625 0.90791845703125 0.7533935546875 0.90860498046875 0.7499599609375 0.90860498046875
0 0.7238623046875 0.99951171875 0.7314169921875 0.9923916015625 0.73759765625 0.991705078125 0.7424052734375 0.99513916015625 0.7424052734375 0.99951171875 0.7341640625 0.99951171875
0 0.77468359375 0.9965126953125 0.769189453125 0.9923916015625 0.7664423828125 0.99033154296875 0.7643818359375 0.9862109375 0.7664423828125 0.9834638671875 0.76987646484375 0.9834638671875 0.77537060546875 0.98758447265625 0.77605712890625 0.99101806640625
0 0.7904794921875 0.99033154296875 0.7904794921875 0.9834638671875 0.7932265625 0.98002978515625 0.79666064453125 0.97934326171875 0.80078125 0.98277685546875 0.80078125 0.98758447265625 0.798720703125 0.99307861328125 0.7959736328125 0.9944521484375 0.7925400390625 0.99513916015625
0 0.8426748046875 0.99101806640625 0.8351201171875 0.98552392578125 0.8330595703125 0.98002978515625 0.83374658203125 0.9759091796875 0.84198779296875 0.97522216796875 0.845421875 0.97659619140625 0.8481689453125 0.97934326171875 0.84748193359375 0.9868974609375 0.845421875 0.98758447265625
0 0.9566796875 0.917533203125 0.9518720703125 0.9147861328125 0.9518720703125 0.91135205078125 0.9518720703125 0.90311083984375 0.9566796875 0.8962431640625 0.96972802734375 0.89486962890625 0.97453564453125 0.8969296875 0.9711015625 0.9072314453125 0.96629443359375 0.9127255859375 0.96354736328125 0.91684619140625
0 0.87255859375 0.948974609375 0.879150390625 0.947265625 0.8876953125 0.933837890625 0.8876953125 0.927978515625 0.883056640625 0.92236328125 0.874755859375 0.9228515625 0.86572265625 0.933837890625 0.865234375 0.945556640625 0.868408203125 0.94873046875
0 0.84404833984375 0.93951025390625 0.8385537109375 0.93538916015625 0.8378671875 0.93058203125 0.8385537109375 0.92440087890625 0.84130078125 0.91959375 0.8481689453125 0.92371435546875 0.8516025390625 0.9278349609375 0.850916015625 0.93538916015625 0.84885546875 0.93813671875
0 0.61865234375 0.888916015625 0.631103515625 0.88232421875 0.63623046875 0.874755859375 0.63427734375 0.864501953125 0.623779296875 0.85498046875 0.615478515625 0.8564453125 0.6083984375 0.864990234375 0.6064453125 0.870361328125 0.60791015625 0.884033203125 0.615966796875 0.88916015625
0 0.61397802734375 0.84404833984375 0.6071103515625 0.84198779296875 0.60642333984375 0.83718017578125 0.609857421875 0.8303125 0.61878564453125 0.8303125 0.62221923828125 0.83443310546875 0.620845703125 0.84198779296875
0 0.50732421875 0.851806640625 0.512939453125 0.849609375 0.51806640625 0.843017578125 0.51806640625 0.835205078125 0.514404296875 0.8310546875 0.504638671875 0.83154296875 0.49609375 0.839599609375 0.49755859375 0.848876953125 0.502197265625 0.85205078125
0 0.4512119140625 0.8220712890625 0.45258544921875 0.817263671875 0.4608271484375 0.8110830078125 0.4642607421875 0.81039599609375 0.46838134765625 0.81589013671875 0.46563427734375 0.82344482421875 0.46288720703125 0.82550537109375 0.46014013671875 0.8275654296875 0.45533251953125 0.82825244140625 0.4532724609375 0.8275654296875
0 0.42648828125 0.8461083984375 0.420994140625 0.84198779296875 0.41893359375 0.83443310546875 0.41893359375 0.82825244140625 0.4271748046875 0.8296259765625 0.43129541015625 0.8330595703125 0.4347294921875 0.83649365234375 0.4347294921875 0.8426748046875
0 0.5390625 0.816650390625 0.547119140625 0.81298828125 0.5556640625 0.802490234375 0.55615234375 0.792236328125 0.552978515625 0.7880859375 0.548095703125 0.78759765625 0.541259765625 0.791015625 0.529296875 0.807861328125 0.52880859375 0.812744140625 0.530517578125 0.814453125
0 0.58994091796875 0.8090224609375 0.5858203125 0.806275390625 0.583759765625 0.80215478515625 0.5858203125 0.79666064453125 0.58925390625 0.79460009765625 0.59474853515625 0.7980341796875 0.59680859375 0.80421533203125 0.59543505859375 0.8090224609375
0 0.64892578125 0.787353515625 0.653564453125 0.78515625 0.65869140625 0.777587890625 0.6591796875 0.772216796875 0.65576171875 0.764892578125 0.647216796875 0.7626953125 0.632568359375 0.7685546875 0.62841796875 0.776611328125 0.63134765625 0.784423828125
0 0.73828125 0.822021484375 0.7431640625 0.819580078125 0.74365234375 0.811767578125 0.739990234375 0.80615234375 0.732666015625 0.80322265625 0.7294921875 0.805419921875 0.72900390625 0.816650390625 0.733642578125 0.8212890625
0 0.86877197265625 0.813830078125 0.85984375 0.81314306640625 0.85572314453125 0.8090224609375 0.85572314453125 0.8055888671875 0.8591572265625 0.79940771484375 0.8612177734375 0.79734716796875 0.86808544921875 0.79460009765625 0.87151904296875 0.79460009765625 0.8756396484375 0.79666064453125 0.87632666015625 0.80490185546875 0.874953125 0.81245654296875
0 0.876953125 0.874267578125 0.8857421875 0.869384765625 0.88623046875 0.858642578125 0.88330078125 0.851806640625 0.878662109375 0.84716796875 0.871337890625 0.8466796875 0.86376953125 0.851806640625 0.86376953125 0.866943359375 0.866943359375 0.873046875
0 0.89280908203125 0.8646513671875 0.88731494140625 0.85984375 0.89006201171875 0.854349609375 0.8941826171875 0.85228955078125 0.898990234375 0.8536630859375 0.90105078125 0.85984375 0.89761669921875 0.8673984375
0 0.92096728515625 0.84473486328125 0.91822021484375 0.83992724609375 0.91684619140625 0.8351201171875 0.9202802734375 0.8303125 0.92440087890625 0.8303125 0.9278349609375 0.8351201171875 0.92714794921875 0.83992724609375
0 0.97522216796875 0.710126953125 0.97522216796875 0.70188525390625 0.9779697265625 0.695017578125 0.98827099609375 0.6977646484375 0.99307861328125 0.70188525390625 0.99307861328125 0.71150048828125 0.98964453125 0.71699462890625 0.98827099609375 0.7183681640625 0.98209033203125 0.7190546875 0.9779697265625 0.71493408203125
0 0.9738486328125 0.80764892578125 0.973162109375 0.79940771484375 0.97728271484375 0.78979296875 0.98758447265625 0.784298828125 0.99307861328125 0.78567236328125 0.99307861328125 0.79116650390625 0.9923916015625 0.7959736328125 0.98827099609375 0.80215478515625 0.98552392578125 0.80421533203125 0.98002978515625 0.806275390625
0 0.92989501953125 0.787732421875 0.9312685546875 0.776744140625 0.934015625 0.77331005859375 0.9388232421875 0.7685029296875 0.94225732421875 0.76712939453125 0.943630859375 0.7685029296875 0.9463779296875 0.7739970703125 0.94569091796875 0.77880419921875 0.94225732421875 0.7829248046875 0.9388232421875 0.78567236328125 0.93195556640625 0.78841943359375
0 0.65037744140625 0.7424052734375 0.6448828125 0.73828466796875 0.64350927734375 0.73622412109375 0.64282275390625 0.72798291015625 0.64900341796875 0.72592236328125 0.6551845703125 0.73072998046875 0.65861865234375 0.7348505859375 0.6572451171875 0.7403447265625
0 0.34912109375 0.797607421875 0.34619140625 0.776611328125 0.342529296875 0.7734375 0.337646484375 0.77294921875 0.33349609375 0.776611328125 0.3330078125 0.784423828125 0.345458984375 0.7978515625
0 0.31110986328125 0.67166748046875 0.3049287109375 0.6661728515625 0.3049287109375 0.65930517578125 0.31110986328125 0.65655810546875 0.31660400390625 0.6551845703125 0.32003759765625 0.6606787109375 0.32003759765625 0.665486328125 0.31660400390625 0.668919921875
0 0.29531396484375 0.67716162109375 0.2918798828125 0.673041015625 0.2973740234375 0.668919921875 0.3069892578125 0.66754638671875 0.30904931640625 0.66960693359375 0.30904931640625 0.67166748046875 0.3028681640625 0.67716162109375 0.30080810546875 0.67784814453125
0 0.72592236328125 0.7829248046875 0.7190546875 0.7794912109375 0.7190546875 0.76987646484375 0.72042822265625 0.76300830078125 0.7218017578125 0.75957470703125 0.7293564453125 0.75751416015625 0.73759765625 0.75751416015625 0.74377880859375 0.75957470703125 0.74377880859375 0.7643818359375 0.74171826171875 0.769189453125 0.73553759765625 0.77331005859375 0.7314169921875 0.776744140625
0 0.73072998046875 0.79185302734375 0.7293564453125 0.78567236328125 0.73622412109375 0.77811767578125 0.74446533203125 0.77125 0.7499599609375 0.76712939453125 0.7554541015625 0.76506884765625 0.75751416015625 0.77056298828125 0.7554541015625 0.77811767578125 0.7499599609375 0.78223828125 0.74652587890625 0.78635888671875 0.74103173828125 0.78910595703125 0.73553759765625 0.7904794921875
0 0.9037978515625 0.80078125 0.89967724609375 0.79391357421875 0.90242431640625 0.78567236328125 0.90791845703125 0.7794912109375 0.9127255859375 0.77880419921875 0.917533203125 0.78567236328125 0.91341259765625 0.78979296875 0.9127255859375 0.795287109375
0 0.90625 0.765380859375 0.90869140625 0.759033203125 0.9052734375 0.744873046875 0.896728515625 0.74072265625 0.887939453125 0.74267578125 0.880859375 0.753173828125 0.88134765625 0.757080078125 0.885986328125 0.7607421875 0.901611328125 0.765625
0 0.888001953125 0.73279052734375 0.88594140625 0.726609375 0.888001953125 0.72042822265625 0.891435546875 0.71562109375 0.8941826171875 0.71424755859375 0.90242431640625 0.71974169921875 0.90105078125 0.726609375 0.89761669921875 0.73004345703125 0.89280908203125 0.7341640625
0 0.78223828125 0.70463232421875 0.7794912109375 0.69845166015625 0.78155126953125 0.69364404296875 0.7849853515625 0.69089697265625 0.7904794921875 0.69089697265625 0.7932265625 0.69570458984375 0.7904794921875 0.70051171875
0 0.49853515625 0.698974609375 0.505615234375 0.697265625 0.509765625 0.694091796875 0.51806640625 0.672607421875 0.517578125 0.660400390625 0.510986328125 0.65234375 0.506591796875 0.65087890625 0.498291015625 0.65283203125 0.486328125 0.661376953125 0.478515625 0.673583984375 0.47607421875 0.682373046875 0.480224609375 0.6904296875 0.492431640625 0.6982421875
0 0.6083984375 0.656494140625 0.61376953125 0.652587890625 0.6142578125 0.642822265625 0.611083984375 0.63671875 0.603759765625 0.63671875 0.6005859375 0.639404296875 0.60009765625 0.647705078125
0 0.81005859375 0.612548828125 0.814453125 0.608642578125 0.82080078125 0.593505859375 0.8203125 0.591064453125 0.815673828125 0.587890625 0.802978515625 0.59326171875 0.79833984375 0.599365234375 0.80078125 0.609619140625 0.806396484375 0.61279296875
0 0.82177734375 0.590576171875 0.82861328125 0.586669921875 0.83154296875 0.577880859375 0.8310546875 0.570068359375 0.823974609375 0.56201171875 0.815185546875 0.56396484375 0.810546875 0.568115234375 0.8095703125 0.571533203125 0.81201171875 0.586181640625 0.818115234375 0.5908203125
0 0.4422841796875 0.72042822265625 0.44091064453125 0.71493408203125 0.43953662109375 0.71150048828125 0.43953662109375 0.70394580078125 0.43953662109375 0.6998251953125 0.44640478515625 0.69845166015625 0.450525390625 0.69845166015625 0.4567060546875 0.70051171875 0.45739306640625 0.706005859375 0.4567060546875 0.70806640625 0.453958984375 0.71562109375 0.44983837890625 0.721115234375
0 0.44775390625 0.689208984375 0.454345703125 0.6875 0.45947265625 0.679443359375 0.45849609375 0.674072265625 0.452392578125 0.669921875 0.445068359375 0.67236328125 0.44091796875 0.677978515625 0.4423828125 0.686767578125
0 0.4716796875 0.660888671875 0.4775390625 0.656005859375 0.47802734375 0.650146484375 0.474365234375 0.64599609375 0.469482421875 0.64501953125 0.46435546875 0.647705078125 0.4619140625 0.655029296875 0.465576171875 0.66064453125
0 0.587890625 0.615966796875 0.59375 0.611572265625 0.59423828125 0.599853515625 0.5888671875 0.587158203125 0.579833984375 0.58349609375 0.578125 0.586669921875 0.57861328125 0.612060546875 0.582763671875 0.6162109375
0 0.533203125 0.575927734375 0.54833984375 0.564697265625 0.54833984375 0.558837890625 0.545166015625 0.55419921875 0.533447265625 0.55419921875 0.52587890625 0.561767578125 0.52392578125 0.568115234375 0.52490234375 0.572998046875 0.528564453125 0.576171875
0 0.56591796875 0.531982421875 0.572509765625 0.52978515625 0.578125 0.521728515625 0.57470703125 0.512939453125 0.568115234375 0.50927734375 0.556884765625 0.51123046875 0.54931640625 0.519775390625 0.54931640625 0.526611328125 0.552001953125 0.5302734375 0.556884765625 0.5322265625
0 0.453125 0.625244140625 0.465087890625 0.62158203125 0.47607421875 0.609619140625 0.4794921875 0.599853515625 0.478515625 0.590087890625 0.475341796875 0.5849609375 0.460693359375 0.5830078125 0.448486328125 0.58642578125 0.44140625 0.592041015625 0.435546875 0.600341796875 0.43310546875 0.607177734375 0.4345703125 0.617919921875 0.440185546875 0.62353515625
0 0.3818359375 0.702392578125 0.388671875 0.698974609375 0.390625 0.689697265625 0.384521484375 0.68310546875 0.375732421875 0.6826171875 0.37109375 0.686279296875 0.3701171875 0.694580078125 0.374755859375 0.70166015625
0 0.357421875 0.673095703125 0.365234375 0.669189453125 0.36669921875 0.662353515625 0.363037109375 0.65625 0.356689453125 0.6533203125 0.3486328125 0.659423828125 0.34716796875 0.664794921875 0.349853515625 0.67138671875
0 0.310546875 0.627685546875 0.313720703125 0.62646484375 0.3173828125 0.621337890625 0.31884765625 0.609130859375 0.314208984375 0.60107421875 0.305908203125 0.59912109375 0.29443359375 0.605712890625 0.29248046875 0.614501953125 0.2939453125 0.621826171875 0.298095703125 0.626953125
0 0.166015625 0.560791015625 0.171142578125 0.55908203125 0.177734375 0.553466796875 0.18505859375 0.538818359375 0.1845703125 0.531494140625 0.17919921875 0.519775390625 0.173583984375 0.51611328125 0.165283203125 0.517578125 0.16064453125 0.522216796875 0.15380859375 0.532470703125 0.15087890625 0.541259765625 0.15087890625 0.547607421875 0.15478515625 0.556884765625 0.159423828125 0.560546875
0 0.0595703125 0.555908203125 0.071044921875 0.5537109375 0.076171875 0.550048828125 0.080078125 0.543212890625 0.08154296875 0.532958984375 0.080078125 0.527099609375 0.075927734375 0.5234375 0.058349609375 0.51806640625 0.0439453125 0.525634765625 0.04150390625 0.542724609375 0.04248046875 0.548583984375 0.046142578125 0.552734375
0 0.0205078125 0.593017578125 0.0302734375 0.587158203125 0.03125 0.581298828125 0.027099609375 0.576171875 0.017333984375 0.57373046875 0.01220703125 0.578857421875 0.01220703125 0.585205078125 0.015869140625 0.59228515625
0 0.1064453125 0.505615234375 0.110595703125 0.5048828125 0.1162109375 0.497802734375 0.11669921875 0.491455078125 0.114013671875 0.48779296875 0.108154296875 0.48779296875 0.10205078125 0.496337890625 0.1015625 0.502197265625
0 0.197265625 0.475830078125 0.20361328125 0.471435546875 0.2060546875 0.464599609375 0.205078125 0.451416015625 0.200927734375 0.4462890625 0.195556640625 0.447265625 0.19140625 0.453857421875 0.19140625 0.473388671875 0.193115234375 0.47607421875
0 0.917533203125 0.657931640625 0.9147861328125 0.65312451171875 0.9147861328125 0.64625634765625 0.91684619140625 0.639388671875 0.91959375 0.6366416015625 0.92646142578125 0.6366416015625 0.92920849609375 0.6448828125 0.92714794921875 0.6524375
0 0.578125 0.477783203125 0.58349609375 0.474853515625 0.58349609375 0.469482421875 0.578857421875 0.4638671875 0.572998046875 0.46240234375 0.56494140625 0.467041015625 0.571533203125 0.47607421875
0 0.66357421875 0.482666015625 0.66650390625 0.478759765625 0.66650390625 0.471923828125 0.662841796875 0.46728515625 0.656982421875 0.46630859375 0.65283203125 0.469970703125 0.65185546875 0.476318359375 0.655029296875 0.4814453125
0 0.67236328125 0.454833984375 0.6767578125 0.451416015625 0.6748046875 0.440185546875 0.671142578125 0.4375 0.662841796875 0.43896484375 0.658203125 0.443115234375 0.65966796875 0.452880859375
0 0.806275390625 0.44640478515625 0.8055888671875 0.43953662109375 0.80764892578125 0.435416015625 0.80764892578125 0.431982421875 0.80764892578125 0.42580126953125 0.80970947265625 0.42305419921875 0.81795068359375 0.424427734375 0.81932421875 0.42786181640625 0.82069775390625 0.43129541015625 0.82069775390625 0.4347294921875 0.8200107421875 0.4402236328125 0.8165771484375 0.44365771484375 0.81314306640625 0.44640478515625
0 0.8798828125 0.508544921875 0.888916015625 0.50634765625 0.89501953125 0.501220703125 0.8994140625 0.491455078125 0.8994140625 0.487548828125 0.896728515625 0.4833984375 0.887939453125 0.482421875 0.87451171875 0.491943359375 0.8720703125 0.497802734375 0.8720703125 0.504638671875 0.874755859375 0.5078125
0 0.8110830078125 0.68608935546875 0.80284130859375 0.684029296875 0.80078125 0.68059521484375 0.8014677734375 0.67510107421875 0.8055888671875 0.67166748046875 0.80696240234375 0.67166748046875 0.8145166015625 0.673041015625 0.8145166015625 0.6792216796875 0.81314306640625 0.6847158203125
0 0.84198779296875 0.63801513671875 0.83718017578125 0.63458154296875 0.8351201171875 0.62977392578125 0.83443310546875 0.62633984375 0.83374658203125 0.62290625 0.83374658203125 0.6146650390625 0.835806640625 0.6105439453125 0.83924072265625 0.60917041015625 0.84885546875 0.6153515625 0.85022900390625 0.61947216796875 0.850916015625 0.62427978515625 0.850916015625 0.63046044921875 0.84954248046875 0.6332080078125 0.845421875 0.63732861328125
0 0.86602490234375 0.548734375 0.861904296875 0.5439267578125 0.86327783203125 0.5404931640625 0.86602490234375 0.53980615234375 0.8701455078125 0.5404931640625 0.8722060546875 0.5439267578125 0.87151904296875 0.5494208984375
0 0.861904296875 0.52881787109375 0.86327783203125 0.52401025390625 0.86808544921875 0.52332373046875 0.869458984375 0.52401025390625 0.872892578125 0.53156494140625 0.872892578125 0.535685546875 0.87151904296875 0.53705908203125 0.8667119140625 0.53705908203125 0.8646513671875 0.5329384765625 0.861904296875 0.52950439453125
0 0.7275390625 0.607666015625 0.733642578125 0.60546875 0.7373046875 0.600830078125 0.73681640625 0.596435546875 0.733154296875 0.59326171875 0.727294921875 0.59326171875 0.72119140625 0.598876953125 0.7216796875 0.604736328125
0 0.70654296875 0.606201171875 0.71044921875 0.604248046875 0.70849609375 0.594970703125 0.695556640625 0.5859375 0.690185546875 0.587890625 0.6904296875 0.595458984375 0.6953125 0.601806640625 0.701904296875 0.6064453125
0 0.95324560546875 0.50272021484375 0.94569091796875 0.49722607421875 0.9443173828125 0.48967138671875 0.943630859375 0.48349072265625 0.95049853515625 0.47799609375 0.95255859375 0.47799609375 0.95873974609375 0.4821171875 0.96354736328125 0.48555078125 0.96423388671875 0.487611328125 0.962173828125 0.49447900390625 0.9594267578125 0.5034072265625
0 0.56298828125 0.498779296875 0.568359375 0.494873046875 0.568359375 0.489501953125 0.562255859375 0.4853515625 0.553466796875 0.48681640625 0.55078125 0.489990234375 0.55224609375 0.496826171875 0.556396484375 0.4990234375
0 0.38671875 0.535888671875 0.392578125 0.531005859375 0.39404296875 0.526611328125 0.392578125 0.519287109375 0.389404296875 0.517578125 0.384521484375 0.51904296875 0.37939453125 0.525634765625 0.3818359375 0.533935546875 0.384033203125 0.5361328125
0 0.4228515625 0.487060546875 0.42919921875 0.481689453125 0.43115234375 0.473876953125 0.427734375 0.465576171875 0.419677734375 0.4609375 0.411865234375 0.46435546875 0.4052734375 0.470947265625 0.40380859375 0.475341796875 0.410400390625 0.484375
0 0.42822265625 0.450927734375 0.43798828125 0.446044921875 0.43896484375 0.439697265625 0.436279296875 0.43603515625 0.430419921875 0.43505859375 0.42138671875 0.439697265625 0.42041015625 0.448486328125 0.423583984375 0.451171875
0 0.37744140625 0.489501953125 0.38037109375 0.487060546875 0.37841796875 0.477783203125 0.372802734375 0.4716796875 0.367431640625 0.47021484375 0.36279296875 0.477783203125 0.36376953125 0.483154296875 0.372314453125 0.4892578125
0 0.3271484375 0.461181640625 0.341552734375 0.45751953125 0.34765625 0.451904296875 0.35205078125 0.444091796875 0.3525390625 0.432861328125 0.345458984375 0.421875 0.341552734375 0.421875 0.325439453125 0.4296875 0.31591796875 0.440185546875 0.314453125 0.446044921875 0.31591796875 0.455322265625 0.320068359375 0.45947265625
0 0.296875 0.434814453125 0.306396484375 0.4296875 0.31201171875 0.421142578125 0.31201171875 0.412841796875 0.306884765625 0.40625 0.292236328125 0.40771484375 0.28271484375 0.419677734375 0.2822265625 0.427001953125 0.28466796875 0.430908203125 0.290771484375 0.4345703125
0 0.77125 0.3770400390625 0.765755859375 0.36948583984375 0.76987646484375 0.3660517578125 0.77262353515625 0.36467822265625 0.776744140625 0.36673876953125 0.77880419921875 0.368798828125 0.7794912109375 0.37223291015625 0.776744140625 0.376353515625 0.77331005859375 0.3770400390625
0 0.5810546875 0.424560546875 0.587158203125 0.42138671875 0.591796875 0.414306640625 0.5927734375 0.407958984375 0.589111328125 0.40380859375 0.582763671875 0.404296875 0.5751953125 0.411865234375 0.5751953125 0.420654296875 0.577392578125 0.423828125
0 0.55419921875 0.427490234375 0.560302734375 0.42578125 0.5654296875 0.421142578125 0.5673828125 0.411376953125 0.565185546875 0.408203125 0.561767578125 0.40673828125 0.556396484375 0.40771484375 0.546875 0.415771484375 0.54541015625 0.424072265625 0.549072265625 0.42724609375
0 0.466796875 0.441162109375 0.478515625 0.427490234375 0.478515625 0.420166015625 0.473388671875 0.41650390625 0.462646484375 0.419921875 0.4580078125 0.427001953125 0.458984375 0.438720703125 0.462158203125 0.44140625
0 0.4931640625 0.408935546875 0.499755859375 0.40576171875 0.50439453125 0.397705078125 0.50390625 0.388916015625 0.498779296875 0.38427734375 0.484130859375 0.38671875 0.48046875 0.389404296875 0.4775390625 0.395751953125 0.4775390625 0.404052734375 0.480224609375 0.4072265625 0.485595703125 0.4091796875
0 0.45947265625 0.400634765625 0.466552734375 0.39892578125 0.470703125 0.395751953125 0.47119140625 0.388427734375 0.465576171875 0.38232421875 0.455322265625 0.38134765625 0.45068359375 0.385498046875 0.44970703125 0.393310546875 0.452880859375 0.3984375
0 0.52734375 0.314697265625 0.536865234375 0.30859375 0.54150390625 0.301513671875 0.541015625 0.293212890625 0.53857421875 0.288818359375 0.534423828125 0.28662109375 0.523681640625 0.28759765625 0.51904296875 0.291259765625 0.51513671875 0.299072265625 0.51708984375 0.309326171875 0.521728515625 0.3134765625
0 0.49462890625 0.329833984375 0.499755859375 0.328125 0.50439453125 0.322998046875 0.5078125 0.318115234375 0.506591796875 0.3134765625 0.502197265625 0.31201171875 0.493896484375 0.31298828125 0.48583984375 0.319091796875 0.48486328125 0.325927734375 0.487548828125 0.32861328125
0 0.48681640625 0.291748046875 0.49267578125 0.288818359375 0.494140625 0.282470703125 0.488525390625 0.27734375 0.482666015625 0.27685546875 0.47802734375 0.281005859375 0.47607421875 0.286865234375 0.479736328125 0.29150390625
0 0.52294921875 0.261962890625 0.529541015625 0.25927734375 0.533203125 0.253662109375 0.53271484375 0.247314453125 0.526611328125 0.23974609375 0.521240234375 0.23974609375 0.51806640625 0.242431640625 0.51513671875 0.252197265625 0.517578125 0.261474609375
0 0.59268798828125 0.24792626953125 0.5920009765625 0.2417451171875 0.59680859375 0.2383115234375 0.60092919921875 0.24105859375 0.60642333984375 0.24311865234375 0.607796875 0.2438056640625 0.607796875 0.2513603515625 0.60642333984375 0.25342041015625 0.6016162109375 0.2568544921875 0.598869140625 0.25616748046875
0 0.75732421875 0.230712890625 0.7646484375 0.224365234375 0.76708984375 0.219482421875 0.7666015625 0.209716796875 0.762451171875 0.2060546875 0.75244140625 0.208251953125 0.75244140625 0.220947265625
0 0.72592236328125 0.24311865234375 0.72248876953125 0.23968505859375 0.72042822265625 0.2307568359375 0.72248876953125 0.2252626953125 0.724548828125 0.2232021484375 0.72798291015625 0.22182861328125 0.73004345703125 0.222515625 0.732103515625 0.2300703125 0.732103515625 0.23144384765625 0.732103515625 0.23693798828125 0.726609375 0.24311865234375
0 0.8831943359375 0.23213037109375 0.86877197265625 0.228009765625 0.869458984375 0.222515625 0.874953125 0.220455078125 0.88113427734375 0.21839501953125 0.88662841796875 0.2177080078125 0.89280908203125 0.21839501953125 0.898990234375 0.22457568359375 0.89555615234375 0.2300703125 0.89280908203125 0.23213037109375
0 0.44091796875 0.302001953125 0.44775390625 0.298095703125 0.44873046875 0.293701171875 0.43994140625 0.280029296875 0.435302734375 0.27783203125 0.4267578125 0.284912109375 0.427734375 0.298583984375 0.430908203125 0.30224609375
0 0.46728515625 0.247802734375 0.472412109375 0.24609375 0.4833984375 0.233154296875 0.4833984375 0.227783203125 0.478759765625 0.22314453125 0.474853515625 0.22314453125 0.468505859375 0.22705078125 0.4609375 0.236083984375 0.46142578125 0.244384765625
0 0.51513671875 0.162841796875 0.519775390625 0.1611328125 0.52392578125 0.155517578125 0.5234375 0.150634765625 0.518798828125 0.14697265625 0.511474609375 0.1494140625 0.5078125 0.154541015625 0.50830078125 0.159423828125
0 0.37497998046875 0.1991650390625 0.370859375 0.1936708984375 0.368798828125 0.1854296875 0.3770400390625 0.179935546875 0.383908203125 0.18474267578125 0.3845947265625 0.1861162109375 0.3845947265625 0.19229736328125 0.38116064453125 0.198478515625
0 0.2101533203125 0.283638671875 0.20740625 0.27814453125 0.20740625 0.27127685546875 0.21084033203125 0.26646923828125 0.2177080078125 0.265095703125 0.220455078125 0.27127685546875 0.220455078125 0.2753974609375 0.21633447265625 0.281578125 0.2149609375 0.28295166015625
0 0.34033203125 0.304931640625 0.34521484375 0.301025390625 0.345703125 0.293212890625 0.341552734375 0.287109375 0.337158203125 0.287109375 0.33056640625 0.292724609375 0.330078125 0.299560546875 0.332763671875 0.3037109375
0 0.349609375 0.283447265625 0.356689453125 0.2802734375 0.361328125 0.275634765625 0.3623046875 0.270751953125 0.357666015625 0.263671875 0.343505859375 0.2607421875 0.33837890625 0.264892578125 0.33740234375 0.275634765625 0.344482421875 0.283203125
0 0.1142578125 0.314208984375 0.124755859375 0.31005859375 0.138671875 0.297607421875 0.14208984375 0.284912109375 0.137451171875 0.27734375 0.127685546875 0.27490234375 0.121826171875 0.27587890625 0.107421875 0.288818359375 0.10107421875 0.301025390625 0.10107421875 0.305908203125 0.106201171875 0.3125
0 0.0537109375 0.369873046875 0.063232421875 0.365234375 0.0673828125 0.359130859375 0.06689453125 0.350830078125 0.062255859375 0.345703125 0.050048828125 0.34521484375 0.04248046875 0.352294921875 0.041015625 0.357177734375 0.04248046875 0.365478515625 0.047119140625 0.369140625
0 0.1064453125 0.203369140625 0.11328125 0.199951171875 0.11376953125 0.194091796875 0.102783203125 0.18798828125 0.098388671875 0.1884765625 0.095703125 0.192138671875 0.095703125 0.197509765625 0.100830078125 0.20263671875
0 0.06787109375 0.109130859375 0.0703125 0.106689453125 0.06982421875 0.098388671875 0.066650390625 0.09375 0.063232421875 0.09375 0.0595703125 0.097900390625 0.05908203125 0.102783203125 0.062744140625 0.1083984375
0 0.28369140625 0.131591796875 0.290283203125 0.1298828125 0.29833984375 0.119384765625 0.2978515625 0.111572265625 0.293701171875 0.10693359375 0.279052734375 0.10791015625 0.2744140625 0.114013671875 0.2724609375 0.121337890625 0.27392578125 0.129638671875 0.278076171875 0.1318359375
0 0.306640625 0.065673828125 0.32275390625 0.058837890625 0.32080078125 0.045654296875 0.31884765625 0.041748046875 0.314208984375 0.03857421875 0.302978515625 0.041015625 0.29541015625 0.051513671875 0.29541015625 0.059326171875 0.29736328125 0.062744140625
0 0.48417724609375 0.02197705078125 0.4848642578125 0.01442236328125 0.48898486328125 0.0082412109375 0.4937919921875 0.00892822265625 0.49516552734375 0.01442236328125 0.4965390625 0.0212900390625 0.4965390625 0.02609765625 0.49241845703125 0.031591796875 0.48623779296875 0.0267841796875
0 0.47799609375 0.0473876953125 0.47662255859375 0.0398330078125 0.47868310546875 0.0288447265625 0.48143017578125 0.024037109375 0.48898486328125 0.035025390625 0.48623779296875 0.0453271484375 0.4821171875 0.04876123046875
0 0.6256533203125 0.0934013671875 0.62290625 0.08653369140625 0.6256533203125 0.0824130859375 0.63046044921875 0.079666015625 0.63526806640625 0.079666015625 0.6366416015625 0.08584716796875 0.6332080078125 0.09202783203125 0.6311474609375 0.09271484375
0 0.990234375 0.114013671875 0.99951171875 0.108154296875 0.99951171875 0.08154296875 0.9814453125 0.103759765625 0.98193359375 0.110107421875 0.986572265625 0.11376953125
0 0.928521484375 0.17306787109375 0.925087890625 0.16826025390625 0.92302734375 0.16070556640625 0.928521484375 0.15521142578125 0.93058203125 0.153837890625 0.93264208984375 0.153837890625 0.934015625 0.153837890625 0.9388232421875 0.15795849609375 0.94019677734375 0.161392578125 0.94019677734375 0.1675732421875 0.936076171875 0.17169384765625 0.934015625 0.17375439453125
0 0.97934326171875 0.1881767578125 0.97453564453125 0.1806220703125 0.9759091796875 0.17306787109375 0.98002978515625 0.16619970703125 0.984150390625 0.16688671875 0.98827099609375 0.16894677734375 0.9889580078125 0.17444140625 0.9834638671875 0.1826826171875
0 0.67954833984375 0.90982421875 0.6701494140625 0.90888427734375 0.66075048828125 0.9023046875 0.664509765625 0.89478564453125 0.67296923828125 0.8900859375 0.67766845703125 0.8900859375 0.68048828125 0.89854541015625 0.68142822265625 0.90324462890625
0 0.13218408203125 0.66060986328125 0.12450390625 0.658611328125 0.12450390625 0.65158642578125 0.129421875 0.649478515625 0.13363671875 0.6508837890625 0.1371494140625 0.65369384765625
0 0.28900732421875 0.58412939453125 0.28257080078125 0.58555078125 0.276248046875 0.5820380859375 0.27905810546875 0.57712060546875 0.28467822265625 0.57501318359375 0.28608349609375 0.574310546875 0.2888935546875 0.5757158203125
0 0.4373330078125 0.6552021484375 0.42869482421875 0.6550986328125 0.42518212890625 0.65580126953125 0.41956201171875 0.65439599609375 0.41815673828125 0.64666845703125 0.4279921875 0.6396435546875 0.43431494140625 0.6396435546875 0.4378271484375 0.64456103515625
0 0.35544482421875 0.64438671875 0.3500126953125 0.6396435546875 0.35282275390625 0.636130859375 0.35703759765625 0.6375361328125 0.35984765625 0.64104833984375
0 0.400251953125 0.8537421875 0.40129638671875 0.84475244140625 0.40551171875 0.84264501953125 0.40902392578125 0.84334765625 0.4111318359375 0.849669921875 0.4097265625 0.85247998046875
0 0.31218310546875 0.8977763671875 0.3008359375 0.8953330078125 0.29662109375 0.8932255859375 0.29170361328125 0.8862001953125 0.29662109375 0.880580078125 0.3022412109375 0.87917529296875 0.307861328125 0.87847265625 0.31067138671875 0.87847265625 0.31418408203125 0.8819853515625 0.31629150390625 0.88760546875
0 0.28746240234375 0.85683251953125 0.27765283203125 0.8510751953125 0.27554541015625 0.8440498046875 0.28116552734375 0.83913232421875 0.28608349609375 0.841240234375 0.29170361328125 0.8440498046875 0.2931083984375 0.8475625
0 0.06265625 0.6474765625 0.059169921875 0.65788623046875 0.05284716796875 0.66420849609375 0.04371435546875 0.6670185546875 0.03809423828125 0.66210107421875 0.0423095703125 0.65718359375 0.0465244140625 0.655076171875 0.0479296875 0.6515634765625 0.05144189453125 0.64875341796875 0.05495458984375 0.64453857421875
0 0.72316943359375 0.57563134765625 0.71461962890625 0.5700732421875 0.71461962890625 0.55953564453125 0.72164501953125 0.5588330078125 0.72585986328125 0.56164306640625 0.728669921875 0.56585791015625
0 0.97346923828125 0.58335693359375 0.9675263671875 0.57499072265625 0.96822900390625 0.5651552734375 0.97384912109375 0.56375048828125 0.980171875 0.56796533203125 0.982279296875 0.57709814453125
0 0.8270224609375 0.87351025390625 0.83334521484375 0.86999755859375 0.8361552734375 0.86789013671875 0.8361552734375 0.86227001953125 0.83123779296875 0.85805517578125 0.82561767578125 0.8615673828125 0.82351025390625 0.865080078125 0.82351025390625 0.869294921875
0 0.8714951171875 0.46747705078125 0.882521484375 0.46478759765625 0.887439453125 0.45706005859375 0.88673681640625 0.44933251953125 0.88111669921875 0.44933251953125 0.87549658203125 0.4598701171875
0 0.97244384765625 0.02576708984375 0.98157666015625 0.025064453125 0.98719677734375 0.020849609375 0.991412109375 0.01663427734375 0.99351953125 0.00890673828125 0.991412109375 0.00469189453125 0.986494140625 0.0018818359375 0.9808740234375 0.0060966796875 0.9745517578125 0.0131220703125 0.97033642578125 0.01803955078125
0 0.39638916015625 0.1754609375 0.3907587890625 0.17329296875 0.3914609375 0.166970703125 0.39216357421875 0.1599453125 0.39778369140625 0.15573046875 0.40129638671875 0.15573046875 0.4062138671875 0.15924267578125 0.4062138671875 0.169078125
0 0.5879765625 0.08275732421875 0.60010888671875 0.082669921875 0.60502685546875 0.07564501953125 0.60502685546875 0.06721484375 0.59940673828125 0.0637021484375 0.5895712890625 0.0728349609375 0.583951171875 0.0770498046875
0 0.749435546875 0.0982080078125 0.760283203125 0.09742236328125 0.765201171875 0.09531494140625 0.76730859375 0.09391015625 0.7687138671875 0.0882900390625 0.7616884765625 0.0903974609375 0.75325830078125 0.09110009765625
0 0.93484228515625 0.13683447265625 0.93872314453125 0.140275390625 0.94785595703125 0.13816796875 0.950666015625 0.1367626953125 0.95207080078125 0.1346552734375 0.95207080078125 0.12763037109375 0.94434326171875 0.12622509765625 0.9380205078125 0.12973779296875
0 0.5254013671875 0.34310009765625 0.51440185546875 0.34184912109375 0.5101865234375 0.33482421875 0.51088916015625 0.32569140625 0.520724609375 0.327798828125 0.52915478515625 0.33271630859375 0.5305595703125 0.3390390625
0 0.2480634765625 0.28129736328125 0.24603955078125 0.2737060546875 0.2523623046875 0.26387109375 0.2572802734375 0.26316845703125 0.26219775390625 0.2680859375 0.257982421875 0.28002880859375 0.253767578125 0.2828388671875
0 0.24651806640625 0.35391552734375 0.23620458984375 0.3488740234375 0.23409716796875 0.33763427734375 0.24252734375 0.3355263671875 0.24744482421875 0.33622900390625 0.2502548828125 0.336931640625 0.255875 0.3404443359375 0.2523623046875 0.34746923828125
0 0.99896240234375 0.46361474609375 0.98860205078125 0.45771728515625 0.9857919921875 0.44788232421875 0.9878994140625 0.4415595703125 0.99281689453125 0.4394521484375 0.99951171875 0.4394521484375
0 0.75561572265625 0.83751904296875 0.744828125 0.83348974609375 0.744828125 0.82576220703125 0.7483408203125 0.82014208984375 0.75325830078125 0.81733203125 0.7595810546875 0.81592724609375 0.76239111328125 0.82225 0.760283203125 0.82927490234375
0 0.93252490234375 0.4489365234375 0.925375 0.44931005859375 0.9155400390625 0.45071484375 0.9078125 0.448607421875 0.90289453125 0.44158203125 0.91132470703125 0.435259765625 0.92045751953125 0.4338544921875 0.928185546875 0.435259765625 0.932400390625 0.44228466796875
0 0.913984375 0.42267041015625 0.92607763671875 0.421912109375 0.92959033203125 0.41137451171875 0.923267578125 0.40645703125 0.91694482421875 0.40575439453125 0.9155400390625 0.4141845703125
0 0.2487470703125 0.93443408203125 0.2427431640625 0.93123095703125 0.23818798828125 0.92335888671875 0.2435712890625 0.915072265625 0.25185400390625 0.915072265625 0.2584794921875 0.920873046875 0.2576513671875 0.92791650390625
0 0.15307666015625 0.94741796875 0.1499814453125 0.9560908203125 0.14335595703125 0.95857666015625 0.1346591796875 0.95691943359375 0.1346591796875 0.9498759765625 0.13880029296875 0.9411748046875 0.14666845703125 0.9407607421875
0 0.258513671875 0.8641279296875 0.2637705078125 0.86640185546875 0.26894921875 0.87158349609375 0.26894921875 0.88108251953125 0.25772900390625 0.8996494140625 0.25082373046875 0.9052626953125 0.24089794921875 0.90439892578125 0.23571923828125 0.8996494140625 0.22967724609375 0.891013671875 0.2322666015625 0.8815146484375 0.23571923828125 0.87417431640625 0.24521337890625 0.86812939453125
0 0.54669189453125 0.766712890625 0.5372626953125 0.76597412109375 0.5340068359375 0.761087890625 0.535634765625 0.756744140625 0.539705078125 0.75104345703125 0.54513134765625 0.74724267578125 0.549201171875 0.74832861328125 0.553 0.75321533203125 0.553 0.762173828125
0 0.20128759765625 0.899396484375 0.20251904296875 0.904984375 0.2034814453125 0.91076171875 0.20059423828125 0.91581640625 0.196263671875 0.916779296875 0.19337646484375 0.91461279296875 0.195060546875 0.9083544921875 0.19770703125 0.902095703125
0 0.07852587890625 0.9763974609375 0.07178564453125 0.972677734375 0.0692998046875 0.96876953125 0.06894482421875 0.96521630859375 0.0692998046875 0.960419921875 0.072318359375 0.96059765625 0.07782275390625 0.96397265625 0.0811962890625 0.9684140625 0.08137353515625 0.97338818359375
0 0.0670986328125 0.970244140625 0.06077685546875 0.97125634765625 0.056515625 0.96894677734375 0.05509521484375 0.9662822265625 0.052431640625 0.9620185546875 0.05402978515625 0.95935400390625 0.060244140625 0.96059765625 0.06503857421875 0.96148583984375 0.06876708984375 0.9627294921875 0.06983251953125 0.9662822265625
0 0.806373046875 0.78385986328125 0.806416015625 0.78842626953125 0.80377197265625 0.8000673828125 0.79689697265625 0.80509375 0.7881708984375 0.805623046875 0.77759375 0.80403564453125 0.77627197265625 0.7990087890625 0.78314697265625 0.78313525390625 0.7894931640625 0.77705029296875 0.7971611328125 0.77969580078125
0 0.9440234375 0.80941015625 0.9377939453125 0.81182666015625 0.930078125 0.8111083984375 0.92756591796875 0.80733837890625 0.92720703125 0.79979736328125 0.9291806640625 0.79405224609375 0.9358203125 0.79423193359375 0.943177734375 0.79907958984375 0.9453310546875 0.80554296875
0 0.99951171875 0.83785986328125 0.9946787109375 0.841091796875 0.98768017578125 0.840552734375 0.98462939453125 0.83660302734375 0.9844501953125 0.8288828125 0.9880390625 0.821701171875 0.99216650390625 0.82008544921875 0.998087890625 0.8193671875 0.99951171875 0.8206240234375
0 0.99951171875 0.96703564453125 0.99324951171875 0.97217333984375 0.985404296875 0.97417138671875 0.97641796875 0.9717451171875 0.97299462890625 0.96432421875 0.9744208984375 0.958044921875 0.9805546875 0.954333984375 0.9882568359375 0.94991015625 0.99795654296875 0.94619970703125 0.99951171875 0.947912109375
0 0.90098876953125 0.9851484375 0.90524169921875 0.9881630859375 0.90600048828125 0.99597314453125 0.90253125 0.99951171875 0.8935322265625 0.99951171875 0.8928818359375 0.996732421875 0.8917978515625 0.9909833984375 0.8927734375 0.98664453125 0.89580908203125 0.98501708984375 0.89971240234375 0.985451171875
0 0.84924462890625 0.8525087890625 0.8496748046875 0.85707177734375 0.84666015625 0.862138671875 0.84304248046875 0.86225927734375 0.8405107421875 0.859484375 0.83990771484375 0.85574462890625 0.84243994140625 0.85260791015625 0.8459365234375 0.85176318359375 0.84774560546875 0.85236669921875
0 0.9452861328125 0.87392529296875 0.941955078125 0.8776015625 0.9381884765625 0.8776015625 0.934080078125 0.87486083984375 0.9347646484375 0.87075 0.939044921875 0.869037109375 0.942982421875 0.87075
0 0.8551650390625 0.86827490234375 0.85601220703125 0.87166455078125 0.854642578125 0.87594677734375 0.85070458984375 0.8761181640625 0.84847900390625 0.87337744140625 0.8493349609375 0.87132177734375 0.8519033203125 0.86909521484375
0 0.92724560546875 0.86728125 0.92047412109375 0.86719921875 0.91978076171875 0.86251611328125 0.92116748046875 0.85904638671875 0.9251552734375 0.8583525390625 0.9303564453125 0.859740234375 0.9303564453125 0.86338330078125
0 0.552158203125 0.85179736328125 0.54763720703125 0.85758837890625 0.54293896484375 0.8586328125 0.5364140625 0.85719677734375 0.5331513671875 0.851712890625 0.5353701171875 0.84740380859375 0.54189501953125 0.84662060546875 0.54933349609375 0.8468818359375
0 0.5409814453125 0.88905517578125 0.537849609375 0.89179736328125 0.532759765625 0.8932333984375 0.5288447265625 0.89049169921875 0.52832275390625 0.88618310546875 0.53014990234375 0.882265625 0.53445654296875 0.88213525390625 0.5395458984375 0.884876953125
0 0.3897421875 0.80176318359375 0.39431103515625 0.802408203125 0.397625 0.80694580078125 0.3950087890625 0.81008740234375 0.3899501953125 0.81130859375 0.3848916015625 0.81008740234375 0.38349609375 0.808341796875 0.38297265625 0.8058984375 0.38593798828125 0.8031064453125
0 0.6614365234375 0.92413623046875 0.66349609375 0.930830078125 0.66333837890625 0.94172900390625 0.66191748046875 0.9497841796875 0.6574970703125 0.95641845703125 0.65355029296875 0.95736572265625 0.64865625 0.9572080078125 0.64581494140625 0.951837890625 0.64581494140625 0.94299267578125 0.64755126953125 0.93556884765625 0.65070849609375 0.9292509765625 0.65591845703125 0.924828125
0 0.8454541015625 0.74427490234375 0.851568359375 0.74488037109375 0.854162109375 0.74851318359375 0.8539892578125 0.75526025390625 0.85053125 0.75906640625 0.84689990234375 0.7592392578125 0.8422314453125 0.7568173828125 0.84275 0.7514541015625
0 0.8613427734375 0.34825634765625 0.857603515625 0.35739794921875 0.85377978515625 0.3612236328125 0.846556640625 0.3601611328125 0.8429453125 0.35357177734375 0.84570703125 0.34889599609375 0.85293017578125 0.3452822265625 0.8582412109375 0.34506982421875
0 0.7621328125 0.29006201171875 0.7573310546875 0.28903662109375 0.7537197265625 0.2869111328125 0.7537197265625 0.28265966796875 0.757755859375 0.2805341796875 0.7628544921875 0.28223486328125 0.76497900390625 0.2866982421875
0 0.91006494140625 0.0652431640625 0.90916943359375 0.0725283203125 0.90371923828125 0.07739208984375 0.8988583984375 0.0782763671875 0.89385009765625 0.0747392578125 0.89208251953125 0.0692861328125 0.89561767578125 0.062359375 0.9016572265625 0.060443359375 0.907548828125 0.062064453125
0 0.80234716796875 0.07120166015625 0.799271484375 0.0766884765625 0.79223974609375 0.0783349609375 0.78520849609375 0.073994140625 0.78386181640625 0.0692041015625 0.7856572265625 0.06710888671875 0.79059423828125 0.0663603515625 0.79687744140625 0.06680908203125
0 0.8284443359375 0.08807568359375 0.825302734375 0.09181787109375 0.81812158203125 0.09391357421875 0.81423193359375 0.09017138671875 0.81572802734375 0.08598046875 0.81737353515625 0.08373486328125 0.820814453125 0.08104052734375 0.82560205078125 0.08313623046875
0 0.44343505859375 0.05679248046875 0.44819921875 0.05949853515625 0.448962890625 0.06835888671875 0.447283203125 0.077982421875 0.4405654296875 0.0843984375 0.4326259765625 0.0871484375 0.42453369140625 0.0854677734375 0.41980078125 0.08088525390625 0.4204111328125 0.07171923828125 0.4272822265625 0.0625537109375 0.43506884765625 0.05797119140625
0 0.520349609375 0.11576513671875 0.5187626953125 0.12240576171875 0.51428955078125 0.12327197265625 0.51010546875 0.120240234375 0.50851806640625 0.11576513671875 0.51039404296875 0.1118671875 0.51428955078125 0.11056787109375 0.51789697265625 0.11201171875
0 0.599810546875 0.162158203125 0.60270263671875 0.16362109375 0.60550439453125 0.1659814453125 0.60801123046875 0.17114501953125 0.60727392578125 0.17468603515625 0.60447216796875 0.1755712890625 0.5975419921875 0.1736533203125 0.5948876953125 0.1701123046875 0.5948876953125 0.16671923828125 0.595625 0.16435888671875
0 0.68106884765625 0.25764599609375 0.68512060546875 0.26351416015625 0.684908203125 0.27625927734375 0.6759912109375 0.2883671875 0.66580029296875 0.2932529296875 0.65667138671875 0.291765625 0.65093896484375 0.28603076171875 0.65051416015625 0.27774609375 0.65497265625 0.2652138671875 0.66304052734375 0.2573544921875 0.6723818359375 0.2554423828125
0 0.63017724609375 0.75921630859375 0.63351806640625 0.7662490234375 0.63351806640625 0.77837890625 0.62745654296875 0.7810322265625 0.61874267578125 0.78292724609375 0.61230224609375 0.783306640625 0.60548291015625 0.778 0.60548291015625 0.77003955078125 0.608892578125 0.763216796875 0.61268115234375 0.75942626953125 0.61760595703125 0.7582890625 0.62442529296875 0.75715185546875
0 0.771052734375 0.60817529296875 0.7637197265625 0.609115234375 0.7590283203125 0.60755078125 0.750583984375 0.60223095703125 0.750271484375 0.597224609375 0.7543369140625 0.591591796875 0.75934130859375 0.59096630859375 0.7662216796875 0.5922177734375 0.7721640625 0.59597265625 0.77247705078125 0.60223095703125
0 0.8169853515625 0.5333408203125 0.81376025390625 0.53841748046875 0.8103203125 0.53904345703125 0.8071923828125 0.5377919921875 0.80625439453125 0.53247216796875 0.808130859375 0.5290302734375 0.81250927734375 0.52746533203125
0 0.91297998046875 0.50908447265625 0.90727392578125 0.507751953125 0.90133154296875 0.50368408203125 0.90008056640625 0.49930322265625 0.90164404296875 0.49648681640625 0.9069609375 0.49492236328125 0.914154296875 0.4983642578125 0.91603076171875 0.5027451171875
0 0.2472138671875 0.98234619140625 0.24750048828125 0.9881044921875 0.246875 0.99185986328125 0.24374755859375 0.99498876953125 0.2409326171875 0.99342431640625 0.239681640625 0.98841748046875 0.2412451171875 0.9837236328125
0 0.09444873046875 0.63501220703125 0.0898017578125 0.6318203125 0.086048828125 0.627751953125 0.0869873046875 0.62305859375 0.08917626953125 0.62055517578125 0.0944931640625 0.6208681640625 0.0966826171875 0.62650048828125
0 0.1501875 0.49824658203125 0.1495380859375 0.5066474609375 0.1448466796875 0.50915087890625 0.1398427734375 0.5072734375 0.138904296875 0.502892578125 0.14109375 0.49945068359375 0.143595703125 0.496947265625
0 0.24153662109375 0.48998876953125 0.2389853515625 0.4970654296875 0.23116650390625 0.49894287109375 0.22835205078125 0.49581396484375 0.2280390625 0.490494140625 0.2339814453125 0.49080712890625
0 0.2518583984375 0.44715283203125 0.2486806640625 0.444265625 0.24649169921875 0.4405107421875 0.2483681640625 0.4376943359375 0.25243408203125 0.43738134765625 0.25524853515625 0.4420751953125
0 0.56561865234375 0.342875 0.5658779296875 0.3525 0.56177294921875 0.3634521484375 0.55766796875 0.36755908203125 0.5494580078125 0.369955078125 0.54090625 0.36892822265625 0.53782763671875 0.3620830078125 0.54056396484375 0.353869140625 0.54501123046875 0.3459970703125 0.55253662109375 0.3415478515625 0.560404296875 0.33915234375
0 0.5594091796875 0.3259404296875 0.553220703125 0.3244052734375 0.54740576171875 0.31961328125 0.54808984375 0.31379541015625 0.550484375 0.31071484375 0.5552734375 0.30797705078125 0.56211474609375 0.31174169921875 0.56211474609375 0.31961328125
0 0.63730810546875 0.35134228515625 0.6343759765625 0.35769677734375 0.62821875 0.3580390625 0.6234296875 0.35495849609375 0.62377197265625 0.34914013671875 0.6292451171875 0.34674462890625 0.6343759765625 0.34742919921875
0 0.84290185546875 0.3151484375 0.84095947265625 0.31099755859375 0.84062744140625 0.30369189453125 0.84361474609375 0.30169921875 0.847265625 0.30037109375 0.84859326171875 0.30502001953125 0.84759716796875 0.31199365234375
0 0.77005908203125 0.0188466796875 0.76386474609375 0.0178154296875 0.7598818359375 0.01316650390625 0.76286865234375 0.007853515625 0.767515625 0.006857421875 0.77315771484375 0.009181640625 0.7744853515625 0.0154912109375
0 0.844544921875 0.05006494140625 0.83555517578125 0.04718505859375 0.83588671875 0.0425361328125 0.83821044921875 0.03689111328125 0.8431884765625 0.03788720703125 0.8465078125 0.0422041015625
0 0.66544970703125 0.2280654296875 0.65932958984375 0.228908203125 0.65601025390625 0.22392724609375 0.6599931640625 0.2219345703125 0.66397607421875 0.2225986328125
0 0.72161376953125 0.17497021484375 0.72034033203125 0.18298974609375 0.7147373046875 0.1931337890625 0.70353173828125 0.20034130859375 0.69365966796875 0.19847265625 0.69365966796875 0.19206591796875 0.69606103515625 0.18512548828125 0.700330078125 0.1771171875 0.7120693359375 0.16857470703125 0.719806640625 0.169642578125
0 0.98930078125 0.22868359375 0.98485009765625 0.22955078125 0.9832490234375 0.225546875 0.98511669921875 0.2226103515625 0.9880517578125 0.22234326171875 0.991787109375 0.22527978515625
0 0.97039697265625 0.44011865234375 0.97052001953125 0.44946630859375 0.9653427734375 0.4537041015625 0.9535771484375 0.4562939453125 0.94957666015625 0.45252685546875 0.94957666015625 0.445228515625 0.95287109375 0.43675244140625 0.95851904296875 0.433220703125 0.966048828125 0.4351044921875
0 0.32233642578125 0.7418525390625 0.31800732421875 0.7362236328125 0.31639306640625 0.7287939453125 0.319298828125 0.72653271484375 0.32478759765625 0.72653271484375 0.3315673828125 0.7287939453125 0.3315673828125 0.73557763671875 0.32801611328125 0.73945361328125
0 0.39304443359375 0.885935546875 0.3871357421875 0.8964931640625 0.382697265625 0.9029072265625 0.37628662109375 0.90685400390625 0.36494482421875 0.90759423828125 0.35902685546875 0.90093359375 0.36149267578125 0.89155908203125 0.36913623046875 0.88588525390625 0.38146435546875 0.88144482421875 0.39108056640625 0.88193798828125
0 0.1689677734375 0.81272265625 0.16435302734375 0.817021484375 0.157767578125 0.82020947265625 0.15521826171875 0.819359375 0.15521826171875 0.81510888671875 0.15925439453125 0.80788232421875 0.1645654296875 0.80639453125 0.169451171875 0.8080947265625
0 0.12886962890625 0.72655859375 0.122642578125 0.73011962890625 0.11369873046875 0.732083984375 0.10846337890625 0.7275009765625 0.10955419921875 0.71942529296875 0.11609814453125 0.715060546875 0.1243876953125 0.71527880859375 0.1307138671875 0.72117138671875
0 0.2422587890625 0.6938017578125 0.2384970703125 0.695265625 0.23326171875 0.69439306640625 0.23173486328125 0.69046435546875 0.23369775390625 0.6863173828125 0.23544287109375 0.68435302734375 0.23871533203125 0.685880859375 0.2419873046875 0.6885
0 0.0554892578125 0.61202392578125 0.052896484375 0.62249658203125 0.04936669921875 0.63234814453125 0.044908203125 0.63309130859375 0.0391494140625 0.62807275390625 0.040263671875 0.61952294921875 0.04379345703125 0.614318359375 0.04676611328125 0.61115869140625 0.0510390625 0.60948583984375
0 0.17166015625 0.43405419921875 0.16673046875 0.4394169921875 0.16310595703125 0.4403232421875 0.15839404296875 0.4394169921875 0.158212890625 0.43397705078125 0.16183740234375 0.43016943359375 0.16673046875 0.43016943359375
0 0.1755478515625 0.4463154296875 0.17506689453125 0.45120263671875 0.17180517578125 0.45301611328125 0.16763671875 0.45247216796875 0.16582470703125 0.4492080078125 0.16654931640625 0.44576318359375 0.16999267578125 0.44358740234375 0.17307373046875 0.44394970703125
0 0.15866748046875 0.4574765625 0.15556103515625 0.45753369140625 0.1530703125 0.4555400390625 0.153900390625 0.45271533203125 0.1567236328125 0.451884765625 0.15871630859375 0.4533798828125
0 0.14626171875 0.45038916015625 0.14443505859375 0.4473984375 0.1436044921875 0.44407568359375 0.14476708984375 0.4437431640625 0.14842041015625 0.44523876953125 0.15207373046875 0.44922607421875 0.15057958984375 0.45038916015625
0 0.24373095703125 0.2950986328125 0.2466875 0.30153173828125 0.2416357421875 0.319341796875 0.2356220703125 0.32872802734375 0.2240751953125 0.3357080078125 0.20723681640625 0.34244677734375 0.1944873046875 0.3426875 0.19232275390625 0.33065380859375 0.19544970703125 0.31693505859375 0.205552734375 0.30369775390625 0.21758056640625 0.2933486328125 0.2269619140625 0.28973876953125 0.236583984375 0.29142333984375
0 0.1733349609375 0.2554765625 0.173529296875 0.26424755859375 0.1685859375 0.27586962890625 0.158947265625 0.2810625 0.1500498046875 0.27611669921875 0.1505439453125 0.26449462890625 0.15449853515625 0.25658203125 0.16413720703125 0.2533671875
0 0.1900087890625 0.30860107421875 0.195859375 0.310134765625 0.20153173828125 0.3166611328125 0.202666015625 0.32914599609375 0.201248046875 0.33879345703125 0.1910380859375 0.3470224609375 0.18224658203125 0.3481572265625 0.1723203125 0.34617138671875 0.16778271484375 0.33964501953125 0.1674990234375 0.33255126953125 0.1689169921875 0.3248896484375 0.17742529296875 0.31439111328125 0.1867841796875 0.31098583984375
0 0.52662841796875 0.467044921875 0.5194794921875 0.47081396484375 0.51248681640625 0.47081396484375 0.50676513671875 0.46858740234375 0.5070830078125 0.464453125 0.5121689453125 0.4615908203125 0.5194794921875 0.4600009765625 0.52647265625 0.46127294921875
0 0.57351513671875 0.0386064453125 0.57064599609375 0.0502060546875 0.55903369140625 0.0564306640625 0.542029296875 0.0556005859375 0.5287578125 0.047716796875 0.520048828125 0.03526806640625 0.52378125 0.02655419921875 0.5341494140625 0.02157470703125 0.54410302734375 0.0195 0.563595703125 0.024064453125
0 0.48499462890625 0.0974853515625 0.489044921875 0.10344775390625 0.489044921875 0.1127919921875 0.4884609375 0.11863232421875 0.48379150390625 0.12242822265625 0.4753271484375 0.125640625 0.46832275390625 0.125640625 0.46131787109375 0.11980029296875 0.45869140625 0.1101640625 0.46423681640625 0.1016953125 0.4732841796875 0.097607421875
0 0.9368896484375 0.29893994140625 0.9275546875 0.304294921875 0.9222939453125 0.30955859375 0.92207470703125 0.3181123046875 0.930404296875 0.32732373046875 0.9437763671875 0.32776220703125 0.95144873046875 0.322279296875 0.9549560546875 0.31657666015625 0.952763671875 0.30714599609375 0.9428994140625 0.29639892578125
0 0.4278798828125 0.60964208984375 0.42972509765625 0.61624462890625 0.4295625 0.6230673828125 0.4276142578125 0.62810302734375 0.42420458984375 0.6326513671875 0.41787255859375 0.6354130859375 0.41024169921875 0.6354130859375 0.40553271484375 0.63411376953125 0.4024482421875 0.6269658203125 0.4019609375 0.619005859375 0.404396484375 0.6146201171875 0.40780615234375 0.61023388671875 0.41527490234375 0.60779736328125 0.42160693359375 0.60698486328125 0.42534130859375 0.6081220703125
0 0.38157568359375 0.2351298828125 0.385646484375 0.2387646484375 0.389111328125 0.242873046875 0.39000927734375 0.24710986328125 0.39026611328125 0.2521171875 0.38808447265625 0.25827978515625 0.383978515625 0.2625166015625 0.38089892578125 0.2653408203125 0.372044921875 0.268037109375 0.36678369140625 0.267009765625 0.3653720703125 0.26161767578125 0.3644736328125 0.251603515625 0.36614208984375 0.2431298828125 0.36870849609375 0.2392783203125 0.37409765625 0.23632568359375 0.378845703125 0.235169921875
0 0.7182099609375 0.120650390625 0.71425634765625 0.118494140625 0.71341015625 0.1142607421875 0.71425634765625 0.10946337890625 0.7175 0.105935546875 0.72173095703125 0.105935546875 0.72483349609375 0.10946337890625 0.7238466796875 0.1159541015625 0.72158984375 0.120751953125
0 0.7184423828125 0.12181396484375 0.71806396484375 0.1249853515625 0.71496142578125 0.12752490234375 0.711435546875 0.1268193359375 0.70988427734375 0.124138671875 0.71073046875 0.12061083984375 0.71326904296875 0.11863525390625 0.7158076171875 0.11891748046875 0.7172177734375 0.119623046875
0 0.71634814453125 0.09109375 0.71623046875 0.09521142578125 0.7145380859375 0.10085595703125 0.7124228515625 0.1033955078125 0.70931982421875 0.1042421875 0.70692236328125 0.1028310546875 0.704806640625 0.099021484375 0.7057939453125 0.0930947265625 0.70678125 0.08886181640625 0.7094609375 0.08716845703125 0.712845703125 0.08745068359375
0 0.74632763671875 0.3400830078125 0.75345263671875 0.34850146484375 0.75537255859375 0.35700830078125 0.7507099609375 0.36908251953125 0.741384765625 0.36880810546875 0.7320595703125 0.36249658203125 0.73123681640625 0.35152001953125 0.733705078125 0.34411083984375 0.73891650390625 0.34109228515625
0 0.2563369140625 0.58756884765625 0.25903564453125 0.59125146484375 0.258373046875 0.59987353515625 0.25704736328125 0.6082744140625 0.250197265625 0.61159033203125 0.2426845703125 0.61092724609375 0.2393701171875 0.6049580078125 0.2393701171875 0.59766259765625 0.24180078125 0.5923564453125 0.2459990234375 0.58815625 0.2510810546875 0.5863876953125
0 0.67868896484375 0.8224541015625 0.6856865234375 0.82637451171875 0.69144580078125 0.83171044921875 0.69379248046875 0.83597900390625 0.69592578125 0.84536962890625 0.6916591796875 0.848998046875 0.68333984375 0.84536962890625 0.676513671875 0.84024755859375 0.67395361328125 0.8338447265625 0.67352685546875 0.8261611328125 0.6741669921875 0.82274609375
0 0.72339501953125 0.8580078125 0.7283505859375 0.86180419921875 0.72728369140625 0.86927392578125 0.72472412109375 0.87567724609375 0.7168310546875 0.8771708984375 0.71341796875 0.8739697265625 0.71320458984375 0.86884716796875 0.71597802734375 0.86137744140625 0.71939111328125 0.85796240234375
0 0.92974267578125 0.9417060546875 0.92231787109375 0.939396484375 0.918509765625 0.934740234375 0.918509765625 0.930083984375 0.92175341796875 0.92683837890625 0.929369140625 0.928390625 0.933458984375 0.93191796875 0.9341640625 0.93742138671875 0.93261279296875 0.940525390625
0 0.7801015625 0.2651318359375 0.7845546875 0.26851806640625 0.7863291015625 0.2752646484375 0.7827802734375 0.28147900390625 0.7751494140625 0.28325439453125 0.768583984375 0.280236328125 0.7666318359375 0.27473193359375 0.768583984375 0.26958349609375 0.77426220703125 0.2660322265625
0 0.67562451171875 0.51350537109375 0.6806484375 0.516787109375 0.68043408203125 0.5238759765625 0.67871630859375 0.529890625 0.6737783203125 0.53010498046875 0.66926953125 0.52752734375 0.6684111328125 0.5230166015625 0.66862548828125 0.51850537109375 0.67012841796875 0.51528369140625
0 0.64869873046875 0.49862548828125 0.6514501953125 0.50239501953125 0.65316748046875 0.50797998046875 0.64908837890625 0.5103427734375 0.64178857421875 0.5101279296875 0.6409296875 0.50626171875 0.6428623046875 0.5004619140625
0 0.54711572265625 0.6389638671875 0.549345703125 0.642962890625 0.547552734375 0.647986328125 0.542890625 0.6492421875 0.538228515625 0.648166015625 0.5376904296875 0.64421875 0.5385869140625 0.640451171875 0.5414560546875 0.638119140625 0.5443251953125 0.638119140625
0 0.8293935546875 0.39255615234375 0.81820751953125 0.383654296875 0.81086328125 0.378689453125 0.8051064453125 0.36359521484375 0.80629736328125 0.35227490234375 0.8154287109375 0.34969287109375 0.8257509765625 0.354658203125 0.82991943359375 0.358431640625 0.8325 0.36895751953125 0.83508056640625 0.38603759765625 0.83309521484375 0.39060546875
0 0.49228271484375 0.13649365234375 0.5007509765625 0.1393876953125 0.505810546875 0.14388720703125 0.506185546875 0.15269873046875 0.5011259765625 0.1581357421875 0.49550439453125 0.1577607421875 0.48857080078125 0.15269873046875 0.48407373046875 0.14932421875 0.48388623046875 0.14332470703125 0.486134765625 0.1377001953125 0.48913330078125 0.1362001953125
0 0.08240087890625 0.56363818359375 0.08562744140625 0.56548291015625 0.086703125 0.57024853515625 0.08424462890625 0.57301611328125 0.078712890625 0.57240087890625 0.076869140625 0.5696337890625 0.07748388671875 0.56609814453125 0.0790205078125 0.5644072265625
0 0.57162890625 0.8732998046875 0.57272802734375 0.88082373046875 0.57286474609375 0.8864228515625 0.57013525390625 0.8897001953125 0.56494873046875 0.88997314453125 0.56221875 0.88737841796875 0.5615361328125 0.88082373046875 0.56317431640625 0.8746787109375 0.56590380859375 0.87112841796875 0.56986181640625 0.87085498046875
0 0.67182373046875 0.88447119140625 0.66834521484375 0.88782275390625 0.66164501953125 0.88795166015625 0.658939453125 0.88588916015625 0.659068359375 0.881248046875 0.66190283203125 0.878541015625 0.6653818359375 0.877767578125 0.66873193359375 0.878154296875 0.6714375 0.881119140625
0 0.7036953125 0.82532763671875 0.70724658203125 0.826587890625 0.70940771484375 0.829986328125 0.710025390625 0.836783203125 0.70909912109375 0.8458974609375 0.70740087890625 0.84914111328125 0.7050849609375 0.85022265625 0.70122509765625 0.848677734375 0.69829150390625 0.84296240234375 0.6987548828125 0.83523876953125 0.70014404296875 0.82844189453125
0 0.32846875 0.27857861328125 0.32131005859375 0.28742041015625 0.31234375 0.28831787109375 0.30732275390625 0.2847294921875 0.3080400390625 0.27898779296875 0.31216455078125 0.27145263671875 0.31951708984375 0.26876123046875 0.32471728515625 0.27181103515625 0.3274072265625 0.27593798828125
0 0.3810517578125 0.10431689453125 0.3755810546875 0.114169921875 0.367009765625 0.114169921875 0.36299755859375 0.1086962890625 0.3633623046875 0.09975537109375 0.36865087890625 0.09628857421875 0.373939453125 0.09537646484375 0.37776953125 0.097201171875 0.38014013671875 0.10012060546875
0 0.3324228515625 0.10019775390625 0.32833935546875 0.1048251953125 0.32266455078125 0.10713134765625 0.317876953125 0.105357421875 0.3166357421875 0.10109912109375 0.31840869140625 0.09630859375 0.3224873046875 0.0941796875 0.32709814453125 0.0941796875 0.33046728515625 0.09506689453125 0.33153125 0.09613134765625
0 0.34997998046875 0.034357421875 0.34713623046875 0.03864697265625 0.33951123046875 0.04095361328125 0.33596435546875 0.03917919921875 0.334900390625 0.03580810546875 0.33649658203125 0.03314697265625 0.3405751953125 0.03243701171875 0.34465380859375 0.03208251953125 0.346958984375 0.032259765625
0 0.30732080078125 0.08663818359375 0.31040966796875 0.090234375 0.3126240234375 0.0944189453125 0.3113935546875 0.098849609375 0.3064736328125 0.10204931640625 0.29835498046875 0.099341796875 0.296140625 0.09269580078125 0.29761669921875 0.08703466796875 0.30081494140625 0.0850654296875
0 0.0711279296875 0.02782373046875 0.06507861328125 0.0296630859375 0.05743505859375 0.0264765625 0.0525517578125 0.02116552734375 0.05127783203125 0.0160673828125 0.0525517578125 0.01096875 0.05892138671875 0.00948193359375 0.06486669921875 0.01203076171875 0.06975 0.0169169921875 0.07208544921875 0.02265283203125
0 0.11564404296875 0.12385107421875 0.1181455078125 0.1280458984375 0.1177353515625 0.13323974609375 0.11459375 0.13665625 0.10885595703125 0.13638330078125 0.1036650390625 0.13214599609375 0.1035283203125 0.12872900390625 0.1061240234375 0.1244921875 0.1106318359375 0.1217587890625 0.1135009765625 0.1216220703125
0 0.63762109375 0.2777158203125 0.6291494140625 0.27663818359375 0.62284716796875 0.27228955078125 0.6226298828125 0.266201171875 0.62719384765625 0.26098291015625 0.6363212890625 0.2638095703125 0.63871142578125 0.269462890625 0.6404501953125 0.27555078125
0 0.8817783203125 0.68103466796875 0.86890576171875 0.70576611328125 0.85448876953125 0.7212236328125 0.83286328125 0.72019287109375 0.81638671875 0.71658642578125 0.81123779296875 0.704220703125 0.814841796875 0.68464111328125 0.8251396484375 0.6707294921875 0.8431611328125 0.661970703125 0.8611826171875 0.661970703125 0.87920361328125 0.6655771484375 0.883837890625 0.67176025390625