0 0.18416845703125 0.999125 0.17864794921875 0.99460888671875 0.177142578125 0.9926015625 0.178146484375 0.9880849609375 0.1816591796875 0.98356884765625 0.185673828125 0.98206298828125 0.19069189453125 0.98206298828125 0.193201171875 0.9840703125 0.19520849609375 0.99109619140625 0.1916953125 0.99761962890625
0 0.14904052734375 0.9745361328125 0.1440224609375 0.97001953125 0.1435205078125 0.9660048828125 0.1440224609375 0.96148876953125 0.14653173828125 0.9584775390625 0.15004443359375 0.95596875 0.15355712890625 0.955466796875 0.1595791015625 0.9579755859375 0.1595791015625 0.96399755859375 0.15706982421875 0.97252880859375
0 0.05720751953125 0.9875830078125 0.0546982421875 0.9815615234375 0.05670556640625 0.977546875 0.06021826171875 0.97654296875 0.06122216796875 0.9815615234375 0.06172412109375 0.98507421875
0 0.0250908203125 0.998623046875 0.02057470703125 0.99410693359375 0.023083984375 0.9875830078125 0.02760009765625 0.98256494140625 0.0336220703125 0.984572265625 0.03512744140625 0.9926015625 0.03111279296875 0.999125
0 0.07276416015625 0.96349560546875 0.0632294921875 0.96048486328125 0.06021826171875 0.95747412109375 0.058712890625 0.95295751953125 0.058712890625 0.94894287109375 0.05921484375 0.9439248046875 0.0622255859375 0.94191748046875 0.06874951171875 0.94191748046875 0.07276416015625 0.94643408203125 0.07677880859375 0.954462890625 0.07627685546875 0.9589794921875
0 0.03914208984375 0.95747412109375 0.03562939453125 0.95345947265625 0.0341240234375 0.95044873046875 0.0336220703125 0.9444267578125 0.0336220703125 0.94141552734375 0.03562939453125 0.93890673828125 0.04165087890625 0.9363974609375 0.0451640625 0.93790283203125 0.04717138671875 0.94543017578125 0.0481748046875 0.94894287109375 0.04666943359375 0.954462890625
0 0.030109375 0.955466796875 0.0250908203125 0.955466796875 0.02258203125 0.955466796875 0.0185673828125 0.95345947265625 0.014552734375 0.95044873046875 0.01204345703125 0.9474375 0.01003662109375 0.9434228515625 0.01003662109375 0.93840478515625 0.01405078125 0.9358955078125 0.01706201171875 0.93489208984375 0.0260947265625 0.93439013671875 0.030109375 0.9358955078125 0.03211669921875 0.93840478515625 0.0331201171875 0.9439248046875 0.0336220703125 0.94894287109375
0 0.1374990234375 0.94944482421875 0.13599365234375 0.94292138671875 0.13950634765625 0.9363974609375 0.1450263671875 0.93439013671875 0.1485390625 0.93539404296875 0.14904052734375 0.93890673828125 0.14552783203125 0.9434228515625 0.14301904296875 0.946935546875
0 0.25392138671875 0.9589794921875 0.25040869140625 0.95747412109375 0.2484013671875 0.95245556640625 0.2484013671875 0.94944482421875 0.2484013671875 0.94593212890625 0.24940478515625 0.93840478515625 0.25291748046875 0.9363974609375 0.25643017578125 0.9374013671875 0.26044482421875 0.9449287109375 0.26044482421875 0.94593212890625 0.25944140625 0.95396142578125 0.25793603515625 0.95697216796875
0 0.273994140625 0.9840703125 0.2709833984375 0.9805576171875 0.2709833984375 0.97604150390625 0.27549951171875 0.9735322265625 0.2785107421875 0.977044921875 0.2785107421875 0.98005615234375
0 0.3000888671875 0.96399755859375 0.29607421875 0.9594814453125 0.29607421875 0.95647021484375 0.296576171875 0.9509501953125 0.29808154296875 0.9474375 0.3005908203125 0.94543017578125 0.304103515625 0.94593212890625 0.30510693359375 0.95345947265625 0.304103515625 0.9584775390625
0 0.31664892578125 0.99951171875 0.3151435546875 0.99310302734375 0.3151435546875 0.99059423828125 0.319158203125 0.98657958984375 0.3216669921875 0.985576171875 0.3301982421875 0.984572265625 0.333208984375 0.98657958984375 0.33471435546875 0.99009228515625 0.3377255859375 0.99812158203125 0.33421240234375 0.99951171875
0 0.34575439453125 0.99159765625 0.34224169921875 0.9890888671875 0.34123828125 0.98657958984375 0.34123828125 0.9840703125 0.34525244140625 0.9810595703125 0.3517763671875 0.9805576171875 0.35378369140625 0.98607763671875 0.3517763671875 0.992099609375
0 0.36833642578125 0.98206298828125 0.36281640625 0.9810595703125 0.3598056640625 0.97905224609375 0.35729638671875 0.97654296875 0.35729638671875 0.97102294921875 0.3593037109375 0.96751025390625 0.36181298828125 0.96751025390625 0.36532568359375 0.96801220703125 0.37134716796875 0.970521484375 0.37235107421875 0.9730302734375 0.37184912109375 0.97905224609375
0 0.38238720703125 0.98256494140625 0.378373046875 0.98256494140625 0.37536181640625 0.97905224609375 0.3743583984375 0.97654296875 0.3743583984375 0.97202685546875 0.37636572265625 0.96751025390625 0.37787109375 0.96500146484375 0.38038037109375 0.96349560546875 0.38439453125 0.96449951171875 0.385900390625 0.9670087890625 0.38690380859375 0.97252880859375 0.38690380859375 0.977546875
0 0.42052587890625 0.99159765625 0.41701318359375 0.99109619140625 0.414001953125 0.98607763671875 0.414001953125 0.98256494140625 0.41350048828125 0.97855029296875 0.41651123046875 0.97503759765625 0.4185185546875 0.9735322265625 0.42303466796875 0.97252880859375 0.4265478515625 0.9730302734375 0.429056640625 0.97553955078125 0.4260458984375 0.98256494140625
0 0.41952197265625 0.970521484375 0.41600927734375 0.969015625 0.41299853515625 0.96349560546875 0.41350048828125 0.9589794921875 0.41651123046875 0.95496484375 0.4190205078125 0.9509501953125 0.42403857421875 0.95044873046875 0.4265478515625 0.9589794921875 0.4255439453125 0.962994140625 0.42353662109375 0.9655029296875
0 0.4411005859375 0.95747412109375 0.4400966796875 0.9509501953125 0.4400966796875 0.9474375 0.4400966796875 0.94241943359375 0.4400966796875 0.93790283203125 0.44310791015625 0.93489208984375 0.44461328125 0.93489208984375 0.4476240234375 0.9368994140625 0.44963134765625 0.94191748046875 0.45113671875 0.94543017578125 0.45063525390625 0.95245556640625 0.44963134765625 0.95647021484375 0.44662060546875 0.9589794921875
0 0.43909326171875 0.93890673828125 0.42805322265625 0.93790283203125 0.4250419921875 0.9368994140625 0.42303466796875 0.93539404296875 0.42203125 0.93188134765625 0.422533203125 0.9288701171875 0.43056201171875 0.925357421875 0.4411005859375 0.9283681640625 0.443609375 0.93188134765625
0 0.15405908203125 0.9138154296875 0.14201513671875 0.9138154296875 0.13599365234375 0.91331396484375 0.132982421875 0.90829541015625 0.13800048828125 0.90428076171875 0.1440224609375 0.90177197265625 0.1510478515625 0.8997646484375 0.15706982421875 0.903779296875 0.1550625 0.90929931640625
0 0.19771728515625 0.9293720703125 0.19370263671875 0.925357421875 0.19821923828125 0.91582275390625 0.2032373046875 0.917830078125 0.20223388671875 0.92435400390625
0 0.30861962890625 0.91180810546875 0.30259814453125 0.90478271484375 0.2990849609375 0.89775732421875 0.296576171875 0.88621533203125 0.3005908203125 0.881197265625 0.30912158203125 0.88270263671875 0.319158203125 0.88621533203125 0.31965966796875 0.8927392578125 0.31664892578125 0.90327734375 0.3151435546875 0.910302734375
0 0.62978515625 0.99951171875 0.62326123046875 0.9961142578125 0.6222578125 0.9890888671875 0.6257705078125 0.98607763671875 0.63179248046875 0.98607763671875 0.63530517578125 0.9880849609375 0.63580712890625 0.99310302734375
0 0.643333984375 0.97202685546875 0.63781396484375 0.978048828125 0.6247666015625 0.9810595703125 0.61723974609375 0.9810595703125 0.61473046875 0.9810595703125 0.61322509765625 0.969015625 0.615232421875 0.96098681640625 0.61673779296875 0.95747412109375 0.62025048828125 0.95496484375 0.6252685546875 0.95245556640625 0.63179248046875 0.95295751953125 0.63530517578125 0.95396142578125 0.6403232421875 0.9594814453125 0.6408251953125 0.96500146484375
0 0.6041923828125 0.97553955078125 0.59716650390625 0.9735322265625 0.59315234375 0.97152490234375 0.59315234375 0.9670087890625 0.59465771484375 0.96399755859375 0.59716650390625 0.962994140625 0.6036904296875 0.96349560546875 0.6107158203125 0.96751025390625 0.60870849609375 0.9730302734375
0 0.58713037109375 0.97905224609375 0.5811083984375 0.984572265625 0.57709375 0.98708154296875 0.5740830078125 0.9875830078125 0.56755908203125 0.9875830078125 0.5660537109375 0.98708154296875 0.56454833984375 0.9840703125 0.56454833984375 0.98206298828125 0.5655517578125 0.97855029296875 0.56755908203125 0.97604150390625 0.56906494140625 0.9745361328125 0.57257763671875 0.97252880859375 0.5811083984375 0.97503759765625
0 0.6187451171875 0.90177197265625 0.614228515625 0.8987607421875 0.6117197265625 0.89575 0.6107158203125 0.8922373046875 0.61222119140625 0.88822265625 0.6177412109375 0.89022998046875 0.6222578125 0.8927392578125 0.62326123046875 0.8992626953125
0 0.69351611328125 0.8852119140625 0.68699267578125 0.8922373046875 0.68046875 0.89123388671875 0.67946533203125 0.88671728515625 0.68247607421875 0.88220068359375 0.68649072265625 0.880193359375 0.6915087890625 0.87969189453125
0 0.67529296875 0.808349609375 0.6826171875 0.802001953125 0.68212890625 0.794677734375 0.675048828125 0.79052734375 0.663818359375 0.791015625 0.66064453125 0.796142578125 0.6630859375 0.803466796875 0.669189453125 0.80810546875
0 0.67193798828125 0.9002666015625 0.666919921875 0.90478271484375 0.6634072265625 0.90327734375 0.6624033203125 0.90177197265625 0.66390869140625 0.89775732421875 0.6699306640625 0.896251953125
0 0.711080078125 0.86363330078125 0.70204736328125 0.86413525390625 0.70104345703125 0.85811328125 0.70455615234375 0.8505859375 0.70606201171875 0.84657177734375 0.71158203125 0.84305908203125 0.7150947265625 0.8475751953125 0.717603515625 0.85359716796875 0.71710205078125 0.86012060546875
0 0.533435546875 0.98356884765625 0.53092626953125 0.97905224609375 0.53042431640625 0.97102294921875 0.533435546875 0.9670087890625 0.53795166015625 0.9670087890625 0.5404609375 0.97202685546875 0.53895556640625 0.97955419921875
0 0.49429345703125 0.99812158203125 0.49479541015625 0.99159765625 0.495798828125 0.9875830078125 0.49730419921875 0.98507421875 0.503326171875 0.98306689453125 0.5068388671875 0.98356884765625 0.5103515625 0.992099609375 0.5078427734375 0.99951171875 0.50131884765625 0.99951171875
0 0.4847587890625 0.999125 0.48124609375 0.9926015625 0.4842568359375 0.99059423828125 0.488271484375 0.99059423828125 0.4917841796875 0.992099609375 0.4932900390625 0.9951103515625 0.4927880859375 0.99951171875 0.4857626953125 0.99951171875
0 0.58361767578125 0.9665068359375 0.5740830078125 0.96349560546875 0.5735810546875 0.95747412109375 0.57960302734375 0.95596875 0.585625 0.95647021484375 0.58763232421875 0.96048486328125
0 0.55049755859375 0.947939453125 0.556017578125 0.9449287109375 0.5590283203125 0.94241943359375 0.55802490234375 0.93790283203125 0.5520029296875 0.940412109375 0.54899169921875 0.94241943359375
0 0.33521630859375 0.9579755859375 0.32618359375 0.95647021484375 0.3251796875 0.94994677734375 0.3286923828125 0.94643408203125 0.33521630859375 0.947939453125 0.3362197265625 0.95295751953125
0 0.45574560546875 0.990267578125 0.45139599609375 0.98398486328125 0.45139599609375 0.97721875 0.4523623046875 0.97528564453125 0.4567119140625 0.972869140625 0.46251171875 0.9733525390625 0.46492822265625 0.981568359375 0.46396142578125 0.98398486328125
0 0.33443896484375 0.93613916015625 0.3267060546875 0.941455078125 0.32139013671875 0.941455078125 0.3180068359375 0.94048876953125 0.31655712890625 0.93903857421875 0.32139013671875 0.932755859375 0.32573974609375 0.93178955078125 0.3315390625 0.93033935546875
0 0.35183740234375 0.96513671875 0.344587890625 0.96175341796875 0.34265478515625 0.9549873046875 0.34313818359375 0.9516044921875 0.34700439453125 0.950154296875 0.35087109375 0.9506376953125 0.35232080078125 0.95402099609375 0.35425390625 0.9559541015625 0.35425390625 0.9598203125
0 0.35280419921875 0.92067333984375 0.34700439453125 0.924056640625 0.3416884765625 0.9250234375 0.33685546875 0.92598974609375 0.33443896484375 0.92260693359375 0.33492236328125 0.918740234375 0.33685546875 0.9148740234375 0.33975537109375 0.91342431640625 0.3416884765625 0.91245751953125 0.3460380859375 0.91245751953125 0.3489375 0.91294091796875 0.35087109375 0.915357421875
0 0.3943671875 0.9598203125 0.39146728515625 0.955470703125 0.390984375 0.95353759765625 0.39146728515625 0.94967138671875 0.39291748046875 0.9472548828125 0.3943671875 0.94435498046875 0.39630029296875 0.94048876953125 0.39968359375 0.9409716796875 0.40113330078125 0.9419384765625 0.40161669921875 0.94822119140625 0.40113330078125 0.95257080078125 0.398716796875 0.955470703125
0 0.47749365234375 0.9680361328125 0.47314404296875 0.97528564453125 0.46782763671875 0.97625244140625 0.46492822265625 0.97190283203125 0.4663779296875 0.964169921875
0 0.50407470703125 0.98108544921875 0.4968251953125 0.978185546875 0.49537548828125 0.9733525390625 0.49537548828125 0.969486328125 0.49537548828125 0.96755322265625 0.49924169921875 0.96513671875 0.502625 0.96320361328125 0.50504150390625 0.96320361328125 0.50842431640625 0.9646533203125 0.5118076171875 0.96755322265625 0.51325732421875 0.969486328125 0.51277392578125 0.97576904296875 0.50890771484375 0.98060205078125 0.5074580078125 0.98108544921875
0 0.11937353515625 0.90327490234375 0.10922412109375 0.90279150390625 0.10584130859375 0.897958984375 0.10632470703125 0.8931259765625 0.10970751953125 0.89022607421875 0.11454052734375 0.89070947265625 0.1174404296875 0.89409228515625 0.11937353515625 0.8969921875
0 0.11695703125 0.93130615234375 0.111640625 0.92840625 0.11019091796875 0.92164013671875 0.112607421875 0.91777392578125 0.115990234375 0.918740234375 0.11889013671875 0.92212353515625 0.1208232421875 0.927439453125
0 0.489576171875 0.96320361328125 0.48570947265625 0.95353759765625 0.4847431640625 0.9472548828125 0.48667626953125 0.9429052734375 0.4890927734375 0.93903857421875 0.49585888671875 0.93468896484375 0.50020849609375 0.93613916015625 0.50504150390625 0.9419384765625 0.50552490234375 0.94532177734375 0.50552490234375 0.94918798828125 0.50069189453125 0.95257080078125 0.49634228515625 0.958853515625
0 0.48570947265625 0.9375888671875 0.47652734375 0.93565576171875 0.47362744140625 0.93420556640625 0.47314404296875 0.929373046875 0.47411083984375 0.92647314453125 0.478943359375 0.924056640625 0.48184326171875 0.92308984375 0.48619287109375 0.92260693359375 0.488609375 0.92308984375 0.489576171875 0.92840625 0.4890927734375 0.93420556640625
0 0.33057275390625 0.91245751953125 0.32477294921875 0.9071416015625 0.32477294921875 0.90279150390625 0.32622314453125 0.897958984375 0.32815625 0.89554248046875 0.33395556640625 0.8974755859375 0.33492236328125 0.9052080078125 0.3354052734375 0.9114912109375
0 0.35232080078125 0.906658203125 0.3460380859375 0.90230859375 0.34265478515625 0.89940869140625 0.341205078125 0.89554248046875 0.34265478515625 0.89022607421875 0.3455546875 0.88829296875 0.35232080078125 0.8887763671875 0.35715380859375 0.89119287109375 0.3590869140625 0.8931259765625 0.36053662109375 0.89940869140625 0.3595703125 0.90327490234375
0 0.40983251953125 0.92067333984375 0.407416015625 0.915357421875 0.40693310546875 0.9105244140625 0.40693310546875 0.90762451171875 0.41079931640625 0.90037548828125 0.416115234375 0.9018251953125 0.418048828125 0.90762451171875 0.41708203125 0.91245751953125
0 0.5195400390625 0.90810791015625 0.51857373046875 0.90327490234375 0.51760693359375 0.89892529296875 0.51760693359375 0.8965087890625 0.51760693359375 0.89409228515625 0.52147314453125 0.89022607421875 0.5238896484375 0.889259765625 0.52727294921875 0.89070947265625 0.5292060546875 0.8974755859375 0.52630615234375 0.90569140625
0 0.46251171875 0.9052080078125 0.4571953125 0.9008583984375 0.45622900390625 0.89457568359375 0.45912841796875 0.88974267578125 0.4629951171875 0.88974267578125 0.4663779296875 0.89457568359375 0.4663779296875 0.89844189453125
0 0.45574560546875 0.88974267578125 0.44704638671875 0.89022607421875 0.439796875 0.88587646484375 0.438830078125 0.88152685546875 0.44124658203125 0.87669384765625 0.449462890625 0.875244140625 0.45477880859375 0.87766064453125 0.4576787109375 0.88249365234375
0 0.46251171875 0.878626953125 0.46009521484375 0.87331103515625 0.45912841796875 0.87089453125 0.461544921875 0.866544921875 0.4673447265625 0.86799462890625 0.46831103515625 0.8747607421875
0 0.4349638671875 0.8844267578125 0.42868115234375 0.8921591796875 0.421431640625 0.8969921875 0.41998193359375 0.897958984375 0.41466552734375 0.8965087890625 0.41369921875 0.893609375 0.4132158203125 0.89070947265625 0.4132158203125 0.88587646484375 0.418048828125 0.87717724609375 0.42046533203125 0.87331103515625 0.4219150390625 0.8704111328125 0.426748046875 0.86799462890625 0.4339970703125 0.869927734375 0.43834716796875 0.87331103515625
0 0.390017578125 0.906658203125 0.38325146484375 0.90279150390625 0.3808349609375 0.89940869140625 0.3808349609375 0.89457568359375 0.3861513671875 0.89022607421875 0.38808447265625 0.89119287109375 0.39243408203125 0.89457568359375 0.3948505859375 0.89892529296875 0.3958173828125 0.9008583984375 0.395333984375 0.906658203125
0 0.53693896484375 0.87331103515625 0.533072265625 0.866544921875 0.533072265625 0.86267822265625 0.5379052734375 0.857845703125 0.5422548828125 0.8563955078125 0.5432216796875 0.857845703125 0.5432216796875 0.865578125 0.541771484375 0.87234423828125
0 0.01933154296875 0.88152685546875 0.0082158203125 0.875244140625 0.00724951171875 0.869927734375 0.0082158203125 0.8650947265625 0.00869921875 0.864611328125 0.01063232421875 0.8617119140625 0.0144990234375 0.8617119140625 0.02029833984375 0.861228515625 0.0231982421875 0.8621953125 0.02513134765625 0.8650947265625 0.02609765625 0.87186083984375 0.02368115234375 0.8791103515625
0 0.0173984375 0.8486630859375 0.00773291015625 0.84527978515625 0.00676611328125 0.8443134765625 0.004349609375 0.8380302734375 0.004349609375 0.8336806640625 0.00724951171875 0.829814453125 0.01063232421875 0.8293310546875 0.0135322265625 0.8302978515625 0.01643212890625 0.83271435546875 0.01643212890625 0.8389970703125
0 0.0797431640625 0.8694443359375 0.07394384765625 0.875244140625 0.06911083984375 0.87621044921875 0.06524462890625 0.8757275390625 0.06137841796875 0.8737939453125 0.061861328125 0.87137744140625 0.063794921875 0.865578125 0.06476123046875 0.86316162109375 0.06572802734375 0.86026171875 0.06862744140625 0.86026171875 0.07297705078125 0.86026171875 0.07442724609375 0.861228515625
0 0.04301318359375 0.8389970703125 0.034796875 0.8389970703125 0.0314140625 0.835130859375 0.0309306640625 0.8302978515625 0.03431396484375 0.82739794921875 0.0352802734375 0.82691455078125 0.0405966796875 0.82739794921875 0.044462890625 0.82836474609375 0.04687939453125 0.83319775390625
0 0.1736298828125 0.8781865234375 0.17112109375 0.874171875 0.17212451171875 0.8696552734375 0.17513525390625 0.86814990234375 0.17965185546875 0.8701572265625 0.18266259765625 0.873669921875 0.17965185546875 0.8776845703125
0 0.074771484375 0.8114443359375 0.0697529296875 0.81545849609375 0.06473486328125 0.81294970703125 0.0637314453125 0.806927734375 0.06523681640625 0.799400390625 0.073265625 0.792375 0.07878564453125 0.792375 0.082298828125 0.79438232421875 0.08079296875 0.8039169921875
0 0.16058251953125 0.865640625 0.1515498046875 0.8631318359375 0.14703369140625 0.86112451171875 0.1445244140625 0.859619140625 0.1435205078125 0.8556044921875 0.1445244140625 0.85008447265625 0.14602978515625 0.8480771484375 0.14954248046875 0.84657177734375 0.1585751953125 0.8470732421875 0.16459716796875 0.84958251953125 0.1661025390625 0.852091796875 0.16509912109375 0.86062255859375
0 0.01957080078125 0.7953857421875 0.01354931640625 0.79438232421875 0.01204345703125 0.792876953125 0.01304736328125 0.78585107421875 0.014552734375 0.77932763671875 0.01756396484375 0.777822265625 0.02007275390625 0.77932763671875 0.02258203125 0.78635302734375 0.02358544921875 0.7888623046875
0 0.37887451171875 0.84908056640625 0.3733544921875 0.851087890625 0.3673330078125 0.85158984375 0.36432177734375 0.84958251953125 0.36482373046875 0.84255712890625 0.37034375 0.83804052734375 0.37536181640625 0.836033203125 0.3808818359375 0.836033203125 0.384896484375 0.84205517578125
0 0.16861181640625 0.85008447265625 0.16560107421875 0.84606982421875 0.16359375 0.84205517578125 0.16509912109375 0.8330224609375 0.1666044921875 0.8325205078125 0.17212451171875 0.83151708984375 0.17513525390625 0.8330224609375 0.17764453125 0.83653515625 0.17764453125 0.8440625 0.17664111328125 0.84657177734375
0 0.2770048828125 0.86814990234375 0.27148486328125 0.86814990234375 0.2694775390625 0.8631318359375 0.26847412109375 0.8591171875 0.2694775390625 0.8556044921875 0.2699794921875 0.851087890625 0.27148486328125 0.84657177734375 0.273994140625 0.84305908203125 0.27650341796875 0.8375390625 0.2820234375 0.83804052734375 0.288044921875 0.84255712890625 0.289048828125 0.8480771484375 0.289048828125 0.85660791015625 0.28603759765625 0.86463720703125 0.28252490234375 0.87116064453125
0 0.243884765625 0.8696552734375 0.2478994140625 0.86764794921875 0.25291748046875 0.86363330078125 0.25693212890625 0.86062255859375 0.26044482421875 0.8556044921875 0.2624521484375 0.852091796875 0.26144873046875 0.84958251953125 0.25743408203125 0.84908056640625 0.252416015625 0.85359716796875 0.24990673828125 0.8551025390625 0.24539013671875 0.86062255859375 0.24539013671875 0.86162646484375 0.244888671875 0.866142578125
0 0.2218046875 0.84958251953125 0.22682275390625 0.8480771484375 0.23184130859375 0.84556787109375 0.2333466796875 0.84155322265625 0.2333466796875 0.83804052734375 0.2333466796875 0.83502978515625 0.22682275390625 0.83452783203125 0.22381201171875 0.83553173828125 0.2192958984375 0.8405498046875 0.21678662109375 0.843560546875 0.2177900390625 0.8485791015625
0 0.23485205078125 0.80642578125 0.229833984375 0.806927734375 0.22431396484375 0.8039169921875 0.22280859375 0.80090576171875 0.22280859375 0.79689111328125 0.22280859375 0.79086962890625 0.22331005859375 0.785349609375 0.22331005859375 0.78334228515625 0.2258193359375 0.7773203125 0.22933203125 0.77531298828125 0.23535400390625 0.7743095703125 0.2398701171875 0.77581494140625 0.24237939453125 0.7803310546875 0.24237939453125 0.78735693359375 0.24237939453125 0.7953857421875 0.2408740234375 0.80441845703125
0 0.2624521484375 0.83151708984375 0.25693212890625 0.836033203125 0.25091015625 0.836033203125 0.2478994140625 0.8330224609375 0.24689599609375 0.83001171875 0.2484013671875 0.8249931640625 0.25091015625 0.81997509765625 0.25291748046875 0.814455078125 0.25743408203125 0.80843310546875 0.26044482421875 0.806927734375 0.26696875 0.8114443359375 0.2634560546875 0.82700048828125
0 0.2704814453125 0.83502978515625 0.26797216796875 0.8330224609375 0.267470703125 0.82649853515625 0.267470703125 0.820978515625 0.267470703125 0.81646240234375 0.26797216796875 0.8099384765625 0.2699794921875 0.8074296875 0.2734921875 0.806927734375 0.27650341796875 0.8114443359375 0.27901220703125 0.8189716796875 0.27901220703125 0.83051318359375 0.2775068359375 0.8330224609375
0 0.2398701171875 0.76076025390625 0.2303359375 0.76828759765625 0.2187939453125 0.7733056640625 0.21678662109375 0.7743095703125 0.21277197265625 0.7738076171875 0.20875732421875 0.77180029296875 0.20524462890625 0.769291015625 0.2032373046875 0.7657783203125 0.2027353515625 0.762767578125 0.20574658203125 0.75624365234375 0.2102626953125 0.75273095703125 0.21728857421875 0.7507236328125 0.22782666015625 0.75022216796875 0.2338486328125 0.75273095703125 0.23836474609375 0.755240234375
0 0.0326181640625 0.74670947265625 0.02760009765625 0.7447021484375 0.0260947265625 0.7406875 0.02760009765625 0.7361708984375 0.03111279296875 0.733662109375 0.0331201171875 0.733662109375 0.037134765625 0.7361708984375 0.03813818359375 0.74219287109375 0.03813818359375 0.7442001953125
0 0.06824755859375 0.76778564453125 0.06423291015625 0.76326953125 0.06523681640625 0.7592548828125 0.0702548828125 0.75724755859375 0.073767578125 0.76076025390625 0.07276416015625 0.76377099609375
0 0.08781884765625 0.73416357421875 0.0858115234375 0.73115283203125 0.0843056640625 0.72713818359375 0.08681494140625 0.7211162109375 0.08982568359375 0.72011279296875 0.09434228515625 0.72362548828125 0.09434228515625 0.72764013671875 0.09384033203125 0.73165478515625
0 0.19370263671875 0.76076025390625 0.1896884765625 0.75624365234375 0.1886845703125 0.75423681640625 0.1881826171875 0.74921826171875 0.1896884765625 0.74620751953125 0.1916953125 0.74620751953125 0.1957099609375 0.747712890625 0.19821923828125 0.7512255859375 0.19721533203125 0.75774951171875
0 0.05821142578125 0.681974609375 0.05269140625 0.68347998046875 0.0486767578125 0.68147265625 0.04917822265625 0.67996728515625 0.0516875 0.67595263671875 0.05269140625 0.67545068359375 0.05921484375 0.67645458984375
0 0.06523681640625 0.66139990234375 0.066240234375 0.65788720703125 0.06925146484375 0.651865234375 0.0712587890625 0.6548759765625 0.0707568359375 0.66491259765625 0.06874951171875 0.66892724609375 0.066240234375 0.66491259765625
0 0.052189453125 0.6553779296875 0.0546982421875 0.65136328125 0.0552001953125 0.65035986328125 0.05670556640625 0.6473486328125 0.05720751953125 0.6438359375 0.05670556640625 0.63781396484375 0.051185546875 0.6408251953125 0.0476728515625 0.64634521484375 0.04717138671875 0.6543740234375 0.04717138671875 0.65688330078125
0 0.0622255859375 0.62978515625 0.05770947265625 0.63078857421875 0.05369482421875 0.63129052734375 0.05018212890625 0.63028662109375 0.04917822265625 0.62677392578125 0.0516875 0.6222578125 0.0562041015625 0.62125390625 0.06072021484375 0.62075244140625 0.0637314453125 0.62075244140625 0.06573828125 0.62727587890625
0 0.00953466796875 0.6624033203125 0.0035126953125 0.6624033203125 0.00150537109375 0.66089794921875 0.00150537109375 0.65788720703125 0.00200732421875 0.65387255859375 0.007025390625 0.65136328125 0.0105380859375 0.65337060546875 0.01254541015625 0.6553779296875
0 0.59817041015625 0.806927734375 0.5921484375 0.80492041015625 0.59114501953125 0.80140771484375 0.59064306640625 0.7963896484375 0.592650390625 0.792375 0.5951591796875 0.792876953125 0.600177734375 0.79488427734375 0.60619970703125 0.7988984375 0.60469384765625 0.80441845703125
0 0.5891376953125 0.78484765625 0.58763232421875 0.7818369140625 0.584119140625 0.77531298828125 0.58311572265625 0.7738076171875 0.5816103515625 0.76728369140625 0.5816103515625 0.76427294921875 0.58361767578125 0.76126220703125 0.5891376953125 0.76126220703125 0.59465771484375 0.76527685546875 0.59465771484375 0.77180029296875 0.59465771484375 0.77932763671875 0.59465771484375 0.78384423828125
0 0.555013671875 0.8029130859375 0.55451171875 0.799400390625 0.55451171875 0.791873046875 0.56003173828125 0.79086962890625 0.562541015625 0.80090576171875 0.56304296875 0.80592431640625 0.56053369140625 0.80943701171875 0.55651904296875 0.8099384765625 0.55401025390625 0.80642578125
0 0.56153759765625 0.8440625 0.5595302734375 0.8405498046875 0.5590283203125 0.83553173828125 0.5595302734375 0.829509765625 0.56404638671875 0.82700048828125 0.56806103515625 0.82700048828125 0.56956640625 0.83201904296875 0.56806103515625 0.83904443359375 0.56505029296875 0.844564453125
0 0.4847587890625 0.79789501953125 0.49078076171875 0.79839697265625 0.49429345703125 0.7953857421875 0.49730419921875 0.792375 0.49780615234375 0.7883603515625 0.4993115234375 0.78484765625 0.4993115234375 0.77982958984375 0.49830810546875 0.7738076171875 0.49630078125 0.7728037109375 0.49027880859375 0.77481103515625 0.4852607421875 0.77982958984375 0.48375537109375 0.78284033203125 0.48375537109375 0.79036767578125
0 0.466693359375 0.7818369140625 0.46167529296875 0.78233837890625 0.4586640625 0.7803310546875 0.4561552734375 0.7773203125 0.4556533203125 0.77481103515625 0.4551513671875 0.76828759765625 0.45715869140625 0.76477490234375 0.46117333984375 0.76326953125 0.46468603515625 0.761763671875 0.4702060546875 0.7657783203125 0.4707080078125 0.77180029296875 0.4697041015625 0.777822265625
0 0.49730419921875 0.74520361328125 0.5003154296875 0.74520361328125 0.50282421875 0.73968359375 0.50282421875 0.73065087890625 0.4998134765625 0.72713818359375 0.495798828125 0.726134765625 0.49078076171875 0.73316015625 0.489275390625 0.741189453125 0.49027880859375 0.7442001953125
0 0.548490234375 0.72061474609375 0.5449775390625 0.71961083984375 0.54196630859375 0.71660009765625 0.540962890625 0.71308740234375 0.54297021484375 0.70857080078125 0.5449775390625 0.70556005859375 0.54899169921875 0.70455615234375 0.5515009765625 0.70606201171875 0.55401025390625 0.71158203125 0.55350830078125 0.71710205078125
0 0.5620390625 0.77581494140625 0.56053369140625 0.77982958984375 0.55702099609375 0.78233837890625 0.5525048828125 0.78284033203125 0.55049755859375 0.77982958984375 0.5509990234375 0.77531298828125 0.55401025390625 0.77230224609375 0.5585263671875 0.76979296875 0.5620390625 0.76979296875
0 0.377369140625 0.8259970703125 0.36833642578125 0.8259970703125 0.3663291015625 0.8259970703125 0.36482373046875 0.82398974609375 0.36482373046875 0.82047705078125 0.3658271484375 0.8179677734375 0.36783447265625 0.813953125 0.3733544921875 0.81696435546875 0.37787109375 0.8189716796875
0 0.42102783203125 0.76076025390625 0.41350048828125 0.76126220703125 0.40998779296875 0.7597568359375 0.40798046875 0.75774951171875 0.4069765625 0.75473828125 0.406474609375 0.7517275390625 0.4069765625 0.74620751953125 0.41701318359375 0.74520361328125 0.4185185546875 0.74520361328125 0.42203125 0.74570556640625 0.42454052734375 0.75022216796875 0.42353662109375 0.75674560546875
0 0.4265478515625 0.75473828125 0.4255439453125 0.747712890625 0.4250419921875 0.7431962890625 0.4250419921875 0.73767626953125 0.42805322265625 0.73165478515625 0.43056201171875 0.73316015625 0.43156591796875 0.73767626953125 0.43156591796875 0.7507236328125
0 0.46016943359375 0.72713818359375 0.45715869140625 0.7301494140625 0.4546494140625 0.7291455078125 0.45314404296875 0.72764013671875 0.45113671875 0.7256328125 0.45113671875 0.7216181640625 0.45414794921875 0.718607421875 0.4546494140625 0.71810546875 0.46117333984375 0.7216181640625
0 0.6543740234375 0.77531298828125 0.650861328125 0.7667822265625 0.650861328125 0.76025830078125 0.65387255859375 0.7597568359375 0.65638134765625 0.76076025390625 0.66039599609375 0.76527685546875 0.66039599609375 0.7662802734375 0.65788720703125 0.77180029296875
0 0.33120166015625 0.7512255859375 0.3251796875 0.74921826171875 0.3226708984375 0.747712890625 0.32317236328125 0.7447021484375 0.32718701171875 0.7431962890625 0.3286923828125 0.7436982421875 0.33170361328125 0.74570556640625
0 0.39744189453125 0.72061474609375 0.38740576171875 0.72764013671875 0.38439453125 0.72713818359375 0.38339111328125 0.72412744140625 0.38389306640625 0.72011279296875 0.38439453125 0.719109375 0.38690380859375 0.7135888671875 0.38690380859375 0.71308740234375 0.39041650390625 0.710076171875 0.3954345703125 0.71258544921875 0.3969404296875 0.71660009765625
0 0.41350048828125 0.72011279296875 0.40948583984375 0.718607421875 0.4104892578125 0.71158203125 0.414001953125 0.70957470703125 0.41651123046875 0.711080078125 0.4175146484375 0.71609814453125
0 0.30560888671875 0.6739453125 0.303099609375 0.6704326171875 0.3000888671875 0.66441064453125 0.2995869140625 0.6624033203125 0.30259814453125 0.658890625 0.3076162109375 0.658890625 0.310626953125 0.66491259765625 0.310125 0.6709345703125
0 0.64584326171875 0.70606201171875 0.643333984375 0.70455615234375 0.64182861328125 0.70154541015625 0.64182861328125 0.6955234375 0.64283251953125 0.69000341796875 0.64684716796875 0.68598876953125 0.64935595703125 0.68247607421875 0.65286865234375 0.68649072265625 0.65286865234375 0.6955234375 0.65286865234375 0.7000400390625
0 0.62025048828125 0.711080078125 0.61322509765625 0.7075673828125 0.61322509765625 0.7040546875 0.6137265625 0.69853466796875 0.61573388671875 0.6930146484375 0.6177412109375 0.6920107421875 0.621755859375 0.69100732421875 0.6252685546875 0.6955234375 0.62677392578125 0.703552734375 0.6257705078125 0.710076171875
0 0.62677392578125 0.6704326171875 0.622759765625 0.666919921875 0.621755859375 0.6629052734375 0.62025048828125 0.658388671875 0.61974853515625 0.65387255859375 0.62075244140625 0.64985791015625 0.62326123046875 0.6473486328125 0.62727587890625 0.6478505859375 0.63078857421875 0.6523671875 0.63179248046875 0.66039599609375
0 0.6473486328125 0.6523671875 0.6413271484375 0.64935595703125 0.6398212890625 0.64684716796875 0.63931982421875 0.64182861328125 0.63931982421875 0.6373125 0.6398212890625 0.6327958984375 0.64182861328125 0.62777783203125 0.64233056640625 0.6257705078125 0.643333984375 0.62326123046875 0.64684716796875 0.62125390625 0.64935595703125 0.621755859375 0.65286865234375 0.62426513671875 0.6558798828125 0.62677392578125 0.65738525390625 0.62827978515625 0.658890625 0.63129052734375 0.65989404296875 0.6337998046875 0.65989404296875 0.6398212890625 0.65788720703125 0.6478505859375 0.65387255859375 0.65136328125
0 0.60067919921875 0.6709345703125 0.599173828125 0.6694287109375 0.59766845703125 0.665916015625 0.59766845703125 0.6624033203125 0.59766845703125 0.65788720703125 0.59867236328125 0.65387255859375 0.60118115234375 0.6523671875 0.6031884765625 0.6553779296875 0.6036904296875 0.65989404296875 0.60469384765625 0.6634072265625 0.60469384765625 0.66742138671875
0 0.60067919921875 0.6036904296875 0.5961630859375 0.6107158203125 0.5921484375 0.61272314453125 0.5891376953125 0.6117197265625 0.5881337890625 0.60820654296875 0.59064306640625 0.6041923828125 0.592650390625 0.60118115234375 0.5966650390625 0.60067919921875
0 0.70556005859375 0.7005419921875 0.70204736328125 0.69853466796875 0.6995380859375 0.696025390625 0.69652734375 0.6920107421875 0.696025390625 0.68598876953125 0.69853466796875 0.68147265625 0.70455615234375 0.68046875 0.70806884765625 0.68147265625 0.710076171875 0.68598876953125 0.710076171875 0.6930146484375 0.70957470703125 0.69502197265625
0 0.67896337890625 0.67996728515625 0.68297802734375 0.67294140625 0.68649072265625 0.66792333984375 0.69452001953125 0.6694287109375 0.7005419921875 0.673443359375 0.70154541015625 0.68147265625 0.7000400390625 0.6915087890625 0.6920107421875 0.6925126953125 0.6844833984375 0.69100732421875 0.67896337890625 0.6839814453125
0 0.6920107421875 0.6558798828125 0.68598876953125 0.65788720703125 0.67946533203125 0.65688330078125 0.67545068359375 0.65638134765625 0.67143603515625 0.65337060546875 0.67193798828125 0.64935595703125 0.6774580078125 0.644337890625 0.680970703125 0.6438359375 0.689 0.64483984375 0.69100732421875 0.64584326171875 0.6930146484375 0.64985791015625
0 0.6779599609375 0.6337998046875 0.673443359375 0.63179248046875 0.67193798828125 0.63028662109375 0.66842529296875 0.62727587890625 0.66441064453125 0.62376318359375 0.6634072265625 0.6187451171875 0.66491259765625 0.61573388671875 0.67143603515625 0.6137265625 0.6769560546875 0.61673779296875 0.68147265625 0.6222578125 0.68247607421875 0.62727587890625 0.68046875 0.63028662109375
0 0.6849853515625 0.6031884765625 0.67946533203125 0.60820654296875 0.67595263671875 0.60870849609375 0.6709345703125 0.60569775390625 0.6694287109375 0.6026865234375 0.666919921875 0.59867236328125 0.66641796875 0.59415576171875 0.66641796875 0.59014111328125 0.6699306640625 0.58662841796875 0.67243994140625 0.585625 0.67645458984375 0.584119140625 0.67996728515625 0.584119140625 0.68347998046875 0.585625 0.68649072265625 0.5886357421875 0.68649072265625 0.59415576171875 0.6854873046875 0.59967578125
0 0.5665556640625 0.56906494140625 0.56304296875 0.577595703125 0.56153759765625 0.5816103515625 0.55752294921875 0.58462109375 0.5520029296875 0.5806064453125 0.55350830078125 0.5740830078125 0.55651904296875 0.56906494140625 0.56053369140625 0.56755908203125
0 0.59114501953125 0.5223955078125 0.585625 0.52741357421875 0.577595703125 0.52641015625 0.5730791015625 0.52440283203125 0.57157373046875 0.5213916015625 0.56906494140625 0.51587158203125 0.56856298828125 0.51135546875 0.5745849609375 0.503828125 0.57809765625 0.503326171875 0.58462109375 0.5078427734375 0.58963916015625 0.5143662109375
0 0.59967578125 0.47923876953125 0.59465771484375 0.4842568359375 0.5891376953125 0.48626416015625 0.58462109375 0.4857626953125 0.5821123046875 0.48325341796875 0.5811083984375 0.47923876953125 0.584119140625 0.47271533203125 0.5881337890625 0.4707080078125 0.591646484375 0.4702060546875 0.59716650390625 0.4702060546875
0 0.24639404296875 0.56103564453125 0.23936865234375 0.5620390625 0.23435009765625 0.5620390625 0.2328447265625 0.55451171875 0.23886669921875 0.54999560546875 0.24438671875 0.5515009765625
0 0.12445166015625 0.53443896484375 0.11742626953125 0.5364462890625 0.1154189453125 0.53193017578125 0.1154189453125 0.52841748046875 0.117927734375 0.525908203125 0.12093896484375 0.524904296875 0.12595703125 0.52691162109375
0 0.1008662109375 0.5063369140625 0.095345703125 0.51637353515625 0.09133154296875 0.5188828125 0.08681494140625 0.5188828125 0.08380419921875 0.51687548828125 0.081294921875 0.51336279296875 0.08079296875 0.5073408203125 0.08631298828125 0.50131884765625 0.095345703125 0.50131884765625
0 0.0712587890625 0.4190205078125 0.06473486328125 0.43156591796875 0.05419677734375 0.43206787109375 0.05068408203125 0.4180166015625 0.0622255859375 0.4104892578125 0.0697529296875 0.415005859375
0 0.28352880859375 0.45113671875 0.28302685546875 0.45766064453125 0.27951416015625 0.46016943359375 0.27600146484375 0.46117333984375 0.27198681640625 0.4561552734375 0.27248876953125 0.45364599609375 0.273994140625 0.4486279296875 0.27901220703125 0.445115234375
0 0.4626787109375 0.46418408203125 0.4561552734375 0.47522412109375 0.451638671875 0.4782353515625 0.44160205078125 0.47923876953125 0.43959521484375 0.4772314453125 0.4370859375 0.47271533203125 0.436583984375 0.46769677734375 0.4400966796875 0.46368212890625 0.44561669921875 0.46016943359375 0.45113671875 0.45715869140625 0.4561552734375 0.4561552734375 0.45966796875 0.459166015625
0 0.43156591796875 0.5404609375 0.42704931640625 0.539958984375 0.42353662109375 0.5359443359375 0.42403857421875 0.53443896484375 0.4265478515625 0.53092626953125 0.42755126953125 0.53092626953125 0.4330712890625 0.532431640625 0.43558056640625 0.53443896484375
0 0.63028662109375 0.5063369140625 0.62326123046875 0.50081689453125 0.62125390625 0.49479541015625 0.61974853515625 0.4887734375 0.62025048828125 0.480744140625 0.62426513671875 0.4782353515625 0.63129052734375 0.4777333984375 0.63580712890625 0.47923876953125 0.63781396484375 0.480744140625 0.63881787109375 0.48776953125 0.63881787109375 0.49479541015625 0.63630859375 0.4998134765625
0 0.6543740234375 0.50483154296875 0.650861328125 0.50081689453125 0.64985791015625 0.49730419921875 0.64985791015625 0.49128271484375 0.65286865234375 0.48776953125 0.65688330078125 0.48726806640625 0.658890625 0.489275390625 0.66089794921875 0.50182080078125
0 0.69753076171875 0.47522412109375 0.69502197265625 0.47873681640625 0.69050537109375 0.47923876953125 0.688498046875 0.4767294921875 0.68649072265625 0.47171142578125 0.68598876953125 0.4702060546875 0.69050537109375 0.46769677734375 0.6930146484375 0.46819873046875
0 0.70204736328125 0.4411005859375 0.696025390625 0.4481259765625 0.6915087890625 0.452140625 0.67896337890625 0.45063525390625 0.67545068359375 0.4476240234375 0.67545068359375 0.44461328125 0.67595263671875 0.437587890625 0.67896337890625 0.43206787109375 0.68147265625 0.4285546875 0.68598876953125 0.42403857421875 0.69351611328125 0.42403857421875 0.69803271484375 0.42805322265625 0.70104345703125 0.43457666015625
0 0.5294208984375 0.49780615234375 0.525908203125 0.49830810546875 0.52038818359375 0.49780615234375 0.5188828125 0.49630078125 0.517376953125 0.495296875 0.51637353515625 0.49078076171875 0.52038818359375 0.48626416015625 0.52641015625 0.48375537109375 0.53092626953125 0.4842568359375 0.5339375 0.48977685546875
0 0.57809765625 0.45264208984375 0.57257763671875 0.4586640625 0.56404638671875 0.45966796875 0.5590283203125 0.4561552734375 0.55802490234375 0.45113671875 0.56003173828125 0.44611865234375 0.56755908203125 0.4405986328125 0.56956640625 0.43959521484375 0.57709375 0.44310791015625
0 0.5078427734375 0.4697041015625 0.50483154296875 0.473216796875 0.50131884765625 0.47371875 0.49830810546875 0.47171142578125 0.496802734375 0.4671953125 0.49780615234375 0.46368212890625 0.50182080078125 0.458162109375 0.5063369140625 0.46167529296875
0 0.504330078125 0.44561669921875 0.4998134765625 0.44611865234375 0.496802734375 0.44561669921875 0.49730419921875 0.43808935546875 0.50282421875 0.43407470703125 0.5073408203125 0.43859130859375
0 0.65035986328125 0.4029619140625 0.6483525390625 0.4104892578125 0.64634521484375 0.414001953125 0.64182861328125 0.41450390625 0.63881787109375 0.41299853515625 0.6373125 0.40898388671875 0.63881787109375 0.4034638671875 0.64233056640625 0.40246044921875
0 0.68046875 0.3673330078125 0.67896337890625 0.37134716796875 0.67595263671875 0.3743583984375 0.67193798828125 0.37586376953125 0.666919921875 0.3738564453125 0.66541455078125 0.37134716796875 0.66641796875 0.36833642578125 0.66842529296875 0.36532568359375 0.673443359375 0.362314453125 0.67494873046875 0.362314453125
0 0.71961083984375 0.31564501953125 0.7140908203125 0.3226708984375 0.703552734375 0.32618359375 0.7000400390625 0.326685546875 0.6930146484375 0.325681640625 0.69652734375 0.3146416015625 0.70556005859375 0.311630859375 0.71258544921875 0.310626953125
0 0.56103564453125 0.38038037109375 0.555515625 0.38690380859375 0.5525048828125 0.3894130859375 0.54648291015625 0.38991455078125 0.54297021484375 0.3879072265625 0.54196630859375 0.38439453125 0.54196630859375 0.37937646484375 0.5449775390625 0.37485986328125 0.55049755859375 0.370845703125 0.55401025390625 0.37285302734375
0 0.5745849609375 0.3522783203125 0.57107177734375 0.3552890625 0.5665556640625 0.35629296875 0.562541015625 0.35378369140625 0.562541015625 0.3517763671875 0.56505029296875 0.34525244140625 0.56856298828125 0.3437470703125 0.5745849609375 0.34274365234375
0 0.3964384765625 0.40798046875 0.39142041015625 0.4039658203125 0.39142041015625 0.400453125 0.39142041015625 0.3969404296875 0.392423828125 0.39091845703125 0.39944921875 0.38991455078125 0.40145654296875 0.39142041015625 0.4034638671875 0.39443115234375 0.40496923828125 0.39744189453125 0.4034638671875 0.4034638671875
0 0.3367216796875 0.30460498046875 0.33471435546875 0.30912158203125 0.326685546875 0.31564501953125 0.31664892578125 0.31664892578125 0.31664892578125 0.30962353515625 0.31965966796875 0.3036015625 0.32718701171875 0.295572265625 0.33170361328125 0.29757958984375
0 0.43558056640625 0.3337109375 0.43156591796875 0.34274365234375 0.4285546875 0.34324560546875 0.42353662109375 0.340234375 0.42303466796875 0.33521630859375 0.42704931640625 0.3291943359375 0.43056201171875 0.32768896484375
0 0.49630078125 0.34274365234375 0.4927880859375 0.34776171875 0.48626416015625 0.34776171875 0.4847587890625 0.34625634765625 0.48726806640625 0.339732421875 0.49078076171875 0.3372236328125
0 0.63530517578125 0.34926708984375 0.636810546875 0.3582998046875 0.63530517578125 0.36482373046875 0.63480322265625 0.36883837890625 0.6322939453125 0.378373046875 0.62777783203125 0.37937646484375 0.6222578125 0.37285302734375 0.62125390625 0.3668310546875 0.62426513671875 0.3598056640625 0.6252685546875 0.35378369140625 0.62878125 0.34575439453125
0 0.12445166015625 0.0637314453125 0.12344775390625 0.08029150390625 0.1154189453125 0.08631298828125 0.110400390625 0.08781884765625 0.10839306640625 0.07627685546875 0.11240771484375 0.06824755859375 0.11943310546875 0.06573828125
0 0.35428564453125 0.16509912109375 0.35277978515625 0.1671064453125 0.347259765625 0.16861181640625 0.34625634765625 0.16911376953125 0.34173974609375 0.16810986328125 0.3437470703125 0.16058251953125 0.3522783203125 0.15757177734375
0 0.3879072265625 0.23936865234375 0.3813837890625 0.236357421875 0.3808818359375 0.228830078125 0.38640185546875 0.22732470703125 0.39041650390625 0.23133935546875 0.39091845703125 0.23435009765625
0 0.4767294921875 0.25944140625 0.46619140625 0.26546337890625 0.46117333984375 0.26546337890625 0.45113671875 0.2634560546875 0.45113671875 0.25442333984375 0.45364599609375 0.2473974609375 0.46016943359375 0.24438671875 0.466693359375 0.24639404296875 0.47120947265625 0.2473974609375 0.474220703125 0.2519140625
0 0.46016943359375 0.21728857421875 0.4551513671875 0.22782666015625 0.4486279296875 0.2328447265625 0.44561669921875 0.2253173828125 0.45013330078125 0.21528125 0.45414794921875 0.21277197265625 0.45665673828125 0.21377587890625
0 0.49379150390625 0.243884765625 0.495296875 0.23435009765625 0.4998134765625 0.2263212890625 0.50483154296875 0.22832861328125 0.503828125 0.23786279296875 0.4998134765625 0.24438671875
0 0.570068359375 0.27549951171875 0.5655517578125 0.2785107421875 0.55802490234375 0.27248876953125 0.5620390625 0.26496142578125 0.5670576171875 0.26496142578125 0.5735810546875 0.26797216796875
0 0.62125390625 0.22732470703125 0.61573388671875 0.23435009765625 0.61322509765625 0.23535400390625 0.607705078125 0.23435009765625 0.6031884765625 0.23083740234375 0.60619970703125 0.22331005859375 0.6137265625 0.2177900390625 0.6177412109375 0.21728857421875 0.6222578125 0.2192958984375
0 0.63129052734375 0.2037392578125 0.6252685546875 0.20825537109375 0.62025048828125 0.20574658203125 0.62075244140625 0.199724609375 0.62376318359375 0.19721533203125 0.62777783203125 0.19721533203125 0.62978515625 0.19771728515625
0 0.6769560546875 0.19370263671875 0.6739453125 0.20624853515625 0.66842529296875 0.20976123046875 0.6634072265625 0.2117685546875 0.659392578125 0.2102626953125 0.658890625 0.20875732421875 0.66039599609375 0.20122998046875 0.6624033203125 0.1957099609375 0.66390869140625 0.19069189453125 0.66892724609375 0.185673828125 0.674447265625 0.185673828125 0.674447265625 0.1891865234375
0 0.68950146484375 0.1068876953125 0.68046875 0.1139130859375 0.67545068359375 0.1154189453125 0.66892724609375 0.1139130859375 0.66491259765625 0.11090234375 0.6634072265625 0.1078916015625 0.6629052734375 0.09835693359375 0.66892724609375 0.0933388671875 0.6774580078125 0.09434228515625 0.681974609375 0.0968515625 0.6849853515625 0.0993603515625
0 0.73466552734375 0.10989892578125 0.7286435546875 0.11341162109375 0.7216181640625 0.1144150390625 0.718607421875 0.1139130859375 0.7150947265625 0.10839306640625 0.71559619140625 0.10488037109375 0.72011279296875 0.10186962890625 0.726134765625 0.1008662109375 0.73316015625 0.10237158203125
0 0.72663623046875 0.05720751953125 0.72462939453125 0.052189453125 0.72462939453125 0.04616748046875 0.7286435546875 0.03964404296875 0.73516748046875 0.03914208984375 0.73767626953125 0.04215283203125 0.7366728515625 0.05068408203125 0.733662109375 0.0552001953125 0.73165478515625 0.0562041015625
0 0.689 0.1435205078125 0.6839814453125 0.140509765625 0.68147265625 0.1369970703125 0.68147265625 0.133484375 0.68699267578125 0.1294697265625 0.69050537109375 0.13197900390625 0.6915087890625 0.1369970703125
0 0.5218935546875 0.06774560546875 0.51687548828125 0.06021826171875 0.5138642578125 0.058712890625 0.5153701171875 0.05319287109375 0.51787890625 0.05068408203125 0.5218935546875 0.05319287109375 0.52540625 0.05670556640625 0.524904296875 0.0622255859375
0 0.51687548828125 0.0476728515625 0.51185693359375 0.04717138671875 0.50884619140625 0.0411494140625 0.51185693359375 0.03462548828125 0.51687548828125 0.0341240234375 0.5213916015625 0.03914208984375 0.5218935546875 0.0451640625
0 0.4185185546875 0.0777822265625 0.41299853515625 0.07677880859375 0.41199462890625 0.07276416015625 0.41450390625 0.06874951171875 0.4180166015625 0.06925146484375 0.42102783203125 0.0707568359375 0.421529296875 0.073265625
0 0.65788720703125 0.1224443359375 0.65035986328125 0.12445166015625 0.6438359375 0.124953125 0.6403232421875 0.12093896484375 0.63931982421875 0.11692431640625 0.6438359375 0.1149169921875 0.64885400390625 0.11341162109375 0.6523671875 0.1139130859375
0 0.86363330078125 0.99951171875 0.8405498046875 0.99951171875 0.843560546875 0.99410693359375 0.85008447265625 0.9926015625 0.8551025390625 0.9926015625 0.86062255859375 0.99460888671875
0 0.97152490234375 0.9624921875 0.962994140625 0.9730302734375 0.95697216796875 0.9810595703125 0.94944482421875 0.98607763671875 0.946935546875 0.98708154296875 0.94141552734375 0.97855029296875 0.940412109375 0.970521484375 0.9474375 0.96148876953125 0.9519541015625 0.95747412109375 0.95747412109375 0.955466796875 0.96349560546875 0.954462890625 0.96801220703125 0.95596875
0 0.99951171875 0.98256494140625 0.99410693359375 0.9885869140625 0.98959033203125 0.985576171875 0.99059423828125 0.97955419921875 0.9951103515625 0.9745361328125 0.99951171875 0.9730302734375
0 0.7728037109375 0.9890888671875 0.7667822265625 0.98657958984375 0.7667822265625 0.98256494140625 0.76828759765625 0.977546875 0.770294921875 0.97654296875 0.77230224609375 0.977546875 0.77581494140625 0.97955419921875 0.77531298828125 0.9840703125
0 0.75022216796875 0.97654296875 0.74269482421875 0.9745361328125 0.740185546875 0.97152490234375 0.73868017578125 0.96500146484375 0.74219287109375 0.95998291015625 0.74821484375 0.96048486328125 0.7522294921875 0.9660048828125 0.75473828125 0.96851416015625 0.75273095703125 0.9730302734375
0 0.7662802734375 0.93439013671875 0.76126220703125 0.93188134765625 0.76025830078125 0.9298740234375 0.7587529296875 0.92485546875 0.76025830078125 0.91833203125 0.7667822265625 0.917328125 0.77180029296875 0.91983740234375 0.77481103515625 0.92335009765625 0.7738076171875 0.93087744140625
0 0.7953857421875 0.9509501953125 0.79137109375 0.946935546875 0.79036767578125 0.93890673828125 0.791873046875 0.93188134765625 0.7958876953125 0.92686279296875 0.800404296875 0.926361328125 0.80090576171875 0.9368994140625 0.800404296875 0.94543017578125
0 0.87266650390625 0.926361328125 0.86664453125 0.93137939453125 0.86112451171875 0.9298740234375 0.86162646484375 0.926361328125 0.86413525390625 0.9213427734375 0.8706591796875 0.918833984375
0 0.947939453125 0.83151708984375 0.94141552734375 0.83653515625 0.9374013671875 0.8395458984375 0.93188134765625 0.83904443359375 0.93137939453125 0.83502978515625 0.93489208984375 0.82750244140625 0.93840478515625 0.82348779296875 0.9449287109375 0.82398974609375
0 0.88571337890625 0.82700048828125 0.87868798828125 0.82649853515625 0.8776845703125 0.82047705078125 0.87868798828125 0.81345166015625 0.88270263671875 0.80642578125 0.88721923828125 0.80492041015625 0.89073193359375 0.80642578125 0.89374267578125 0.8109423828125 0.89374267578125 0.822484375
0 0.9138154296875 0.82047705078125 0.90929931640625 0.814455078125 0.90980078125 0.80843310546875 0.910302734375 0.79739306640625 0.91632470703125 0.79086962890625 0.92335009765625 0.78685498046875 0.9293720703125 0.78735693359375 0.93188134765625 0.79337841796875 0.9283681640625 0.80943701171875 0.92485546875 0.81495703125 0.9213427734375 0.81696435546875
0 0.820978515625 0.9108046875 0.81696435546875 0.92033935546875 0.807931640625 0.9218447265625 0.80241162109375 0.9213427734375 0.79990234375 0.918833984375 0.8034150390625 0.91231005859375 0.806927734375 0.9067900390625 0.81244775390625 0.90428076171875 0.8174658203125 0.903779296875
0 0.80190966796875 0.90578662109375 0.79739306640625 0.896251953125 0.800404296875 0.888724609375 0.8034150390625 0.8842080078125 0.8074296875 0.88822265625 0.80893505859375 0.89675390625 0.8074296875 0.90428076171875
0 0.82649853515625 0.88822265625 0.82298583984375 0.88621533203125 0.81997509765625 0.8842080078125 0.8174658203125 0.880193359375 0.81646240234375 0.87316796875 0.81947314453125 0.8706591796875 0.82700048828125 0.87166259765625 0.83101513671875 0.87517529296875 0.8325205078125 0.880193359375
0 0.8556044921875 0.8892265625 0.851087890625 0.88571337890625 0.851087890625 0.8771826171875 0.85158984375 0.87166259765625 0.85811328125 0.858615234375 0.8631318359375 0.85259326171875 0.8691533203125 0.859619140625 0.87216455078125 0.86865185546875 0.8696552734375 0.8781865234375 0.867146484375 0.88220068359375 0.86062255859375 0.88721923828125
0 0.89022998046875 0.8556044921875 0.88320458984375 0.8701572265625 0.881197265625 0.87166259765625 0.87617919921875 0.8706591796875 0.87467333984375 0.86513916015625 0.87517529296875 0.85710986328125 0.8776845703125 0.85158984375 0.8842080078125 0.8475751953125 0.888724609375 0.84908056640625
0 0.791873046875 0.85309521484375 0.784345703125 0.85259326171875 0.777822265625 0.85008447265625 0.77882568359375 0.84255712890625 0.78334228515625 0.83904443359375 0.78585107421875 0.83854248046875 0.79137109375 0.8375390625 0.79739306640625 0.8440625 0.799400390625 0.84958251953125
0 0.98607763671875 0.79839697265625 0.978048828125 0.7988984375 0.9805576171875 0.7888623046875 0.9840703125 0.7813349609375 0.9885869140625 0.77581494140625 0.99310302734375 0.78233837890625 0.9956123046875 0.7883603515625 0.9956123046875 0.79337841796875
0 0.7662802734375 0.82649853515625 0.76076025390625 0.83402587890625 0.75624365234375 0.83653515625 0.74821484375 0.837037109375 0.74520361328125 0.829509765625 0.74921826171875 0.820978515625 0.75273095703125 0.81294970703125 0.762265625 0.81495703125 0.76527685546875 0.8189716796875
0 0.74219287109375 0.821982421875 0.73566943359375 0.81997509765625 0.7366728515625 0.813953125 0.73918212890625 0.81244775390625 0.7442001953125 0.81194580078125 0.74620751953125 0.81596044921875
0 0.77581494140625 0.8029130859375 0.76778564453125 0.8099384765625 0.76025830078125 0.8104404296875 0.7557421875 0.807931640625 0.7557421875 0.8034150390625 0.7582509765625 0.79789501953125 0.76477490234375 0.79337841796875 0.7733056640625 0.79438232421875 0.77481103515625 0.79839697265625
0 0.71875 0.801513671875 0.724365234375 0.80029296875 0.73388671875 0.794189453125 0.7353515625 0.786865234375 0.731201171875 0.77734375 0.724853515625 0.77734375 0.714111328125 0.78076171875 0.7099609375 0.783935546875 0.70947265625 0.789306640625 0.71337890625 0.799072265625
0 0.8400478515625 0.799400390625 0.829509765625 0.8039169921875 0.82649853515625 0.80190966796875 0.82398974609375 0.79488427734375 0.82449169921875 0.7888623046875 0.828505859375 0.78384423828125 0.8325205078125 0.78334228515625 0.8395458984375 0.791873046875
0 0.90478271484375 0.77631689453125 0.9002666015625 0.77982958984375 0.89374267578125 0.77932763671875 0.8917353515625 0.7738076171875 0.89324072265625 0.769291015625 0.89775732421875 0.7662802734375 0.90428076171875 0.76778564453125
0 0.76025830078125 0.77180029296875 0.755240234375 0.78284033203125 0.748716796875 0.78635302734375 0.74269482421875 0.78735693359375 0.73968359375 0.785349609375 0.73918212890625 0.77982958984375 0.74219287109375 0.77832421875 0.74670947265625 0.77481103515625 0.7522294921875 0.77129833984375
0 0.78384423828125 0.78685498046875 0.776818359375 0.7883603515625 0.7733056640625 0.78233837890625 0.77531298828125 0.77581494140625 0.7808330078125 0.77531298828125 0.7883603515625 0.77932763671875
0 0.79337841796875 0.761763671875 0.78635302734375 0.761763671875 0.7808330078125 0.7587529296875 0.77631689453125 0.75323291015625 0.7773203125 0.74670947265625 0.78284033203125 0.741189453125 0.79086962890625 0.7406875 0.79689111328125 0.7507236328125 0.79689111328125 0.75774951171875
0 0.7773203125 0.7361708984375 0.770294921875 0.74169091796875 0.76076025390625 0.7406875 0.761763671875 0.73516748046875 0.77180029296875 0.7226220703125 0.7773203125 0.725130859375
0 0.733662109375 0.71308740234375 0.72814208984375 0.7145927734375 0.72412744140625 0.71308740234375 0.72312353515625 0.70857080078125 0.72412744140625 0.70455615234375 0.72764013671875 0.70154541015625 0.73065087890625 0.7000400390625 0.73516748046875 0.69803271484375 0.7366728515625 0.70104345703125 0.7361708984375 0.70606201171875
0 0.985576171875 0.73817822265625 0.98256494140625 0.73065087890625 0.9810595703125 0.7256328125 0.9810595703125 0.7145927734375 0.984572265625 0.711080078125 0.992099609375 0.71559619140625 0.9961142578125 0.72011279296875 0.99410693359375 0.72814208984375 0.99059423828125 0.73416357421875
0 0.97955419921875 0.74972021484375 0.9745361328125 0.7522294921875 0.969015625 0.748716796875 0.9660048828125 0.74169091796875 0.96801220703125 0.7361708984375 0.9730302734375 0.73466552734375 0.97905224609375 0.73516748046875 0.98306689453125 0.73767626953125 0.98708154296875 0.74269482421875 0.98607763671875 0.747712890625
0 0.7592548828125 0.6779599609375 0.75423681640625 0.67294140625 0.7557421875 0.666919921875 0.762265625 0.6634072265625 0.7667822265625 0.666919921875 0.7667822265625 0.673443359375
0 0.79086962890625 0.6955234375 0.78685498046875 0.6930146484375 0.77982958984375 0.6930146484375 0.77932763671875 0.68699267578125 0.785349609375 0.680970703125 0.791873046875 0.68247607421875 0.7963896484375 0.688498046875 0.7958876953125 0.6925126953125
0 0.81294970703125 0.66792333984375 0.8109423828125 0.6629052734375 0.8074296875 0.658890625 0.8074296875 0.651865234375 0.81294970703125 0.64985791015625 0.8174658203125 0.6548759765625 0.8189716796875 0.66792333984375
0 0.8771826171875 0.62075244140625 0.8706591796875 0.61673779296875 0.8706591796875 0.6102138671875 0.87517529296875 0.606701171875 0.88169921875 0.60870849609375 0.8842080078125 0.614228515625 0.88320458984375 0.62125390625
0 0.97001953125 0.58763232421875 0.96801220703125 0.5816103515625 0.97202685546875 0.57609033203125 0.97604150390625 0.576591796875 0.97654296875 0.57960302734375 0.97604150390625 0.585123046875
0 0.90478271484375 0.6930146484375 0.896251953125 0.696025390625 0.88571337890625 0.6925126953125 0.88370654296875 0.68749462890625 0.88270263671875 0.68046875 0.88822265625 0.67294140625 0.89474658203125 0.6629052734375 0.90177197265625 0.658890625 0.9062880859375 0.65989404296875 0.90980078125 0.6619013671875 0.91180810546875 0.66792333984375 0.91281201171875 0.67494873046875 0.91281201171875 0.68247607421875 0.9108046875 0.688498046875
0 0.86664453125 0.68699267578125 0.859619140625 0.6849853515625 0.8556044921875 0.67896337890625 0.8546005859375 0.673443359375 0.859619140625 0.66792333984375 0.866142578125 0.665916015625 0.87216455078125 0.67143603515625 0.873669921875 0.680970703125
0 0.910302734375 0.64935595703125 0.90829541015625 0.644337890625 0.90829541015625 0.63831591796875 0.910302734375 0.6332978515625 0.91682666015625 0.63179248046875 0.918833984375 0.63630859375 0.917328125 0.6438359375 0.9153212890625 0.6473486328125
0 0.91180810546875 0.75774951171875 0.90478271484375 0.75273095703125 0.90177197265625 0.7436982421875 0.9108046875 0.732658203125 0.91933544921875 0.7296474609375 0.926361328125 0.7361708984375 0.925859375 0.747712890625 0.917830078125 0.75473828125
0 0.87517529296875 0.7301494140625 0.866142578125 0.72663623046875 0.86764794921875 0.71810546875 0.87617919921875 0.71609814453125 0.88370654296875 0.71961083984375 0.88320458984375 0.72814208984375
0 0.8842080078125 0.718607421875 0.89675390625 0.71559619140625 0.90428076171875 0.71258544921875 0.90528466796875 0.703552734375 0.8987607421875 0.6990361328125 0.887720703125 0.7005419921875 0.8776845703125 0.70556005859375 0.87517529296875 0.7135888671875 0.87969189453125 0.71609814453125
0 0.88370654296875 0.761763671875 0.88169921875 0.7517275390625 0.88220068359375 0.7406875 0.8892265625 0.733662109375 0.89825927734375 0.73316015625 0.9002666015625 0.73918212890625 0.89424462890625 0.7512255859375 0.89123388671875 0.75724755859375 0.888724609375 0.76076025390625
0 0.7436982421875 0.643333984375 0.73566943359375 0.6373125 0.73516748046875 0.62777783203125 0.7366728515625 0.61924658203125 0.740185546875 0.60921044921875 0.7442001953125 0.60168310546875 0.7522294921875 0.5956611328125 0.75774951171875 0.5956611328125 0.7592548828125 0.6107158203125 0.75724755859375 0.6262724609375 0.7512255859375 0.636810546875
0 0.85409912109375 0.58612646484375 0.83854248046875 0.58261376953125 0.8400478515625 0.57207568359375 0.844564453125 0.56304296875 0.85158984375 0.562541015625 0.85610595703125 0.56956640625 0.85761181640625 0.57859912109375
0 0.7361708984375 0.5951591796875 0.73115283203125 0.591646484375 0.73316015625 0.5806064453125 0.73918212890625 0.577595703125 0.7431962890625 0.5806064453125 0.7442001953125 0.5881337890625
0 0.7597568359375 0.5951591796875 0.75624365234375 0.591646484375 0.755240234375 0.58462109375 0.76076025390625 0.57960302734375 0.7667822265625 0.5816103515625 0.7667822265625 0.59064306640625
0 0.76377099609375 0.57257763671875 0.755240234375 0.5821123046875 0.74821484375 0.585625 0.74219287109375 0.5816103515625 0.7431962890625 0.5735810546875 0.748716796875 0.56755908203125 0.76076025390625 0.5660537109375
0 0.7361708984375 0.5745849609375 0.73165478515625 0.5705703125 0.7301494140625 0.5660537109375 0.73215625 0.56103564453125 0.74269482421875 0.55802490234375 0.74620751953125 0.56304296875 0.7431962890625 0.57107177734375
0 0.92335009765625 0.51687548828125 0.9153212890625 0.51336279296875 0.9148193359375 0.5063369140625 0.91983740234375 0.50131884765625 0.92435400390625 0.50081689453125 0.926361328125 0.5063369140625
0 0.98657958984375 0.48676611328125 0.978048828125 0.4927880859375 0.96851416015625 0.4932900390625 0.9660048828125 0.48726806640625 0.97001953125 0.47974072265625 0.9740341796875 0.47371875 0.9810595703125 0.47271533203125 0.98607763671875 0.4782353515625
0 0.93388818359375 0.49630078125 0.92736474609375 0.50081689453125 0.917328125 0.4993115234375 0.90829541015625 0.49128271484375 0.90879736328125 0.4842568359375 0.911306640625 0.4767294921875 0.917328125 0.473216796875 0.925859375 0.47221337890625 0.93388818359375 0.474220703125 0.940412109375 0.4782353515625 0.93991015625 0.4887734375
0 0.9434228515625 0.4777333984375 0.9368994140625 0.47522412109375 0.93539404296875 0.47221337890625 0.9358955078125 0.46518798828125 0.93991015625 0.46067138671875 0.946935546875 0.45966796875 0.9509501953125 0.4631806640625 0.95044873046875 0.47221337890625
0 0.9153212890625 0.47221337890625 0.92786669921875 0.466693359375 0.93137939453125 0.46067138671875 0.93539404296875 0.452140625 0.92786669921875 0.45063525390625 0.91582275390625 0.45715869140625 0.91331396484375 0.465689453125
0 0.89123388671875 0.46167529296875 0.87868798828125 0.4586640625 0.87266650390625 0.45113671875 0.874171875 0.44160205078125 0.88320458984375 0.43959521484375 0.89374267578125 0.444111328125 0.8997646484375 0.44662060546875 0.896251953125 0.45364599609375
0 0.86513916015625 0.46619140625 0.85610595703125 0.46418408203125 0.85761181640625 0.4556533203125 0.8631318359375 0.45314404296875 0.86865185546875 0.45364599609375 0.86664453125 0.4621767578125
0 0.95496484375 0.398947265625 0.947939453125 0.39493310546875 0.9444267578125 0.3889111328125 0.94894287109375 0.38389306640625 0.95647021484375 0.3818857421875 0.96098681640625 0.38640185546875 0.9589794921875 0.39392919921875
0 0.94141552734375 0.41299853515625 0.9374013671875 0.41249658203125 0.93790283203125 0.40496923828125 0.940412109375 0.39844580078125 0.94543017578125 0.39493310546875 0.94994677734375 0.39844580078125 0.94894287109375 0.406474609375
0 0.970521484375 0.4034638671875 0.96399755859375 0.400453125 0.96098681640625 0.39443115234375 0.961990234375 0.3884091796875 0.9655029296875 0.3818857421875 0.9745361328125 0.37787109375 0.978048828125 0.38991455078125 0.97604150390625 0.399951171875
0 0.95345947265625 0.33471435546875 0.94844140625 0.32819091796875 0.94643408203125 0.32367431640625 0.946935546875 0.31664892578125 0.95396142578125 0.31564501953125 0.96048486328125 0.31965966796875 0.9594814453125 0.3291943359375
0 0.9810595703125 0.3005908203125 0.96851416015625 0.2990849609375 0.96148876953125 0.29456884765625 0.9624921875 0.288044921875 0.9655029296875 0.28352880859375 0.977044921875 0.2820234375 0.98256494140625 0.28754345703125 0.98206298828125 0.2930634765625
0 0.95396142578125 0.252416015625 0.9474375 0.2478994140625 0.9434228515625 0.24187744140625 0.9444267578125 0.23535400390625 0.94844140625 0.2303359375 0.95245556640625 0.22732470703125 0.96148876953125 0.22933203125 0.96500146484375 0.23535400390625 0.9660048828125 0.24338330078125 0.962994140625 0.24990673828125
0 0.89073193359375 0.1967138671875 0.88671728515625 0.2042412109375 0.88320458984375 0.2107646484375 0.87567724609375 0.2112666015625 0.87467333984375 0.20624853515625 0.8771826171875 0.200728515625 0.8847099609375 0.193201171875
0 0.813953125 0.162087890625 0.80843310546875 0.170619140625 0.80190966796875 0.1731279296875 0.79839697265625 0.1731279296875 0.79438232421875 0.16911376953125 0.79689111328125 0.1595791015625 0.7963896484375 0.1515498046875 0.80090576171875 0.1440224609375 0.80843310546875 0.14301904296875 0.81244775390625 0.1450263671875 0.814455078125 0.14703369140625 0.81696435546875 0.15405908203125
0 0.82649853515625 0.14653173828125 0.820978515625 0.15054638671875 0.8174658203125 0.1485390625 0.81646240234375 0.14602978515625 0.81646240234375 0.141513671875 0.81997509765625 0.13800048828125 0.8249931640625 0.1374990234375 0.8290078125 0.13950634765625
0 0.95345947265625 0.13197900390625 0.94994677734375 0.12595703125 0.9519541015625 0.1224443359375 0.95647021484375 0.12093896484375 0.9589794921875 0.12344775390625 0.9589794921875 0.12796435546875
0 0.828505859375 0.0968515625 0.8249931640625 0.0933388671875 0.8249931640625 0.08781884765625 0.82800439453125 0.08280029296875 0.83151708984375 0.08280029296875 0.8330224609375 0.09032763671875
0 0.89022998046875 0.0411494140625 0.88571337890625 0.04666943359375 0.87868798828125 0.0486767578125 0.8706591796875 0.04666943359375 0.86463720703125 0.04165087890625 0.86764794921875 0.0331201171875 0.87166259765625 0.0265966796875 0.87517529296875 0.021578125 0.880193359375 0.0190693359375 0.89073193359375 0.02107666015625 0.89424462890625 0.02860400390625
0 0.851087890625 0.0667421875 0.8470732421875 0.06423291015625 0.8480771484375 0.059716796875 0.851087890625 0.05670556640625 0.8551025390625 0.05720751953125 0.85660791015625 0.06172412109375
0 0.94241943359375 0.05770947265625 0.93840478515625 0.0552001953125 0.9368994140625 0.04917822265625 0.93890673828125 0.0476728515625 0.9434228515625 0.04666943359375 0.946935546875 0.0481748046875 0.9474375 0.05319287109375
0 0.947939453125 0.0481748046875 0.94543017578125 0.04215283203125 0.946935546875 0.03512744140625 0.94944482421875 0.03211669921875 0.95396142578125 0.0341240234375 0.95496484375 0.03864013671875 0.954462890625 0.04616748046875
0 0.9655029296875 0.0185673828125 0.962994140625 0.01605810546875 0.96098681640625 0.01354931640625 0.9624921875 0.0065234375 0.9665068359375 0.0030107421875 0.969517578125 0.00200732421875 0.9745361328125 0.0065234375 0.97252880859375 0.0115419921875 0.969517578125 0.0150546875
0 0.977546875 0.1149169921875 0.97654296875 0.110400390625 0.977546875 0.10638623046875 0.97955419921875 0.103876953125 0.984572265625 0.103375 0.9885869140625 0.10588427734375 0.9885869140625 0.11090234375 0.984572265625 0.1144150390625 0.98256494140625 0.11592041015625
0 0.9374013671875 0.09082958984375 0.93388818359375 0.0843056640625 0.932884765625 0.081796875 0.9323828125 0.0772802734375 0.93489208984375 0.073767578125 0.9374013671875 0.0697529296875 0.9434228515625 0.0702548828125 0.9444267578125 0.08079296875 0.94292138671875 0.088822265625
0 0.9434228515625 0.592650390625 0.9363974609375 0.58963916015625 0.9363974609375 0.5811083984375 0.94191748046875 0.57910107421875 0.947939453125 0.5821123046875 0.95044873046875 0.5891376953125 0.9449287109375 0.5966650390625
0 0.293908203125 0.3021689453125 0.2859990234375 0.31624169921875 0.27765673828125 0.3206875 0.27153955078125 0.3201318359375 0.27042724609375 0.31346337890625 0.27598828125 0.30512744140625 0.2837744140625 0.3012373046875
0 0.2095185546875 0.80392138671875 0.20424658203125 0.80926708984375 0.19312353515625 0.80593310546875 0.19089892578125 0.792595703125 0.1936796875 0.7803701171875 0.2014658203125 0.779814453125 0.20702734375 0.78648291015625 0.21036376953125 0.79481884765625
0 0.91949365234375 0.4140771484375 0.9099873046875 0.4212724609375 0.89664013671875 0.4223837890625 0.8949716796875 0.41460400390625 0.90108935546875 0.409046875 0.90943115234375 0.40515673828125 0.91721728515625 0.40515673828125
0 0.97269580078125 0.92867138671875 0.963376953125 0.926853515625 0.95503466796875 0.924630859375 0.9511416015625 0.916294921875 0.95725927734375 0.907958984375 0.9639326171875 0.9062919921875 0.9750556640625 0.90962646484375 0.9772802734375 0.91407177734375 0.9772802734375 0.9257421875
0 0.69659423828125 0.99951171875 0.703103515625 0.98409228515625 0.7108896484375 0.979646484375 0.72423681640625 0.98131396484375 0.73369091796875 0.99076123046875 0.737583984375 0.998541015625 0.737583984375 0.99951171875
0 0.80483349609375 0.99951171875 0.80877001953125 0.99131689453125 0.8104384765625 0.9852041015625 0.81544384765625 0.979646484375 0.819892578125 0.9779794921875 0.82656640625 0.98298095703125 0.8299033203125 0.99242822265625 0.83045947265625 0.99951171875 0.82489794921875 0.99951171875
0 0.7663076171875 0.69568212890625 0.76205419921875 0.70423681640625 0.7559365234375 0.7109052734375 0.74815087890625 0.712572265625 0.7475947265625 0.70534814453125 0.75371240234375 0.69590087890625 0.75982958984375 0.68700927734375 0.765947265625 0.68589794921875
0 0.45351513671875 0.37738623046875 0.442830078125 0.380705078125 0.43726904296875 0.3718134765625 0.44561083984375 0.36625634765625 0.45450927734375 0.36681201171875
0 0.11779052734375 0.1746669921875 0.109146484375 0.17753857421875 0.10525341796875 0.16975830078125 0.10859033203125 0.161978515625 0.1169326171875 0.1625341796875 0.12193798828125 0.16697998046875
0 0.93325244140625 0.15265234375 0.930564453125 0.1436396484375 0.93223291015625 0.13752685546875 0.9405751953125 0.13697119140625 0.94391162109375 0.1441953125 0.9416875 0.15086376953125
0 0.772728515625 0.54249658203125 0.76205419921875 0.5435302734375 0.7559365234375 0.54186328125 0.75538037109375 0.53352734375 0.75871728515625 0.52574755859375 0.770396484375 0.5307490234375 0.7754013671875 0.53575048828125
0 0.13323388671875 0.1791376953125 0.131287109375 0.18567626953125 0.12779443359375 0.18834814453125 0.123685546875 0.189787109375 0.1208095703125 0.18629296875 0.12101513671875 0.18156494140625 0.12286376953125 0.17889306640625 0.12697265625 0.17539892578125 0.13046533203125 0.17539892578125 0.13334130859375 0.1766318359375
0 0.2563349609375 0.246666015625 0.2618515625 0.24858740234375 0.26444482421875 0.253517578125 0.26677880859375 0.25948486328125 0.26288916015625 0.2693447265625 0.2579619140625 0.275052734375 0.25121923828125 0.27142041015625 0.2486259765625 0.26467431640625 0.2486259765625 0.258447265625 0.25173779296875 0.2524794921875
0 0.540962890625 0.66641796875 0.53845361328125 0.6624033203125 0.53795166015625 0.658388671875 0.5359443359375 0.64885400390625 0.5359443359375 0.64634521484375 0.5359443359375 0.6398212890625 0.53845361328125 0.63430126953125 0.54246826171875 0.63530517578125 0.54598095703125 0.64182861328125 0.54798828125 0.64684716796875 0.54949365234375 0.6523671875 0.55049755859375 0.66039599609375 0.54999560546875 0.665916015625 0.5449775390625 0.66792333984375
0 0.56053369140625 0.63781396484375 0.5509990234375 0.63931982421875 0.54949365234375 0.63580712890625 0.54899169921875 0.6332978515625 0.54999560546875 0.62827978515625 0.5520029296875 0.6262724609375 0.5585263671875 0.6262724609375 0.56053369140625 0.63078857421875
0 0.0791015625 0.867919921875 0.082763671875 0.8662109375 0.087158203125 0.8671875 0.102783203125 0.8583984375 0.1103515625 0.850341796875 0.10986328125 0.843994140625 0.103271484375 0.83935546875 0.094482421875 0.83642578125 0.084228515625 0.83837890625 0.0751953125 0.858154296875 0.0771484375 0.866943359375
0 0.01605810546875 0.99360498046875 0.00903271484375 0.9880849609375 0.00752734375 0.9810595703125 0.00752734375 0.97604150390625 0.01254541015625 0.96851416015625 0.0250908203125 0.9665068359375 0.02860400390625 0.96751025390625 0.02760009765625 0.97503759765625 0.02107666015625 0.985576171875
0 0.1962939453125 0.8901865234375 0.1929931640625 0.90298193359375 0.18731591796875 0.9067685546875 0.1813681640625 0.905416015625 0.17866455078125 0.90135888671875 0.17893505859375 0.8962197265625 0.18353076171875 0.89162158203125 0.1878564453125 0.88918701171875 0.19218212890625 0.88810498046875
0 0.51450927734375 0.32014501953125 0.515552734375 0.327271484375 0.5118076171875 0.33148681640625 0.50384912109375 0.33195556640625 0.50291259765625 0.32633447265625 0.50665771484375 0.322119140625
0 0.46583984375 0.325552734375 0.46546044921875 0.332423828125 0.4598427734375 0.3385126953125 0.4528203125 0.3389814453125 0.446734375 0.33710791015625 0.4476708984375 0.33195556640625 0.4523525390625 0.32773974609375 0.457501953125 0.32539794921875
0 0.2024072265625 0.48392138671875 0.1962734375 0.491677734375 0.1897197265625 0.491677734375 0.1901875 0.48418310546875 0.19674169921875 0.481373046875
0 0.703779296875 0.37499462890625 0.71026123046875 0.38015234375 0.7093251953125 0.38624169921875 0.7032392578125 0.3890517578125 0.69762158203125 0.38577294921875 0.696216796875 0.37968408203125
0 0.75476611328125 0.0513046875 0.7519267578125 0.05977099609375 0.7458408203125 0.06351806640625 0.74069140625 0.06398681640625 0.7374140625 0.059302734375 0.7397548828125 0.0532138671875 0.74537255859375 0.0475927734375 0.7505224609375 0.04571923828125
0 0.72927294921875 0.07988818359375 0.71868798828125 0.07663330078125 0.71634765625 0.07148095703125 0.71728369140625 0.064455078125 0.72243359375 0.06117626953125 0.733201171875 0.06913916015625 0.7336689453125 0.07382275390625
0 0.826611328125 0.1216044921875 0.81793603515625 0.120662109375 0.81653173828125 0.11363623046875 0.81980908203125 0.11129443359375 0.8268310546875 0.1117626953125 0.8282353515625 0.115978515625
0 0.76403662109375 0.47310595703125 0.7598857421875 0.4795341796875 0.754267578125 0.48000244140625 0.75286328125 0.47250830078125 0.7552041015625 0.46782421875 0.75894921875 0.46735595703125
0 0.7694443359375 0.44374951171875 0.76690771484375 0.44908837890625 0.7598857421875 0.45049365234375 0.75614013671875 0.44815185546875 0.75567236328125 0.44393603515625 0.75941748046875 0.44065771484375 0.76409912109375 0.44065771484375
0 0.39051416015625 0.643126953125 0.38817333984375 0.6520263671875 0.38302392578125 0.658583984375 0.37740576171875 0.66045751953125 0.3750654296875 0.65530517578125 0.378810546875 0.64500048828125 0.3834921875 0.643126953125
0 0.79078369140625 0.70682861328125 0.7949970703125 0.71057568359375 0.79265625 0.7176015625 0.787974609375 0.71994384765625 0.78142041015625 0.71432275390625 0.7842294921875 0.707765625
0 0.956041015625 0.74953466796875 0.96399951171875 0.7528134765625 0.96399951171875 0.75937109375 0.95931787109375 0.762181640625 0.952763671875 0.75937109375 0.95089111328125 0.75375048828125
0 0.90540966796875 0.8732763671875 0.90641650390625 0.88072607421875 0.90454443359375 0.88962548828125 0.89939453125 0.89149951171875 0.89518115234375 0.88634716796875 0.89518115234375 0.87978955078125 0.897990234375 0.87323193359375
0 0.79648291015625 0.337140625 0.79218798828125 0.34455419921875 0.78329296875 0.34595947265625 0.78001611328125 0.3403388671875 0.78516552734375 0.33471826171875 0.7917197265625 0.3323759765625
0 0.5631787109375 0.0775703125 0.55307421875 0.0781474609375 0.54979736328125 0.06877978515625 0.551669921875 0.06362744140625 0.55728759765625 0.06362744140625 0.5629052734375 0.06877978515625
0 0.3970849609375 0.4445224609375 0.399052734375 0.45153955078125 0.39390283203125 0.45669189453125 0.38828515625 0.4510712890625 0.38875341796875 0.44545068359375
0 0.81656884765625 0.4676982421875 0.81383447265625 0.47964306640625 0.80962109375 0.48620068359375 0.8044716796875 0.48854296875 0.79932177734375 0.4866689453125 0.8011943359375 0.47589599609375 0.80681201171875 0.4693388671875 0.811025390625 0.4665283203125
0 0.7818046875 0.481603515625 0.78246826171875 0.4918212890625 0.7759140625 0.4936953125 0.77170068359375 0.49135302734375 0.77123291015625 0.4843271484375 0.77638232421875 0.480580078125
0 0.81193359375 0.44993017578125 0.8058759765625 0.45809716796875 0.7997900390625 0.45762890625 0.79838525390625 0.449666015625 0.80306689453125 0.44685595703125 0.8119619140625 0.44919775390625
0 0.80807080078125 0.28692626953125 0.798853515625 0.28479150390625 0.796044921875 0.2768291015625 0.80072607421875 0.2716767578125 0.80774853515625 0.27448681640625 0.81149365234375 0.280107421875
0 0.138287109375 0.751216796875 0.13595166015625 0.76173974609375 0.12846142578125 0.766423828125 0.12377978515625 0.766423828125 0.1233115234375 0.761271484375 0.12612060546875 0.75284033203125
0 0.090390625 0.53722607421875 0.08913671875 0.545810546875 0.08305029296875 0.550962890625 0.0774326171875 0.5467470703125 0.078369140625 0.54206298828125 0.08258251953125 0.5392529296875
0 0.4102177734375 0.61988671875 0.41543798828125 0.6254375 0.414033203125 0.63246337890625 0.40701123046875 0.63621044921875 0.40373388671875 0.6338681640625 0.40326611328125 0.62496875
0 0.41485302734375 0.63997216796875 0.414033203125 0.6493251953125 0.4102880859375 0.6544775390625 0.405138671875 0.6544775390625 0.40326611328125 0.65026220703125 0.4056064453125 0.6441728515625 0.4074794921875 0.6390205078125
0 0.1544326171875 0.73139794921875 0.14694189453125 0.7374873046875 0.13804736328125 0.73701904296875 0.13570654296875 0.7323349609375 0.13804736328125 0.72624560546875 0.1446015625 0.72390380859375 0.14928271484375 0.7243720703125
0 0.115234375 0.86051416015625 0.114390625 0.871173828125 0.11015966796875 0.8767099609375 0.1039765625 0.87833837890625 0.1000712890625 0.8744306640625 0.1026748046875 0.86466064453125 0.105603515625 0.86075244140625 0.10983447265625 0.8581474609375
0 0.3681640625 0.79850244140625 0.3646552734375 0.80408740234375 0.357169921875 0.8057158203125 0.35131201171875 0.80278466796875 0.3490341796875 0.79789990234375 0.3503359375 0.7930146484375 0.357169921875 0.78975830078125 0.36270263671875 0.7907353515625 0.367583984375 0.793666015625
0 0.13525390625 0.84879541015625 0.1361953125 0.8542392578125 0.1348935546875 0.86010107421875 0.12903515625 0.86400927734375 0.122201171875 0.859775390625 0.12187548828125 0.8529365234375 0.1248046875 0.84772607421875 0.13001171875 0.84707470703125
0 0.55810546875 0.98356103515625 0.55731689453125 0.993623046875 0.55471337890625 0.99951171875 0.54885498046875 0.99951171875 0.54364794921875 0.99753076171875 0.5416953125 0.9923203125 0.542671875 0.98320166015625 0.54885498046875 0.9802705078125 0.55406201171875 0.9802705078125 0.5579677734375 0.98255029296875
0 0.59716796875 0.86979150390625 0.5944169921875 0.8754072265625 0.58855908203125 0.87833837890625 0.58237548828125 0.87833837890625 0.57912109375 0.8744306640625 0.57944677734375 0.8692197265625 0.58497900390625 0.864986328125 0.59083740234375 0.86531201171875
0 0.52880859375 0.79361962890625 0.5283525390625 0.80148193359375 0.5257490234375 0.80734375 0.52021630859375 0.8057158203125 0.51728759765625 0.80148193359375 0.51793798828125 0.79496875 0.5205419921875 0.79040966796875 0.5247724609375 0.78910693359375
0 0.50048828125 0.83756494140625 0.50524609375 0.83960595703125 0.50719873046875 0.84514208984375 0.5055712890625 0.8503525390625 0.50101513671875 0.85263232421875 0.497435546875 0.84872412109375 0.49678466796875 0.84318798828125
0 0.27570263671875 0.674265625 0.273505859375 0.67899169921875 0.268369140625 0.68359033203125 0.26106982421875 0.6860244140625 0.25593359375 0.68467236328125 0.25458154296875 0.68007373046875 0.259177734375 0.67358203125 0.2635029296875 0.67141845703125 0.26809912109375 0.67033642578125 0.27134326171875 0.67087744140625 0.27458740234375 0.6738525390625
0 0.13232421875 0.65983056640625 0.1248046875 0.66546142578125 0.116994140625 0.66676416015625 0.11015966796875 0.6651357421875 0.11015966796875 0.66155322265625 0.114390625 0.65666845703125 0.11959765625 0.65536572265625 0.12708251953125 0.65471435546875 0.13001171875 0.65569140625
0 0.47216796875 0.70279931640625 0.4639150390625 0.7006328125 0.459033203125 0.6963994140625 0.4587080078125 0.69183984375 0.4613115234375 0.689560546875 0.46977294921875 0.69411962890625 0.47270166015625 0.6977021484375
0 0.14208984375 0.62174462890625 0.13977490234375 0.6283359375 0.1339169921875 0.63094091796875 0.1303369140625 0.62996435546875 0.12903515625 0.624427734375 0.13098828125 0.6201943359375 0.13456787109375 0.6169375 0.13814794921875 0.61791455078125
0 0.04931640625 0.54068994140625 0.04572216796875 0.55050244140625 0.0408408203125 0.555712890625 0.03530810546875 0.55962109375 0.029125 0.55962109375 0.026521484375 0.555712890625 0.0294501953125 0.54626904296875 0.0330302734375 0.53943017578125 0.03660986328125 0.534544921875 0.04149169921875 0.53421923828125 0.0460478515625 0.53552197265625
0 0.09912109375 0.47526025390625 0.09063330078125 0.47560009765625 0.08542626953125 0.4716923828125 0.08444970703125 0.46517919921875 0.0877041015625 0.4628994140625 0.094212890625 0.46355078125 0.0990947265625 0.46615576171875 0.1000712890625 0.46941259765625
0 0.5146484375 0.59586572265625 0.5143583984375 0.60228271484375 0.5055712890625 0.60488818359375 0.496458984375 0.6039111328125 0.49418115234375 0.59935205078125 0.49710986328125 0.5938154296875 0.50329345703125 0.59055908203125 0.50980224609375 0.59186181640625 0.51533447265625 0.59479248046875
0 0.115234375 0.50651025390625 0.1173193359375 0.51146533203125 0.11536669921875 0.517001953125 0.10983447265625 0.51928125 0.1052783203125 0.51895556640625 0.10332568359375 0.51276806640625 0.1052783203125 0.5062548828125 0.1095087890625 0.50462646484375
0 0.625 0.39664697265625 0.61719775390625 0.416435546875 0.60906201171875 0.425228515625 0.59604443359375 0.42685693359375 0.587908203125 0.41936669921875 0.5853046875 0.4027578125 0.59083740234375 0.39266259765625 0.6006005859375 0.38582373046875 0.61426904296875 0.38126416015625 0.62240478515625 0.382892578125 0.62728662109375 0.38940576171875
0 0.55126953125 0.15348291015625 0.55113330078125 0.15857470703125 0.5465771484375 0.16248291015625 0.54104443359375 0.160203125 0.540068359375 0.15629541015625 0.5429970703125 0.15173583984375 0.5465771484375 0.15108447265625
0 0.33935546875 0.25943994140625 0.3376435546875 0.2647197265625 0.3314599609375 0.267650390625 0.32560205078125 0.26634765625 0.325927734375 0.262765625 0.32853125 0.25820654296875 0.3324365234375 0.255275390625 0.33569091796875 0.25560107421875
0 0.9443359375 0.18082666015625 0.94061572265625 0.17782421875 0.93931396484375 0.172939453125 0.942568359375 0.16740283203125 0.947775390625 0.167728515625 0.95070458984375 0.1722880859375 0.95037890625 0.176521484375
0 0.8701171875 0.32535791015625 0.86966943359375 0.32954052734375 0.86706591796875 0.33312255859375 0.8602314453125 0.33312255859375 0.8560009765625 0.33116845703125 0.85469921875 0.32628369140625 0.85697705078125 0.32335302734375 0.86283544921875 0.32205029296875 0.8664150390625 0.32335302734375
0 0.92919921875 0.66031884765625 0.92922509765625 0.665822265625 0.9272724609375 0.67070703125 0.9230419921875 0.6726611328125 0.92011279296875 0.67070703125 0.9194619140625 0.6664736328125 0.9204384765625 0.66126318359375 0.92369287109375 0.6589833984375 0.92662158203125 0.65800634765625
0 0.509765625 0.67740869140625 0.50735888671875 0.7022314453125 0.49987353515625 0.707767578125 0.48392724609375 0.70679052734375 0.4796962890625 0.691484375 0.4858798828125 0.67259619140625 0.4953173828125 0.66933935546875 0.5041044921875 0.6722705078125
0 0.0217998046875 0.409892578125 0.024078125 0.4157548828125 0.02082373046875 0.42259375 0.01366357421875 0.42357080078125 0.0104091796875 0.42031396484375 0.01073486328125 0.41608056640625 0.015291015625 0.41086962890625
0 0.310546875 0.45475244140625 0.304283203125 0.47144287109375 0.28963818359375 0.47763037109375 0.28410595703125 0.47144287109375 0.288662109375 0.4580908203125 0.29712353515625 0.44962353515625 0.30265625 0.44897216796875 0.3065615234375 0.4492978515625
0 0.4609375 0.16031884765625 0.46374951171875 0.168662109375 0.46212255859375 0.17615234375 0.45691552734375 0.17875732421875 0.45073193359375 0.1741982421875 0.44910498046875 0.167359375 0.4510576171875 0.161171875 0.4562646484375 0.1592177734375
0 0.1884765625 0.12174462890625 0.19102978515625 0.126021484375 0.19102978515625 0.1315576171875 0.18517138671875 0.13872216796875 0.17963916015625 0.13709375 0.180615234375 0.1302548828125 0.18386962890625 0.12504443359375
0 0.22412109375 0.33268212890625 0.224224609375 0.34226123046875 0.2219462890625 0.34844873046875 0.2164140625 0.34975146484375 0.212833984375 0.34356396484375 0.2151123046875 0.33737646484375 0.22064453125 0.33281689453125
0 0.4140625 0.26871728515625 0.41200439453125 0.27680322265625 0.40549560546875 0.28038525390625 0.39540673828125 0.27908251953125 0.3918271484375 0.27484912109375 0.39247802734375 0.2683359375 0.3983359375 0.26573046875 0.40517041015625 0.26475341796875 0.4100517578125 0.267033203125
0 0.4423828125 0.03824853515625 0.4419453125 0.04560400390625 0.43413427734375 0.0478837890625 0.4282763671875 0.044626953125 0.4292529296875 0.0390908203125 0.43413427734375 0.03550830078125 0.437388671875 0.0351826171875
0 0.1826171875 0.40543603515625 0.17996435546875 0.41616552734375 0.1741064453125 0.42039892578125 0.170201171875 0.41714208984375 0.17052685546875 0.41030322265625 0.1750830078125 0.40411572265625 0.17866259765625 0.40411572265625
0 0.59765625 0.09195947265625 0.59320947265625 0.0977138671875 0.583771484375 0.09803955078125 0.57921533203125 0.090875 0.583771484375 0.08729248046875 0.5912568359375 0.08598974609375 0.595162109375 0.08729248046875
0 0.57861328125 0.09781884765625 0.5756357421875 0.1012958984375 0.5704287109375 0.10064453125 0.568150390625 0.09673681640625 0.57010302734375 0.089572265625 0.5759609375 0.0889208984375 0.5798662109375 0.09054931640625 0.58051708984375 0.09413134765625
0 0.740634765625 0.1628251953125 0.73998388671875 0.1677099609375 0.73640380859375 0.16933837890625 0.7331494140625 0.16803564453125 0.73119677734375 0.16315087890625 0.7357529296875 0.1602197265625
0 0.62158203125 0.09244775390625 0.61403759765625 0.09443603515625 0.60752880859375 0.09313330078125 0.605576171875 0.08857421875 0.6078544921875 0.082060546875 0.61273583984375 0.08075830078125 0.61859375 0.08434033203125 0.621197265625 0.08759716796875
0 0.9189453125 0.10563134765625 0.91311865234375 0.0989951171875 0.91181689453125 0.0928076171875 0.9150712890625 0.090853515625 0.919953125 0.09443603515625 0.92223095703125 0.099646484375
0 0.9091796875 0.24381494140625 0.9020537109375 0.2451962890625 0.895544921875 0.2416142578125 0.89521923828125 0.238357421875 0.90042626953125 0.2370546875 0.906935546875 0.2377060546875 0.9098642578125 0.23998583984375
0 0.84477587890625 0.34871435546875 0.8428232421875 0.35750732421875 0.83826708984375 0.3640205078125 0.83078173828125 0.36630029296875 0.82524951171875 0.3604384765625 0.82785302734375 0.35131982421875 0.83566357421875 0.346109375 0.84087060546875 0.34382958984375
0 0.75537109375 0.26578759765625 0.75462841796875 0.2793486328125 0.7487705078125 0.28879248046875 0.7419365234375 0.28455908203125 0.7409599609375 0.27706884765625 0.74746875 0.26762451171875
0 0.861328125 0.36490869140625 0.86039697265625 0.3705126953125 0.85649169921875 0.37376953125 0.8506337890625 0.37572314453125 0.847705078125 0.3705126953125 0.8490068359375 0.36465087890625 0.8532373046875 0.36237109375
0 0.79931640625 0.54850244140625 0.80735009765625 0.553796875 0.8128828125 0.56356689453125 0.81483544921875 0.57301123046875 0.8128828125 0.58538623046875 0.79530859375 0.5918994140625 0.778060546875 0.5870146484375 0.77252783203125 0.57724462890625 0.772853515625 0.55965869140625 0.77903662109375 0.55216845703125 0.78814892578125 0.548912109375
0 0.81787109375 0.68033837890625 0.82427294921875 0.6869716796875 0.831107421875 0.69674169921875 0.83338525390625 0.7045576171875 0.8288291015625 0.71465283203125 0.81776416015625 0.71628125 0.8053974609375 0.70976806640625 0.79953955078125 0.6986953125 0.8001904296875 0.68469189453125 0.80669921875 0.6794814453125 0.8128828125 0.67850439453125
0 0.66285400390625 0.46193896484375 0.6547177734375 0.46193896484375 0.65113818359375 0.45705419921875 0.653416015625 0.4521689453125 0.65797216796875 0.45021484375 0.66285400390625 0.454123046875 0.66415576171875 0.45803076171875
0 0.96142578125 0.68473291015625 0.95444970703125 0.70091162109375 0.94403564453125 0.7022138671875 0.9368759765625 0.69765478515625 0.93785205078125 0.68527978515625 0.94924267578125 0.681697265625 0.9560771484375 0.68039453125 0.96095849609375 0.6823486328125 0.96095849609375 0.6836513671875
0 0.95835498046875 0.86597998046875 0.959005859375 0.8724931640625 0.9534736328125 0.8760751953125 0.94663916015625 0.875423828125 0.94501220703125 0.8698876953125 0.95054443359375 0.86337451171875 0.95575146484375 0.86207177734375