0 0.32672412109375 0.96062939453125 0.33771044921875 0.95892041015625 0.34454638671875 0.95501416015625 0.34918505859375 0.94939892578125 0.35211474609375 0.94305126953125 0.35260302734375 0.93621533203125 0.3458203125 0.9277353515625 0.33966357421875 0.92522900390625 0.32794482421875 0.93060009765625 0.31744677734375 0.94060986328125 0.31549365234375 0.94695751953125 0.31598193359375 0.95672314453125 0.31866748046875 0.96038525390625
0 0.00825439453125 0.8467763671875 0.01375732421875 0.84402490234375 0.01857275390625 0.84058544921875 0.01857275390625 0.83645849609375 0.01306982421875 0.83370703125 0.00687890625 0.83508251953125 0.0055029296875 0.84058544921875
0 0.01204638671875 0.81719775390625 0.0182373046875 0.81513427734375 0.02098876953125 0.80825537109375 0.01892529296875 0.802064453125 0.01342236328125 0.80550390625 0.009294921875 0.80963134765625
0 0.16783642578125 0.8024111328125 0.16026953125 0.803787109375 0.15545458984375 0.8017236328125 0.15889404296875 0.7948447265625 0.1657724609375 0.79346875
0 0.36662841796875 0.9603359375 0.37625732421875 0.95822412109375 0.38176025390625 0.9540966796875 0.381072265625 0.94584228515625 0.37281787109375 0.945154296875 0.36731494140625 0.95134521484375
0 0.44506787109375 0.99535791015625 0.4409404296875 0.99054296875 0.44231640625 0.9857275390625 0.445755859375 0.98435205078125 0.4498828125 0.98641552734375 0.45057080078125 0.99191845703125
0 0.62084033203125 0.96233984375 0.61946435546875 0.95408544921875 0.62084033203125 0.9465185546875 0.624279296875 0.94032763671875 0.62771875 0.93964013671875 0.63184619140625 0.93964013671875 0.63184619140625 0.94927001953125 0.6290947265625 0.95752490234375 0.62634326171875 0.96165185546875
0 0.98055859375 0.95830322265625 0.98956103515625 0.95830322265625 0.99291943359375 0.95233447265625 0.9887919921875 0.94889501953125 0.98466455078125 0.9461435546875 0.9777861328125 0.9461435546875 0.9743466796875 0.951646484375 0.97572216796875 0.9571494140625
0 0.93254443359375 0.97931005859375 0.93751416015625 0.98091259765625 0.94301708984375 0.97747314453125 0.94301708984375 0.972658203125 0.93957763671875 0.96646728515625 0.93407470703125 0.965779296875 0.93141943359375 0.9721826171875
0 0.5062890625 0.98399951171875 0.50353759765625 0.97505712890625 0.5069765625 0.9695537109375 0.5117919921875 0.967490234375 0.5141298828125 0.9757841796875 0.5117919921875 0.98056005859375
0 0.501126953125 0.92242578125 0.49493603515625 0.9210498046875 0.49287255859375 0.91417138671875 0.49782958984375 0.911970703125 0.50303173828125 0.91370458984375 0.50594189453125 0.9176103515625
0 0.52991455078125 0.90555908203125 0.5366845703125 0.9039951171875 0.5378095703125 0.89986865234375 0.5374814453125 0.89524072265625 0.532666015625 0.8966162109375 0.52991455078125 0.90074365234375
0 0.45881396484375 0.87015869140625 0.45881396484375 0.86327978515625 0.4615654296875 0.8570888671875 0.46569287109375 0.85984033203125 0.467068359375 0.862591796875 0.46569287109375 0.86878271484375
0 0.14376611328125 0.7563349609375 0.13619970703125 0.75702294921875 0.13138427734375 0.75358349609375 0.13138427734375 0.747392578125 0.13826318359375 0.74120166015625 0.145830078125 0.740513671875 0.14995703125 0.74257763671875 0.14933349609375 0.7491044921875 0.14690625 0.75291943359375
0 0.48673193359375 0.9525478515625 0.4828837890625 0.94994677734375 0.48219580078125 0.943755859375 0.48357177734375 0.9334375 0.48907470703125 0.92724658203125 0.4938896484375 0.9279345703125 0.4938896484375 0.9334375 0.49158740234375 0.94144970703125 0.48950634765625 0.947345703125
0 0.5259130859375 0.81882421875 0.51765869140625 0.8140087890625 0.5155947265625 0.80506640625 0.5190341796875 0.79887548828125 0.5224736328125 0.7981875 0.5272890625 0.7975 0.53109130859375 0.80141357421875 0.532966796875 0.8066650390625 0.53416748046875 0.81332080078125 0.531416015625 0.81676025390625
0 0.317111328125 0.79931298828125 0.3122958984375 0.795185546875 0.3150478515625 0.787619140625 0.32330224609375 0.7821162109375 0.32742919921875 0.7841796875 0.32742919921875 0.79174658203125
0 0.32536572265625 0.7573525390625 0.32192626953125 0.7504736328125 0.3260537109375 0.74565869140625 0.32880517578125 0.74221923828125 0.33018115234375 0.73877978515625 0.33499609375 0.738091796875 0.33774755859375 0.74153125 0.33912353515625 0.74359521484375 0.338435546875 0.74978564453125 0.33430810546875 0.7552890625 0.33086865234375 0.75804052734375
0 0.388671875 0.727294921875 0.39794921875 0.719970703125 0.40185546875 0.712646484375 0.40234375 0.705810546875 0.396728515625 0.70068359375 0.388916015625 0.70166015625 0.380859375 0.710205078125 0.3779296875 0.716064453125 0.37939453125 0.725830078125
0 0.6716982421875 0.822853515625 0.66680322265625 0.825640625 0.66198828125 0.82151318359375 0.66457080078125 0.8168515625 0.6660712890625 0.8157265625 0.67019775390625 0.8157265625 0.6728232421875 0.8194775390625
0 0.82311572265625 0.91291943359375 0.81894873046875 0.9138134765625 0.8127578125 0.91174951171875 0.81206982421875 0.9069345703125 0.81413330078125 0.90487109375 0.81757275390625 0.9034951171875 0.82101220703125 0.90418310546875 0.823763671875 0.9069345703125
0 0.880107421875 0.923130859375 0.87597998046875 0.91693994140625 0.8787314453125 0.912125 0.883546875 0.90937353515625 0.88492236328125 0.90937353515625 0.886986328125 0.912125 0.887673828125 0.9141884765625 0.886986328125 0.92037939453125 0.88629833984375 0.9210673828125
0 0.86366064453125 0.9035576171875 0.86036865234375 0.90000537109375 0.859533203125 0.89186376953125 0.8643486328125 0.884296875 0.8684755859375 0.88704833984375 0.8698515625 0.89599072265625 0.86749560546875 0.901130859375
0 0.69129296875 0.9302353515625 0.695931640625 0.9290146484375 0.69766357421875 0.92622412109375 0.69766357421875 0.92134765625 0.69353759765625 0.91947216796875 0.6888515625 0.9219345703125 0.687875 0.9273056640625
0 0.767044921875 0.98985498046875 0.76222998046875 0.9891669921875 0.7574150390625 0.98435205078125 0.7574150390625 0.97747314453125 0.7615419921875 0.973345703125 0.76773291015625 0.97609716796875 0.76979638671875 0.98091259765625
0 0.74809716796875 0.98941748046875 0.74190625 0.9846025390625 0.74397021484375 0.97703564453125 0.7467216796875 0.9742841796875 0.7501611328125 0.972908203125 0.7542880859375 0.972908203125 0.75497607421875 0.9777236328125 0.7536005859375 0.98391455078125
0 0.74947314453125 0.99951171875 0.7501611328125 0.9926064453125 0.7542880859375 0.98847900390625 0.759103515625 0.98779150390625 0.76254296875 0.98985498046875 0.76598193359375 0.9926064453125 0.76735791015625 0.99879736328125 0.76529443359375 0.99951171875
0 0.4027490234375 0.758728515625 0.3951826171875 0.76216748046875 0.3903671875 0.7607919921875 0.38967919921875 0.7552890625 0.393806640625 0.75116162109375 0.3993095703125 0.74978564453125 0.4027490234375 0.75253759765625
0 0.60064111328125 0.902181640625 0.59307470703125 0.89736669921875 0.58963525390625 0.89117578125 0.588947265625 0.884296875 0.5937626953125 0.880169921875 0.599265625 0.87741845703125 0.60683203125 0.87741845703125 0.61095947265625 0.87741845703125 0.6157744140625 0.8822333984375 0.6150869140625 0.8897998046875 0.6137109375 0.8932392578125 0.61095947265625 0.8980546875 0.60752001953125 0.89943017578125 0.60545654296875 0.9001181640625
0 0.6183388671875 0.8852978515625 0.6252177734375 0.88323388671875 0.6286572265625 0.87635546875 0.62659375 0.86878857421875 0.62040283203125 0.86741259765625 0.61558740234375 0.86878857421875 0.6128359375 0.87085205078125 0.61214794921875 0.87222802734375 0.61146044921875 0.87979443359375 0.6142119140625 0.8825458984375
0 0.63107470703125 0.90252392578125 0.6294072265625 0.89524072265625 0.63215869140625 0.88836181640625 0.63697412109375 0.887673828125 0.638349609375 0.89317724609375 0.6362861328125 0.8993681640625
0 0.60781787109375 0.92202978515625 0.6115849609375 0.923068359375 0.61639990234375 0.922380859375 0.62327880859375 0.91962939453125 0.62534228515625 0.91687744140625 0.62327880859375 0.9134384765625 0.6191513671875 0.91137451171875 0.6136484375 0.91275048828125 0.609521484375 0.915501953125 0.60677001953125 0.9175654296875
0 0.710251953125 0.9820478515625 0.70500048828125 0.98354833984375 0.69831982421875 0.98085009765625 0.6997490234375 0.97717138671875 0.70500048828125 0.9756708984375 0.70837646484375 0.97717138671875
0 0.6980068359375 0.9746591796875 0.69456787109375 0.96984423828125 0.695943359375 0.9636533203125 0.70075830078125 0.96227734375 0.70419775390625 0.96778076171875 0.7048857421875 0.97328369140625
0 0.71116748046875 0.9566083984375 0.70382275390625 0.95277197265625 0.70519873046875 0.94382958984375 0.71414111328125 0.945205078125 0.7155166015625 0.9500205078125
0 0.67807470703125 0.90387841796875 0.68367138671875 0.899771484375 0.68562451171875 0.891958984375 0.68147412109375 0.8853671875 0.67469873046875 0.8832470703125 0.67094775390625 0.886623046875 0.67094775390625 0.89149951171875 0.67319873046875 0.89750146484375
0 0.67769970703125 0.86674169921875 0.6720732421875 0.861865234375 0.67274365234375 0.8535927734375 0.67824658203125 0.8529052734375 0.68031005859375 0.86184765625
0 0.3821826171875 0.532470703125 0.3897509765625 0.529296875 0.3958544921875 0.521728515625 0.3982958984375 0.512939453125 0.3951220703125 0.5048828125 0.3843798828125 0.50390625 0.3770556640625 0.50537109375 0.3724169921875 0.510986328125 0.3689990234375 0.519775390625 0.3694873046875 0.525634765625 0.3760791015625 0.5322265625
0 0.36592822265625 0.6439404296875 0.37496142578125 0.6393017578125 0.37862353515625 0.6336865234375 0.37911181640625 0.6278271484375 0.37300830078125 0.6212353515625 0.36226611328125 0.6227001953125 0.35616259765625 0.6307568359375 0.35958056640625 0.6419873046875
0 0.3465380859375 0.6952099609375 0.3522158203125 0.6904931640625 0.3539501953125 0.685984375 0.351869140625 0.68147607421875 0.3459736328125 0.67731396484375 0.3394580078125 0.6783642578125 0.3343310546875 0.6854443359375 0.3365283203125 0.6920361328125 0.3428759765625 0.6954541015625
0 0.3609814453125 0.67219677734375 0.3663525390625 0.66926708984375 0.3683056640625 0.66340771484375 0.3673291015625 0.65754833984375 0.3626904296875 0.65486279296875 0.3565869140625 0.65706005859375 0.354296875 0.66378857421875 0.354990234375 0.6686435546875
0 0.964185546875 0.8311748046875 0.9608095703125 0.8251728515625 0.95780908203125 0.820671875 0.95668359375 0.814294921875 0.95855908203125 0.80829296875 0.9624658203125 0.8033779296875 0.96934423828125 0.8102568359375 0.9700322265625 0.82195068359375 0.9665927734375 0.82745361328125
0 0.979849609375 0.78574267578125 0.97446484375 0.7840810546875 0.97071337890625 0.77995458984375 0.96953125 0.76854541015625 0.97446484375 0.76419970703125 0.981591796875 0.767576171875 0.98604052734375 0.774736328125 0.98604052734375 0.7836787109375
0 0.98135009765625 0.73352734375 0.97997412109375 0.7287119140625 0.97997412109375 0.72527294921875 0.9841015625 0.72183349609375 0.99029248046875 0.72183349609375 0.99029248046875 0.72596044921875 0.987541015625 0.73283935546875
0 0.902181640625 0.81557177734375 0.8987421875 0.81006884765625 0.9001181640625 0.8045654296875 0.905359375 0.8019892578125 0.91098583984375 0.804615234375 0.91181201171875 0.809380859375
0 0.91006103515625 0.7927470703125 0.90524609375 0.787244140625 0.9073095703125 0.77967724609375 0.91143701171875 0.77279833984375 0.91969140625 0.765919921875 0.9245068359375 0.76523193359375 0.92373974609375 0.77760693359375 0.91961328125 0.785859375 0.9151123046875 0.78998583984375
0 0.90280712890625 0.773861328125 0.89661669921875 0.77592529296875 0.88997998046875 0.77460595703125 0.886986328125 0.77042236328125 0.8856103515625 0.7649189453125 0.8924892578125 0.76216748046875 0.8979921875 0.76216748046875 0.90074365234375 0.76216748046875 0.90624658203125 0.76560693359375 0.90624658203125 0.769734375
0 0.86372265625 0.804615234375 0.85890771484375 0.7957490234375 0.8616591796875 0.78818212890625 0.86716259765625 0.78611865234375 0.8719775390625 0.79024609375 0.86922607421875 0.79712451171875
0 0.80612548828125 0.81679443359375 0.798625 0.81513427734375 0.79724951171875 0.808943359375 0.798625 0.80137646484375 0.80550390625 0.794498046875 0.8110068359375 0.7965615234375 0.8130703125 0.79724951171875 0.81169482421875 0.8068798828125
0 0.78549462890625 0.78678515625 0.78999609375 0.78265869140625 0.79112109375 0.7766572265625 0.7869951171875 0.77290576171875 0.781005859375 0.77355078125 0.7763671875 0.782095703125 0.7798681640625 0.78641015625
0 0.80519091796875 0.76566943359375 0.799 0.76291796875 0.7983125 0.75535107421875 0.80312744140625 0.7505361328125 0.80863037109375 0.74984814453125 0.8113818359375 0.752599609375 0.8113818359375 0.759478515625
0 0.7814052734375 0.69600927734375 0.7884853515625 0.69234716796875 0.7945888671875 0.68526708984375 0.7955654296875 0.68087255859375 0.7923916015625 0.67818701171875 0.78286865234375 0.68287841796875 0.7764921875 0.6873798828125 0.7734912109375 0.69150634765625 0.7767666015625 0.69625341796875
0 0.63531396484375 0.772375 0.6304375 0.77124951171875 0.62840673828125 0.76610693359375 0.63268798828125 0.76412255859375 0.637189453125 0.76787353515625
0 0.58669677734375 0.78180322265625 0.58167236328125 0.78309130859375 0.57775439453125 0.78180322265625 0.57637841796875 0.77698828125 0.5791298828125 0.7721728515625 0.5846328125 0.77079736328125 0.588072265625 0.77423681640625
0 0.46337890625 0.79789013671875 0.470458984375 0.79569287109375 0.474609375 0.78763623046875 0.470458984375 0.78055615234375 0.463134765625 0.77909130859375 0.45556640625 0.78372998046875 0.455078125 0.79007763671875 0.458740234375 0.79666943359375
0 0.4205517578125 0.72639599609375 0.4234814453125 0.72444287109375 0.42435205078125 0.721359375 0.42192431640625 0.7178916015625 0.4184560546875 0.7154638671875 0.41429443359375 0.7178916015625 0.41429443359375 0.7210126953125 0.4164013671875 0.72615185546875
0 0.444033203125 0.76491357421875 0.437154296875 0.76353759765625 0.43233935546875 0.75872265625 0.43646630859375 0.75253173828125 0.44472119140625 0.75459521484375 0.44654736328125 0.760896484375
0 0.57801171875 0.70442333984375 0.583138671875 0.70320263671875 0.5845087890625 0.69869677734375 0.58338330078125 0.6945703125 0.5811328125 0.69269482421875 0.5770068359375 0.69156982421875 0.572640625 0.69270458984375 0.57312890625 0.70198193359375
0 0.61200732421875 0.73056396484375 0.61689013671875 0.72519287109375 0.61493701171875 0.71786865234375 0.60969921875 0.71735009765625 0.6051982421875 0.7184755859375 0.601822265625 0.72110107421875 0.60144677734375 0.72672802734375 0.60541552734375 0.73080810546875
0 0.67680859375 0.71151513671875 0.67153369140625 0.70582421875 0.6741591796875 0.69869677734375 0.6801611328125 0.6938203125 0.6869130859375 0.6964462890625 0.68991357421875 0.70469873046875 0.6857509765625 0.71151513671875
0 0.216025390625 0.61813916015625 0.22115234375 0.61691845703125 0.228232421875 0.60983837890625 0.231162109375 0.60251416015625 0.231162109375 0.59763134765625 0.22896484375 0.59445751953125 0.221640625 0.59348095703125 0.2167578125 0.59494580078125 0.210654296875 0.60153759765625 0.207236328125 0.60983837890625 0.207724609375 0.61423291015625 0.211875 0.61838330078125
0 0.28169970703125 0.60396728515625 0.27435546875 0.5998271484375 0.27069384765625 0.5902099609375 0.27550927734375 0.58745849609375 0.28101220703125 0.59158544921875 0.28302587890625 0.5980927734375
0 0.28558056640625 0.55423779296875 0.29046337890625 0.55130810546875 0.29436962890625 0.54447216796875 0.29485791015625 0.54007763671875 0.29266064453125 0.53690380859375 0.28631298828125 0.53739208984375 0.27938623046875 0.54548583984375 0.27903955078125 0.55034130859375
0 0.44754833984375 0.59427734375 0.45267529296875 0.591591796875 0.45829052734375 0.58451171875 0.45804638671875 0.575478515625 0.44974560546875 0.574990234375 0.44071240234375 0.58109375 0.43924755859375 0.585 0.44022412109375 0.59232421875 0.44290966796875 0.594521484375
0 0.498818359375 0.58039990234375 0.51126953125 0.57527294921875 0.513466796875 0.57258740234375 0.512001953125 0.56428662109375 0.50736328125 0.56062451171875 0.49759765625 0.56208935546875 0.48972265625 0.5717353515625 0.493203125 0.58064404296875
0 0.9503330078125 0.63459765625 0.9462060546875 0.6290947265625 0.94758154296875 0.6222158203125 0.9503330078125 0.616712890625 0.9537724609375 0.6153369140625 0.9572119140625 0.62152783203125 0.9558359375 0.62840673828125
0 0.61777587890625 0.66242529296875 0.6150244140625 0.6541708984375 0.6184638671875 0.64866796875 0.6225908203125 0.64797998046875 0.6260302734375 0.6507314453125 0.62534228515625 0.6576103515625
0 0.74159375 0.5791298828125 0.73746630859375 0.57637841796875 0.7360908203125 0.57293896484375 0.738154296875 0.56743603515625 0.74105615234375 0.56633154296875 0.74443212890625 0.57008251953125 0.7466826171875 0.57570947265625
0 0.9640908203125 0.602642578125 0.95612451171875 0.602677734375 0.951708984375 0.59851513671875 0.95446044921875 0.59301220703125 0.95996337890625 0.58888525390625 0.96546630859375 0.58888525390625 0.9675302734375 0.59232421875 0.96684228515625 0.59851513671875
0 0.89835791015625 0.588798828125 0.90210888671875 0.5865478515625 0.90245703125 0.581072265625 0.894400390625 0.576921875 0.888052734375 0.5778984375 0.88634375 0.580095703125 0.88683203125 0.585466796875 0.8927314453125 0.588798828125
0 0.0648603515625 0.3460830078125 0.061392578125 0.3485107421875 0.053666015625 0.34944140625 0.0488505859375 0.34462646484375 0.05091455078125 0.3370595703125 0.05710546875 0.33430810546875 0.06329638671875 0.3370595703125 0.0667353515625 0.33981103515625
0 0.36630322265625 0.39106689453125 0.35942431640625 0.394505859375 0.3532333984375 0.393818359375 0.35254541015625 0.38831494140625 0.3566728515625 0.3848759765625 0.36148779296875 0.3848759765625
0 0.680560546875 0.523849609375 0.672994140625 0.5293525390625 0.666115234375 0.52866455078125 0.66787939453125 0.52031884765625 0.673130859375 0.51469189453125 0.680560546875 0.51077978515625 0.68606396484375 0.51353125 0.68468798828125 0.51765869140625
0 0.96334033203125 0.51209326171875 0.95912548828125 0.5058984375 0.9613759765625 0.50102197265625 0.964376953125 0.499521484375 0.97112890625 0.499896484375 0.96953125 0.50590234375 0.96884375 0.51002978515625
0 0.8532177734375 0.47375927734375 0.8463388671875 0.47031982421875 0.8463388671875 0.46481689453125 0.85046630859375 0.4586259765625 0.85940869140625 0.4551865234375 0.865599609375 0.45793798828125 0.865599609375 0.46344091796875 0.86147216796875 0.4696318359375
0 0.60599169921875 0.49991650390625 0.60189208984375 0.4998984375 0.59776513671875 0.49301953125 0.59776513671875 0.48682861328125 0.59982861328125 0.47857421875 0.6039560546875 0.4730712890625 0.609458984375 0.47031982421875 0.6128984375 0.4730712890625 0.61221044921875 0.47926220703125 0.6115224609375 0.4875166015625 0.60877099609375 0.49714697265625
0 0.90737841796875 0.3023837890625 0.90286962890625 0.30204052734375 0.902181640625 0.29172216796875 0.9042451171875 0.2834677734375 0.90974853515625 0.28140380859375 0.9145634765625 0.282091796875 0.916380859375 0.2828779296875 0.91750634765625 0.28587890625 0.91825634765625 0.2892548828125 0.91750634765625 0.29113037109375 0.916005859375 0.29713232421875 0.9122548828125 0.30163330078125
0 0.84630419921875 0.40327978515625 0.83858447265625 0.40215771484375 0.837896484375 0.39183935546875 0.84292822265625 0.38752490234375 0.84893017578125 0.389400390625 0.8504306640625 0.39727783203125
0 0.88006396484375 0.37852197265625 0.88381494140625 0.3740205078125 0.8856904296875 0.3672685546875 0.882689453125 0.36276708984375 0.87593798828125 0.3608916015625 0.87158203125 0.364013671875 0.8701171875 0.372802734375 0.874267578125 0.37890625
0 0.96002587890625 0.3844609375 0.9538349609375 0.37827001953125 0.9558984375 0.36932763671875 0.95864990234375 0.36795166015625 0.96208935546875 0.370015625 0.96690478515625 0.37139111328125 0.9682802734375 0.37689404296875 0.9648408203125 0.38170947265625
0 0.88330078125 0.343017578125 0.888916015625 0.3408203125 0.89356787109375 0.3346337890625 0.8928173828125 0.3290068359375 0.88794140625 0.32713134765625 0.882689453125 0.32750634765625 0.87968896484375 0.33013232421875 0.8759765625 0.333740234375 0.87744140625 0.341552734375
0 0.7868857421875 0.29086328125 0.79584521484375 0.28898486328125 0.80243701171875 0.28190478515625 0.80487841796875 0.27653369140625 0.80487841796875 0.26823291015625 0.80170458984375 0.26359423828125 0.79779833984375 0.26310595703125 0.79138720703125 0.2691064453125 0.7853857421875 0.278109375 0.782384765625 0.284861328125 0.782384765625 0.2889873046875
0 0.60740478515625 0.4066943359375 0.60026611328125 0.40541015625 0.59802734375 0.402193359375 0.595451171875 0.395091796875 0.598890625 0.39234033203125 0.60714501953125 0.39234033203125 0.609896484375 0.3971552734375 0.61058447265625 0.4005947265625
0 0.6035419921875 0.357525390625 0.60879345703125 0.35790087890625 0.61568701171875 0.35049072265625 0.61471044921875 0.34267822265625 0.6102939453125 0.33952001953125 0.6042919921875 0.3410205078125 0.6031669921875 0.344771484375 0.600166015625 0.3503984375 0.599791015625 0.35527490234375
0 0.6576728515625 0.3222392578125 0.66355908203125 0.32339013671875 0.6665595703125 0.317763671875 0.66730322265625 0.31054541015625 0.6583076171875 0.3158876953125
0 0.68749755859375 0.34555615234375 0.68149560546875 0.3440556640625 0.6788701171875 0.3376787109375 0.6792470703125 0.3273037109375 0.68337451171875 0.32180078125 0.68887744140625 0.32180078125 0.69231689453125 0.33005517578125 0.69369287109375 0.33349462890625 0.6930048828125 0.34106103515625
0 0.29413671875 0.2120166015625 0.29849609375 0.2107939453125 0.30023046875 0.20420458984375 0.3030048828125 0.197615234375 0.30196435546875 0.19171923828125 0.297798828125 0.1888232421875 0.2936484375 0.1929736328125 0.28925390625 0.2007861328125 0.28827734375 0.2085986328125 0.289498046875 0.2107958984375
0 0.43577880859375 0.130349609375 0.42889990234375 0.13654052734375 0.422708984375 0.13791650390625 0.4206455078125 0.1337890625 0.4247724609375 0.129662109375 0.429587890625 0.1282861328125
0 0.4753115234375 0.1468701171875 0.466369140625 0.1496220703125 0.46224169921875 0.14549462890625 0.46224169921875 0.1406796875 0.4684326171875 0.13448876953125 0.48150244140625 0.13655224609375
0 0.57650146484375 0.1123271484375 0.5771953125 0.10885888671875 0.5771953125 0.105390625 0.57466845703125 0.0992490234375 0.57076220703125 0.0987607421875 0.56856494140625 0.1014462890625 0.56856494140625 0.1092587890625 0.57271533203125 0.1138974609375
0 0.66248681640625 0.24410009765625 0.65704736328125 0.246322265625 0.6515439453125 0.24701025390625 0.64672900390625 0.239443359375 0.6474169921875 0.23600390625 0.6508564453125 0.231876953125 0.656359375 0.23325244140625 0.65911083984375 0.2339404296875 0.66211181640625 0.23734814453125
0 0.687126953125 0.20748828125 0.6857509765625 0.20129736328125 0.68850244140625 0.19235498046875 0.6933173828125 0.189603515625 0.6981328125 0.19029150390625 0.69882080078125 0.1909794921875 0.70088427734375 0.19373095703125 0.70088427734375 0.1985458984375 0.69882080078125 0.20473681640625 0.694693359375 0.2088642578125
0 0.78819921875 0.21137255859375 0.79405859375 0.20746630859375 0.79309228515625 0.20256005859375 0.791966796875 0.19580810546875 0.78709033203125 0.1935576171875 0.78221435546875 0.1939326171875 0.7803388671875 0.19693359375 0.778087890625 0.20181005859375 0.7779453125 0.20795458984375 0.784048828125 0.21161669921875
0 0.76059326171875 0.2300068359375 0.76547607421875 0.2270771484375 0.7672099609375 0.2214736328125 0.76608447265625 0.21697216796875 0.76233349609375 0.2158466796875 0.75708203125 0.21884765625 0.75375732421875 0.2226826171875 0.75424560546875 0.2275654296875
0 0.769734375 0.17825537109375 0.76216748046875 0.172064453125 0.7649189453125 0.16724951171875 0.77042236328125 0.16793701171875 0.77592529296875 0.1741279296875
0 0.9067353515625 0.190162109375 0.90485986328125 0.18641064453125 0.9059853515625 0.1807841796875 0.909435546875 0.1776591796875 0.9149384765625 0.1776591796875 0.91498779296875 0.18603564453125 0.91012353515625 0.18935302734375
0 0.816515625 0.01375732421875 0.8254580078125 0.01306982421875 0.8302734375 0.00687890625 0.82958544921875 0 0.82064306640625 0.00412744140625 0.8178916015625 0.00825439453125
0 0.93890087890625 0.08478076171875 0.94109814453125 0.08453662109375 0.94378369140625 0.08038623046875 0.945689453125 0.067587890625 0.93736572265625 0.062732421875 0.93255322265625 0.06427294921875 0.92864697265625 0.07501513671875 0.93035595703125 0.08356005859375
0 0.945451171875 0.1217763671875 0.952953125 0.12402685546875 0.959876953125 0.1135361328125 0.959876953125 0.10459375 0.952998046875 0.1025302734375 0.94611962890625 0.1059697265625 0.945431640625 0.114912109375
0 0.98836181640625 0.0946689453125 0.98172509765625 0.09330078125 0.97759765625 0.085734375 0.980109375 0.08341552734375 0.98378857421875 0.08160693359375 0.98860400390625 0.08504638671875 0.99273095703125 0.086421875 0.99273095703125 0.089861328125
0 0.48985791015625 0.2779990234375 0.48396240234375 0.27591796875 0.48207568359375 0.2674755859375 0.4899326171875 0.2646181640625 0.4961005859375 0.27175634765625 0.49506005859375 0.27661181640625
0 0.3892236328125 0.261802734375 0.38636669921875 0.25394580078125 0.38708056640625 0.247517578125 0.3892236328125 0.24680322265625 0.39422314453125 0.245375 0.39779443359375 0.24680322265625 0.39779443359375 0.25037451171875 0.397080078125 0.2603740234375
0 0.357796875 0.29816748046875 0.35351123046875 0.2960244140625 0.35136865234375 0.2938818359375 0.34851123046875 0.28816796875 0.34993994140625 0.28316796875 0.3542255859375 0.28173974609375 0.359939453125 0.2845966796875 0.3635107421875 0.28959619140625 0.36279638671875 0.29316748046875
0 0.41980322265625 0.28562890625 0.4170283203125 0.28216064453125 0.4170283203125 0.2779990234375 0.42049658203125 0.275224609375 0.42604541015625 0.272796875 0.43032373046875 0.2768017578125 0.427466796875 0.282515625
0 0.56251123046875 0.67959619140625 0.5653212890625 0.6908359375 0.55689111328125 0.7076962890625 0.5484609375 0.71331640625 0.5337080078125 0.71472119140625 0.523169921875 0.71682861328125 0.5196572265625 0.7098037109375 0.51825244140625 0.70067138671875 0.52035986328125 0.6908359375 0.5266826171875 0.68521630859375 0.54213818359375 0.68170361328125 0.55337841796875 0.68029833984375
0 0.56141650390625 0.7647109375 0.55299267578125 0.7631943359375 0.5522900390625 0.75687158203125 0.56001806640625 0.755466796875 0.56366748046875 0.75945947265625
0 0.799234375 0.88137158203125 0.79339697265625 0.88048974609375 0.789884765625 0.87416748046875 0.79480224609375 0.8699521484375 0.801125 0.87065478515625 0.8026103515625 0.8772451171875
0 0.5875791015625 0.5002763671875 0.57730126953125 0.5023525390625 0.57185693359375 0.5010419921875 0.56885107421875 0.49593603515625 0.5695732421875 0.492517578125 0.58151611328125 0.48970751953125 0.589244140625 0.492517578125
0 0.51527978515625 0.40061376953125 0.50877294921875 0.39483837890625 0.51509521484375 0.38430126953125 0.523525390625 0.38289599609375 0.52914599609375 0.3857060546875 0.53055078125 0.39413623046875 0.52422802734375 0.39835107421875
0 0.991908203125 0.03844140625 0.9874072265625 0.0346904296875 0.98590673828125 0.0290634765625 0.9921142578125 0.02642431640625 0.99632958984375 0.029234375 0.99773486328125 0.03415185546875
0 0.79234423828125 0.43505322265625 0.78444873046875 0.43444189453125 0.7830439453125 0.4295244140625 0.78796142578125 0.4224990234375 0.7963916015625 0.421796875 0.799904296875 0.423904296875 0.7984990234375 0.43092919921875
0 0.9313671875 0.56779248046875 0.92499072265625 0.5670419921875 0.92223779296875 0.559185546875 0.92575048828125 0.55286279296875 0.928560546875 0.55286279296875 0.93066796875 0.5577802734375
0 0.26934716796875 0.20644091796875 0.25904052734375 0.20203662109375 0.25693310546875 0.19430908203125 0.263255859375 0.190796875 0.27028125 0.1914990234375 0.27309130859375 0.1985244140625
0 0.4504638671875 0.3755244140625 0.44414111328125 0.38114404296875 0.4357109375 0.38465673828125 0.428685546875 0.38254931640625 0.42938818359375 0.374119140625 0.43711572265625 0.36920166015625 0.4455458984375 0.3684990234375
0 0.66161474609375 0.38044189453125 0.66052587890625 0.3674716796875 0.66263330078125 0.35904150390625 0.66755078125 0.355529296875 0.67176611328125 0.3611494140625 0.67061767578125 0.37068896484375 0.66761669921875 0.3759404296875
0 0.55286572265625 0.6552021484375 0.5470732421875 0.652220703125 0.54777587890625 0.63887353515625 0.552693359375 0.63255078125 0.5562060546875 0.6311455078125 0.56042138671875 0.634658203125 0.5632314453125 0.6444931640625 0.56042138671875 0.6536259765625
0 0.9314853515625 0.71953271484375 0.92885986328125 0.71728173828125 0.92926318359375 0.71104736328125 0.9341806640625 0.7082373046875 0.93909814453125 0.7103447265625 0.937693359375 0.71526220703125
0 0.94256787109375 0.64743212890625 0.93661572265625 0.6424814453125 0.932400390625 0.6354560546875 0.9345078125 0.62843115234375 0.93942578125 0.627728515625 0.9450458984375 0.6354560546875 0.94524658203125 0.6431904296875
0 0.550078125 0.8873583984375 0.54470556640625 0.884330078125 0.54611083984375 0.8766025390625 0.55243310546875 0.8773046875 0.5524970703125 0.8834609375
0 0.7025791015625 0.51769189453125 0.6938818359375 0.51178759765625 0.69036962890625 0.50546484375 0.695287109375 0.49703515625 0.7030146484375 0.4935224609375 0.70933740234375 0.49281982421875 0.71706494140625 0.49492724609375 0.719875 0.50265478515625 0.71566015625 0.50827490234375 0.71144482421875 0.51389501953125
0 0.70504833984375 0.5790966796875 0.69874169921875 0.584498046875 0.691013671875 0.58660546875 0.686798828125 0.582390625 0.68820361328125 0.57185302734375 0.691013671875 0.56834033203125 0.69522900390625 0.56763818359375 0.70225390625 0.56763818359375 0.7057666015625 0.57325830078125
0 0.2484892578125 0.75219384765625 0.2442880859375 0.76352734375 0.23656005859375 0.76633740234375 0.2329140625 0.76471142578125 0.2302373046875 0.75720458984375 0.23656005859375 0.75298974609375 0.24218017578125 0.7501796875
0 0.5883740234375 0.84561962890625 0.583576171875 0.84011962890625 0.58568359375 0.83449951171875 0.592708984375 0.83239208984375 0.596923828125 0.83590478515625 0.596923828125 0.83941748046875
0 0.7587099609375 0.81354443359375 0.75795947265625 0.80716748046875 0.76096044921875 0.801916015625 0.76623095703125 0.7983447265625 0.76833837890625 0.80115478515625 0.7676357421875 0.8081796875 0.76482568359375 0.81239453125
0 0.516625 0.1836982421875 0.5168564453125 0.17461669921875 0.5210712890625 0.1661865234375 0.52528662109375 0.17531884765625 0.52321435546875 0.18265771484375
0 0.384990234375 0.03270068359375 0.37914453125 0.04330224609375 0.3749296875 0.04892236328125 0.365796875 0.0461123046875 0.365796875 0.0369794921875 0.3714169921875 0.0306572265625 0.3805498046875 0.02784716796875
0 0.612916015625 0.13001904296875 0.6131103515625 0.12302294921875 0.616623046875 0.11529541015625 0.620837890625 0.11318798828125 0.6264580078125 0.11459326171875 0.62926806640625 0.115998046875 0.62364794921875 0.12442822265625 0.6205458984375 0.13036572265625
0 0.650904296875 0.21097509765625 0.6454931640625 0.1992880859375 0.64830322265625 0.189453125 0.65251806640625 0.189453125 0.6553642578125 0.198205078125 0.65573974609375 0.20495703125
0 0.5180576171875 0.647033203125 0.514037109375 0.65148193359375 0.5084169921875 0.65358984375 0.502796875 0.65288720703125 0.500689453125 0.64726708984375 0.5042021484375 0.642349609375 0.50911962890625 0.6388369140625 0.51263232421875 0.6367294921875 0.51614501953125 0.64164697265625
0 0.737052734375 0.83833984375 0.732134765625 0.83412451171875 0.73072998046875 0.82920703125 0.73635009765625 0.82639697265625 0.741267578125 0.82990966796875 0.7426728515625 0.83552978515625
0 0.8707490234375 0.109712890625 0.8639287109375 0.10831494140625 0.86111865234375 0.10410009765625 0.8639287109375 0.0991826171875 0.86884619140625 0.0991826171875 0.87446630859375 0.10058740234375 0.87727685546875 0.104802734375
0 0.923240234375 0.21154345703125 0.92045751953125 0.20493359375 0.92116015625 0.1993134765625 0.9267802734375 0.19650341796875 0.93169775390625 0.1972060546875 0.93310302734375 0.2014208984375 0.93169775390625 0.207041015625 0.928603515625 0.21227392578125
0 0.99547509765625 0.53119970703125 0.9895087890625 0.52727978515625 0.9857578125 0.5224033203125 0.98335693359375 0.5156298828125 0.98686962890625 0.51281982421875 0.9931923828125 0.514927734375 0.9974072265625 0.5205478515625
0 0.36608837890625 0.70540625 0.361955078125 0.7154013671875 0.35352490234375 0.71891357421875 0.3450947265625 0.721021484375 0.34158203125 0.71469873046875 0.34931005859375 0.70345849609375 0.35844287109375 0.69924365234375 0.3633603515625 0.7006484375
0 0.50454345703125 0.8656767578125 0.49543359375 0.866083984375 0.48840869140625 0.861869140625 0.49121875 0.85343896484375 0.49754150390625 0.85343896484375 0.50526904296875 0.857654296875
0 0.4373330078125 0.7417255859375 0.4315048828125 0.73577392578125 0.43290966796875 0.729451171875 0.44063720703125 0.72734375 0.44625732421875 0.7329638671875 0.443447265625 0.73998876953125
0 0.30524365234375 0.8938486328125 0.29835498046875 0.89463232421875 0.29414013671875 0.88971484375 0.29206494140625 0.88171044921875 0.29835498046875 0.87987939453125 0.30538037109375 0.882689453125 0.3102978515625 0.88549951171875 0.311703125 0.88901220703125
0 0.33784375 0.8718984375 0.33806982421875 0.88048974609375 0.33315185546875 0.88540771484375 0.3296396484375 0.8868125 0.32401904296875 0.88610986328125 0.32362451171875 0.88022216796875 0.32682958984375 0.87416748046875 0.33104443359375 0.871357421875
0 0.432193359375 0.8868818359375 0.4248173828125 0.8853984375 0.4206025390625 0.883291015625 0.41708984375 0.87626611328125 0.419197265625 0.8692412109375 0.42762744140625 0.86713330078125 0.43465283203125 0.8692412109375 0.437462890625 0.87415869140625 0.4381650390625 0.88188623046875
0 0.85253466796875 0.63200390625 0.84852099609375 0.62419091796875 0.85062841796875 0.61435595703125 0.85484375 0.6115458984375 0.85765380859375 0.6157607421875 0.85976123046875 0.621380859375 0.8582216796875 0.62968603515625
0 0.05956591796875 0.76034521484375 0.0535498046875 0.75760546875 0.05284716796875 0.753390625 0.05706201171875 0.7477705078125 0.06127734375 0.75268798828125
0 0.67866064453125 0.68294189453125 0.67153369140625 0.68631787109375 0.66431787109375 0.685095703125 0.6629130859375 0.6815830078125 0.6650205078125 0.675962890625 0.670640625 0.67385546875 0.677666015625 0.671748046875 0.68258349609375 0.67526025390625
0 0.9623232421875 0.23686572265625 0.95925048828125 0.24305322265625 0.95249853515625 0.2460537109375 0.94912255859375 0.24455322265625 0.94879052734375 0.23891064453125 0.9586259765625 0.2339931640625
0 0.67751123046875 0.0221533203125 0.67175732421875 0.0176474609375 0.67245947265625 0.01272998046875 0.6745673828125 0.0085146484375 0.67807958984375 0.00710986328125 0.68299755859375 0.0064072265625 0.6871328125 0.0086298828125 0.68861767578125 0.01272998046875 0.68721240234375 0.02045751953125
0 0.58170263671875 0.2942392578125 0.577201171875 0.29348876953125 0.56857373046875 0.2942392578125 0.56737060546875 0.28846142578125 0.57369287109375 0.2856513671875 0.577908203125 0.28494873046875 0.5835283203125 0.2877587890625 0.58633837890625 0.29267626953125
0 0.7490380859375 0.23728564453125 0.73888037109375 0.23710546875 0.73326025390625 0.234998046875 0.72974755859375 0.232890625 0.7283427734375 0.23008056640625 0.72764013671875 0.22446044921875 0.73185498046875 0.2181376953125 0.7360703125 0.2160302734375 0.743095703125 0.21673291015625 0.7487158203125 0.22094775390625 0.75152587890625 0.2251630859375 0.75363330078125 0.232890625
0 0.56822705078125 0.86180712890625 0.56180322265625 0.85978955078125 0.561248046875 0.850912109375 0.56735595703125 0.84869287109375 0.5701025390625 0.8550546875
0 0.2375146484375 0.62157763671875 0.23598828125 0.62532275390625 0.2283701171875 0.62668359375 0.22238427734375 0.6258671875 0.22020751953125 0.623689453125 0.22156787109375 0.6204228515625 0.22646533203125 0.61797265625 0.231634765625 0.61742822265625
0 0.25322900390625 0.6224755859375 0.25448974609375 0.62750048828125 0.25394580078125 0.634578125 0.25040869140625 0.640294921875 0.2430625 0.639478515625 0.240341796875 0.6356669921875 0.24061376953125 0.62995068359375 0.24415087890625 0.62396142578125 0.2479599609375 0.6226005859375
0 0.31653564453125 0.64043505859375 0.31217138671875 0.64111181640625 0.30890625 0.63730078125 0.31026708984375 0.6334892578125 0.314076171875 0.63430615234375
0 0.63217138671875 0.5443525390625 0.63516650390625 0.54583935546875 0.63571044921875 0.55210009765625 0.63162939453125 0.554005859375 0.62754833984375 0.55373388671875 0.62727587890625 0.5507392578125
0 0.76248046875 0.545048828125 0.7556015625 0.54848828125 0.75078662109375 0.54573681640625 0.75078662109375 0.53817041015625 0.7569775390625 0.53541845703125 0.76248046875 0.5361064453125
0 0.98148046875 0.430310546875 0.97836572265625 0.43265673828125 0.973740234375 0.43129541015625 0.97292431640625 0.4272119140625 0.97564501953125 0.425306640625 0.9786376953125 0.4263955078125
0 0.9361328125 0.348146484375 0.932259765625 0.3537412109375 0.926818359375 0.35265234375 0.926001953125 0.3485693359375 0.92926708984375 0.3450302734375 0.9317158203125 0.34557470703125
0 0.9006630859375 0.08459326171875 0.8981630859375 0.07961767578125 0.89843505859375 0.0747177734375 0.902244140625 0.07281201171875 0.90550927734375 0.075806640625 0.9060537109375 0.08233984375
0 0.67572265625 0.05900146484375 0.669328125 0.0629404296875 0.6598056640625 0.06212353515625 0.65654052734375 0.0585849609375 0.6581728515625 0.05341259765625 0.6617099609375 0.04878466796875 0.668240234375 0.04905712890625 0.6715048828125 0.053140625
0 0.098912109375 0.59920556640625 0.09770263671875 0.60366650390625 0.09601123046875 0.60753564453125 0.09069384765625 0.61406494140625 0.085134765625 0.61285546875 0.0846513671875 0.60874462890625 0.0865849609375 0.60269921875 0.090935546875 0.59810498046875 0.094802734375 0.596412109375
0 0.1120732421875 0.59322314453125 0.10833740234375 0.5896416015625 0.1085791015625 0.58480517578125 0.11196240234375 0.58093603515625 0.1165546875 0.58262890625 0.11776318359375 0.58601416015625 0.11679638671875 0.59230126953125
0 0.14916455078125 0.80579931640625 0.15570849609375 0.80522607421875 0.157400390625 0.80764404296875 0.1586083984375 0.81272216796875 0.155466796875 0.816107421875 0.14942431640625 0.81465673828125 0.147732421875 0.80909521484375
0 0.27455712890625 0.708501953125 0.27600732421875 0.71237109375 0.2762490234375 0.71962548828125 0.2752822265625 0.72518701171875 0.2704482421875 0.72784716796875 0.2648896484375 0.72252734375 0.26585595703125 0.7147890625 0.27020654296875 0.7116455078125
0 0.178123046875 0.97557177734375 0.18150634765625 0.97919873046875 0.1831982421875 0.987904296875 0.18102294921875 0.99515869140625 0.17522265625 0.998060546875 0.16555517578125 0.9934658203125 0.16507177734375 0.98742041015625 0.16652197265625 0.98185888671875 0.17135546875 0.9758134765625
0 0.10050732421875 0.9613427734375 0.098365234375 0.96614111328125 0.0949814453125 0.96904248046875 0.09159814453125 0.96783349609375 0.08990625 0.96275537109375 0.0923232421875 0.95888671875 0.09618994140625 0.95719384765625
0 0.1495634765625 0.46200830078125 0.146703125 0.466275390625 0.1416279296875 0.46700048828125 0.13800244140625 0.46506591796875 0.13800244140625 0.4592626953125 0.143802734375 0.456119140625 0.14694482421875 0.45708642578125
0 0.18306494140625 0.31882861328125 0.18271484375 0.32303564453125 0.1795732421875 0.3252119140625 0.1766728515625 0.32569580078125 0.17546435546875 0.32327783203125 0.176189453125 0.319650390625 0.17933154296875 0.31819970703125
0 0.1994169921875 0.29210693359375 0.1993916015625 0.29546875 0.19576611328125 0.29764501953125 0.191416015625 0.2974033203125 0.189482421875 0.2949853515625 0.19044921875 0.29135791015625 0.19528271484375 0.2906328125
0 0.12443701171875 0.15490966796875 0.13123486328125 0.15634033203125 0.13341015625 0.1635947265625 0.12809326171875 0.1662548828125 0.1225341796875 0.16166015625 0.12205078125 0.1573076171875
0 0.20181005859375 0.05041650390625 0.198908203125 0.04748095703125 0.1993916015625 0.04385400390625 0.204466796875 0.04071044921875 0.2073671875 0.0436123046875 0.20760888671875 0.04772314453125
0 0.148765625 0.1704638671875 0.14404443359375 0.1686943359375 0.14307763671875 0.16579248046875 0.1462197265625 0.1624072265625 0.15129541015625 0.16458349609375 0.15129541015625 0.16700146484375
0 0.39962939453125 0.67259033203125 0.39443505859375 0.68284814453125 0.38911767578125 0.68671728515625 0.3833173828125 0.68599169921875 0.3813837890625 0.68405712890625 0.38355908203125 0.67825390625 0.388392578125 0.67414306640625 0.3946767578125 0.67220849609375
0 0.977533203125 0.8935419921875 0.9747412109375 0.90052099609375 0.967732421875 0.90995166015625 0.96168994140625 0.91575537109375 0.956373046875 0.91696435546875 0.95323095703125 0.91454638671875 0.95516455078125 0.90995166015625 0.96120654296875 0.89810302734375 0.96749072265625 0.8893974609375 0.9737744140625 0.88480322265625 0.9776416015625 0.88673779296875
0 0.75817724609375 0.920662109375 0.75794580078125 0.9324404296875 0.75311181640625 0.93679345703125 0.74368603515625 0.94162939453125 0.73426025390625 0.93993701171875 0.73135986328125 0.930748046875 0.7340185546875 0.923009765625 0.7434443359375 0.919140625 0.7511787109375 0.91841552734375
0 0.88859423828125 0.94858056640625 0.88362451171875 0.95130224609375 0.8780654296875 0.94791650390625 0.8770986328125 0.93993701171875 0.87685693359375 0.9326826171875 0.87830712890625 0.925427734375 0.8833828125 0.9210751953125 0.88628271484375 0.9249443359375 0.88869970703125 0.9351005859375 0.88966650390625 0.94356396484375
0 0.90540966796875 0.68400634765625 0.8893134765625 0.677365234375 0.88416357421875 0.66893408203125 0.8846318359375 0.6633134765625 0.89024951171875 0.66003466796875 0.9014853515625 0.661908203125 0.9075712890625 0.667060546875 0.9122529296875 0.676896484375 0.91178466796875 0.68298583984375
0 0.96025927734375 0.95207421875 0.96328125 0.9630849609375 0.96000390625 0.969642578125 0.95157763671875 0.97057958984375 0.946427734375 0.96542724609375 0.94595947265625 0.95605908203125 0.9487685546875 0.94997021484375 0.955791015625 0.9476279296875
0 0.9440361328125 0.9250361328125 0.934255859375 0.92420849609375 0.92910595703125 0.9143720703125 0.93238330078125 0.9092197265625 0.9365966796875 0.908283203125 0.9450234375 0.910625 0.9473642578125 0.91577734375 0.9473642578125 0.9195244140625
0 0.889958984375 0.697912109375 0.88088671875 0.704408203125 0.870119140625 0.70393994140625 0.86356494140625 0.699724609375 0.8616923828125 0.69222998046875 0.8663740234375 0.6852041015625 0.876205078125 0.6852041015625 0.88744091796875 0.689419921875 0.89024951171875 0.69129345703125
0 0.833564453125 0.32168994140625 0.827517578125 0.326291015625 0.8190908203125 0.32441748046875 0.81628173828125 0.31832861328125 0.82096337890625 0.3150498046875 0.82704931640625 0.3150498046875
0 0.56909814453125 0.5258681640625 0.573779296875 0.53148876953125 0.573779296875 0.537109375 0.567693359375 0.5385146484375 0.56207568359375 0.53383056640625 0.56301220703125 0.5282099609375
0 0.5098740234375 0.5441787109375 0.50168408203125 0.54272998046875 0.4998115234375 0.53664111328125 0.506833984375 0.5333623046875 0.5119833984375 0.537109375
0 0.70764208984375 0.16409375 0.69971240234375 0.16793310546875 0.69409423828125 0.164185546875 0.69503076171875 0.15715966796875 0.70111669921875 0.15669140625 0.70626611328125 0.15715966796875
0 0.91158984375 0.445294921875 0.91084814453125 0.4508427734375 0.90476220703125 0.4503740234375 0.90523046875 0.44475341796875 0.90710302734375 0.4400693359375
0 0.97107470703125 0.0088154296875 0.96655859375 0.01847412109375 0.96047216796875 0.02081591796875 0.95391845703125 0.0142587890625 0.95391845703125 0.007701171875 0.9595361328125 0.00301708984375 0.96609033203125 0.00442236328125
0 0.2871826171875 0.75351171875 0.278755859375 0.7600693359375 0.2703291015625 0.7572587890625 0.27079736328125 0.74929638671875 0.27641552734375 0.74508056640625 0.28390576171875 0.7446123046875 0.28999169921875 0.748359375
0 0.25107666015625 0.874048828125 0.24645361328125 0.879509765625 0.23662255859375 0.87997802734375 0.23100439453125 0.874357421875 0.23287744140625 0.86592626953125 0.2384951171875 0.86452099609375 0.24411279296875 0.864052734375 0.25019873046875 0.86592626953125
0 0.65665478515625 0.93121630859375 0.6476591796875 0.92775439453125 0.64719091796875 0.92119677734375 0.6560859375 0.91979150390625 0.6598310546875 0.9268173828125
0 0.2124501953125 0.43911474609375 0.20712890625 0.44740380859375 0.19917041015625 0.44740380859375 0.196361328125 0.44225146484375 0.19776611328125 0.43569384765625 0.20385205078125 0.4352255859375
0 0.6844658203125 0.436796875 0.6766845703125 0.43428857421875 0.6766845703125 0.42819970703125 0.68698388671875 0.4296044921875 0.6902607421875 0.43288330078125
0 0.34918798828125 0.11542431640625 0.340083984375 0.11710400390625 0.3363388671875 0.11148291015625 0.33821142578125 0.10633056640625 0.3452333984375 0.1030517578125 0.35038330078125 0.107267578125
0 0.61474609375 0.97623681640625 0.60906201171875 0.9880830078125 0.60125146484375 0.99655029296875 0.59051171875 0.99850439453125 0.58237548828125 0.99589892578125 0.57977197265625 0.99231689453125 0.58074853515625 0.98547802734375 0.5882333984375 0.977662109375 0.60092578125 0.96984619140625 0.60645849609375 0.968869140625 0.61296728515625 0.970171875 0.614919921875 0.97277685546875
0 0.548828125 0.98111962890625 0.5429970703125 0.98091845703125 0.5387666015625 0.97798779296875 0.53844091796875 0.97342822265625 0.5429970703125 0.972451171875 0.54885498046875 0.97538232421875
0 0.32169677734375 0.9145048828125 0.3210458984375 0.9193896484375 0.31746630859375 0.92460009765625 0.31225927734375 0.92394873046875 0.3106318359375 0.92036669921875 0.31258447265625 0.91645849609375 0.315513671875 0.91287646484375 0.31779150390625 0.9132021484375
0 0.22021484375 0.94010400390625 0.21462646484375 0.94414013671875 0.207466796875 0.9444658203125 0.20388720703125 0.9405576171875 0.2045380859375 0.9356728515625 0.208443359375 0.93209033203125 0.2123486328125 0.93143896484375 0.21722998046875 0.9330673828125 0.21950830078125 0.93599853515625
0 0.40576171875 0.80924462890625 0.39915185546875 0.806384765625 0.3968740234375 0.8008486328125 0.39817578125 0.7962890625 0.40403369140625 0.7933583984375 0.4072880859375 0.7953125 0.40924072265625 0.7995458984375 0.40924072265625 0.80312841796875
0 0.37158203125 0.84635400390625 0.37083837890625 0.8500234375 0.3662822265625 0.85165185546875 0.36042431640625 0.84969775390625 0.3594482421875 0.84611572265625 0.36270263671875 0.84285888671875 0.36660791015625 0.84123046875 0.37051318359375 0.8418818359375
0 0.29541015625 0.57584619140625 0.2963125 0.58567041015625 0.2940341796875 0.5892529296875 0.28915283203125 0.5892529296875 0.28524755859375 0.58567041015625 0.28427099609375 0.58013427734375 0.28654931640625 0.5762265625 0.29045458984375 0.5742724609375
0 0.265720703125 0.49973828125 0.26995166015625 0.50429736328125 0.26930078125 0.5078798828125 0.265720703125 0.51113623046875 0.26083935546875 0.51211328125 0.25693408203125 0.510810546875 0.25595751953125 0.50755419921875 0.25823583984375 0.50364599609375 0.26214111328125 0.49973828125
0 0.326171875 0.36197900390625 0.319744140625 0.36856005859375 0.31095751953125 0.368234375 0.30575 0.36530322265625 0.30509912109375 0.36041845703125 0.3106318359375 0.35553369140625 0.3168154296875 0.354556640625 0.3236494140625 0.35716162109375
0 0.51611328125 0.32096337890625 0.50622216796875 0.320404296875 0.49678466796875 0.31551953125 0.49580810546875 0.311611328125 0.49971337890625 0.3086806640625 0.5094765625 0.30965771484375 0.51631103515625 0.3135654296875 0.51761279296875 0.316822265625
0 0.29736328125 0.23795556640625 0.29598681640625 0.241919921875 0.29110546875 0.24322265625 0.2862236328125 0.2406171875 0.284921875 0.23638330078125 0.28817626953125 0.23280126953125 0.29338330078125 0.2324755859375 0.2953359375 0.23475537109375
0 0.404296875 0.15299462890625 0.3968740234375 0.16056787109375 0.3864599609375 0.16382470703125 0.379951171875 0.15861376953125 0.37962548828125 0.15242626953125 0.384181640625 0.1416796875 0.3919921875 0.13874853515625 0.400779296875 0.1416796875 0.40566064453125 0.14623876953125
0 0.09326171875 0.14274072265625 0.0938876953125 0.1478671875 0.09095849609375 0.1540546875 0.08672802734375 0.1547060546875 0.08314794921875 0.15307763671875 0.0811953125 0.1485185546875 0.082171875 0.14363330078125 0.08672802734375 0.140376953125 0.09063330078125 0.140376953125
0 0.513671875 0.02652978515625 0.51233447265625 0.03355712890625 0.5077783203125 0.0368134765625 0.50387255859375 0.036162109375 0.50126904296875 0.0332314453125 0.50029296875 0.02671826171875 0.5032216796875 0.02346142578125 0.50875439453125 0.0231357421875
0 0.8564453125 0.04947900390625 0.851119140625 0.053748046875 0.84428466796875 0.05602783203125 0.8381015625 0.0530966796875 0.8367998046875 0.04886328125 0.8394033203125 0.0456064453125 0.845912109375 0.04300146484375 0.85274609375 0.04300146484375 0.85600048828125 0.0456064453125
0 0.96728515625 0.21549462890625 0.9559111328125 0.2087421875 0.95102978515625 0.2019033203125 0.95037890625 0.19539013671875 0.954609375 0.19017919921875 0.96534912109375 0.19701806640625 0.97153271484375 0.20418310546875 0.97576318359375 0.2106962890625 0.9725087890625 0.21590673828125
0 0.826171875 0.34147119140625 0.82150390625 0.343849609375 0.81434423828125 0.3418955078125 0.8123916015625 0.3383134765625 0.8140185546875 0.33407958984375 0.8202021484375 0.33180029296875 0.82508349609375 0.33375390625 0.8267109375 0.33668505859375
0 0.8125 0.66568994140625 0.80685888671875 0.6625458984375 0.80653369140625 0.65668359375 0.81108984375 0.65407861328125 0.816296875 0.65668359375 0.8175986328125 0.66189453125
0 0.75634765625 0.74869775390625 0.75251025390625 0.76439306640625 0.74632666015625 0.77514013671875 0.738841796875 0.7790478515625 0.733634765625 0.77514013671875 0.733634765625 0.76764990234375 0.73558740234375 0.76015966796875 0.7391669921875 0.751041015625 0.7443740234375 0.74517919921875 0.7505576171875 0.74322509765625 0.75348681640625 0.74355078125
0 0.9892578125 0.80094384765625 0.98194677734375 0.7992177734375 0.979994140625 0.794658203125 0.98162109375 0.7904248046875 0.985201171875 0.788470703125 0.9891064453125 0.7904248046875 0.99105908203125 0.7953095703125
0 0.96875 0.85514306640625 0.9646982421875 0.8591396484375 0.95916552734375 0.85946533203125 0.95623681640625 0.8565341796875 0.9568876953125 0.85262646484375 0.95981640625 0.850998046875 0.96534912109375 0.8516494140625
0 0.41015625 0.61197900390625 0.40224072265625 0.6120244140625 0.39540673828125 0.60844189453125 0.39410498046875 0.602580078125 0.3976845703125 0.5970439453125 0.40224072265625 0.59281005859375 0.40809912109375 0.592484375 0.411353515625 0.59541552734375 0.4126552734375 0.6032314453125 0.4126552734375 0.60713916015625
0 0.27392578125 0.67350244140625 0.272064453125 0.6794365234375 0.26522998046875 0.68139013671875 0.2580703125 0.680087890625 0.25872119140625 0.67455126953125 0.2619755859375 0.6699921875 0.2655556640625 0.66901513671875 0.2707626953125 0.6693408203125
0 0.0888671875 0.33561181640625 0.089166015625 0.34413134765625 0.0865625 0.35031884765625 0.0790771484375 0.35422705078125 0.0738701171875 0.3512958984375 0.073544921875 0.3438056640625 0.07582275390625 0.33598974609375 0.07972802734375 0.33208203125 0.0852607421875 0.33110498046875
0 0.2578125 0.21647119140625 0.25709375 0.2256328125 0.25383935546875 0.23540283203125 0.24570361328125 0.23410009765625 0.2427744140625 0.2256328125 0.245052734375 0.21586279296875 0.25123583984375 0.21358349609375
0 0.07373046875 0.03873681640625 0.07029052734375 0.04397705078125 0.0608525390625 0.04332568359375 0.05759814453125 0.0374638671875 0.06247998046875 0.03322998046875 0.06768701171875 0.032904296875 0.07159228515625 0.03453271484375
0 0.21826171875 0.20572900390625 0.2209697265625 0.21071630859375 0.22064453125 0.21690380859375 0.21771533203125 0.2208115234375 0.21218310546875 0.2221142578125 0.2089287109375 0.2159267578125 0.2105556640625 0.21104150390625 0.21348486328125 0.20811083984375
0 0.548828125 0.15006494140625 0.5441337890625 0.1547021484375 0.53762451171875 0.15633056640625 0.53241748046875 0.15242236328125 0.53111572265625 0.142978515625 0.533068359375 0.137767578125 0.5395771484375 0.1384189453125 0.5441337890625 0.14362939453125
0 0.4543115234375 0.29603955078125 0.4526845703125 0.301203125 0.4491044921875 0.30511083984375 0.442595703125 0.3031572265625 0.44161962890625 0.29859765625 0.44552490234375 0.29599267578125 0.45105712890625 0.2956669921875
0 0.46923828125 0.30012353515625 0.47416357421875 0.30445947265625 0.4731875 0.30999609375 0.46895654296875 0.31162451171875 0.46407470703125 0.307390625 0.46374951171875 0.30152880859375
0 0.15625 0.87809228515625 0.1584853515625 0.883076171875 0.1575087890625 0.89154345703125 0.152626953125 0.8938232421875 0.14807080078125 0.89089208984375 0.14774560546875 0.88405322265625 0.15034912109375 0.880796875
0 0.5634765625 0.98209619140625 0.5675654296875 0.98726708984375 0.56723974609375 0.99345458984375 0.56268359375 0.9950830078125 0.55682568359375 0.99280322265625 0.55519873046875 0.98922119140625 0.5571513671875 0.9875927734375
0 0.51171875 0.76725244140625 0.51028759765625 0.77402197265625 0.50377880859375 0.776953125 0.49824609375 0.7749990234375 0.4969443359375 0.77011376953125 0.5005244140625 0.7655546875 0.50670751953125 0.76588037109375
0 0.22747900390625 0.5233466796875 0.2281298828125 0.52985986328125 0.22617724609375 0.53507080078125 0.22129541015625 0.5396298828125 0.2157626953125 0.53800146484375 0.21348486328125 0.53116259765625 0.21608837890625 0.52530078125 0.22064453125 0.5226953125
0 0.486328125 0.54899072265625 0.4901103515625 0.555283203125 0.48978466796875 0.55984228515625 0.48848291015625 0.56309912109375 0.4836015625 0.561470703125 0.48164892578125 0.55723681640625 0.4822998046875 0.55235205078125
0 0.024728515625 0.47291162109375 0.0270068359375 0.48040185546875 0.02407763671875 0.4856123046875 0.01984716796875 0.491474609375 0.0130126953125 0.48984619140625 0.01106005859375 0.48105322265625 0.014314453125 0.47519140625 0.01887060546875 0.4732373046875
0 0.127568359375 0.19457666015625 0.12040869140625 0.19685595703125 0.11194677734375 0.19327392578125 0.11259765625 0.188388671875 0.1165029296875 0.186109375 0.1252900390625 0.188388671875 0.1288701171875 0.19131982421875
0 0.3134765625 0.19108056640625 0.31925341796875 0.19492333984375 0.32088037109375 0.20241357421875 0.3186025390625 0.20860107421875 0.31437158203125 0.210880859375 0.3098154296875 0.21055517578125 0.30786279296875 0.20176220703125 0.30883935546875 0.19459765625 0.31274462890625 0.19134130859375
0 0.98876953125 0.32291650390625 0.99545458984375 0.32319091796875 0.99935986328125 0.3267734375 0.99935986328125 0.33686865234375 0.994478515625 0.344033203125 0.9843896484375 0.34142822265625 0.983087890625 0.3349150390625 0.984064453125 0.3267734375
0 0.80712890625 0.04703759765625 0.80442041015625 0.05944677734375 0.79660986328125 0.06628564453125 0.78619580078125 0.06628564453125 0.78131396484375 0.06465771484375 0.78196484375 0.0597724609375 0.7884736328125 0.051630859375 0.79758642578125 0.04674609375 0.8024677734375 0.0447919921875
0 0.8285029296875 0.11643798828125 0.82362158203125 0.12751025390625 0.81581103515625 0.13141845703125 0.80962744140625 0.13011572265625 0.8089765625 0.1236025390625 0.81450927734375 0.1148095703125 0.8216689453125 0.11187841796875 0.82557421875 0.11187841796875
0 0.6494140625 0.40934228515625 0.64853369140625 0.41891455078125 0.6423505859375 0.4234736328125 0.63746875 0.422822265625 0.63421435546875 0.41402978515625 0.6361669921875 0.40816748046875 0.64169970703125 0.40653955078125
0 0.94287109375 0.26285791015625 0.94598779296875 0.266830078125 0.9469638671875 0.27106396484375 0.945662109375 0.2743203125 0.94305859375 0.275623046875 0.9365498046875 0.2749716796875 0.9329697265625 0.2681328125 0.935248046875 0.26455078125
0 0.89066259765625 0.45860302734375 0.8903369140625 0.46609326171875 0.88545556640625 0.4700009765625 0.8799228515625 0.47032666015625 0.87764501953125 0.4664189453125 0.88024853515625 0.461859375 0.883828125 0.4589287109375 0.88675732421875 0.4576259765625
0 0.7314453125 0.29703759765625 0.7302197265625 0.30293603515625 0.726314453125 0.30293603515625 0.72338525390625 0.30000537109375 0.7250126953125 0.29739990234375 0.72794140625 0.29381787109375
0 0.814453125 0.43570947265625 0.80800048828125 0.44069140625 0.79791162109375 0.441994140625 0.7936806640625 0.43841162109375 0.79433154296875 0.4338525390625 0.79823681640625 0.42864208984375 0.8034443359375 0.4276650390625 0.81060400390625 0.42929345703125 0.81483447265625 0.4318984375
0 0.65087890625 0.50504541015625 0.64853369140625 0.51555126953125 0.641048828125 0.522064453125 0.6309599609375 0.52239013671875 0.62868212890625 0.518482421875 0.63030908203125 0.51131787109375 0.63649267578125 0.50382763671875 0.6439775390625 0.50219921875 0.6475576171875 0.5015478515625
0 0.91943359375 0.57242822265625 0.92190478515625 0.581986328125 0.91930126953125 0.5894765625 0.91116552734375 0.590779296875 0.9053076171875 0.587197265625 0.90465625 0.578404296875 0.9095380859375 0.572216796875 0.9157216796875 0.5715654296875
0 0.96875 0.70133447265625 0.957052734375 0.6998125 0.95412353515625 0.69525341796875 0.95444921875 0.69134521484375 0.96030712890625 0.69069384765625 0.966490234375 0.6942763671875 0.9713720703125 0.69753271484375
0 0.69775390625 0.74527978515625 0.69702490234375 0.75124609375 0.69116650390625 0.754828125 0.68563427734375 0.75092041015625 0.68433251953125 0.74505859375 0.68530859375 0.74212744140625 0.6892138671875 0.74212744140625 0.69474658203125 0.74277880859375
0 0.9505439453125 0.757412109375 0.95640185546875 0.7645771484375 0.95933056640625 0.77043896484375 0.95933056640625 0.7769521484375 0.951845703125 0.7818369140625 0.94110595703125 0.77792919921875 0.93817724609375 0.76653076171875 0.93947900390625 0.75773779296875 0.9443603515625 0.756435546875
0 0.85791015625 0.99820947265625 0.8623486328125 0.989892578125 0.85909423828125 0.97621484375 0.857466796875 0.96383984375 0.8431474609375 0.9605830078125 0.8301298828125 0.96611962890625 0.82329541015625 0.9719814453125 0.81548486328125 0.98859033203125 0.81646142578125 0.99951171875 0.81515966796875 0.99951171875
0 0.78369140625 0.88981103515625 0.78163916015625 0.90163818359375 0.7682958984375 0.91596728515625 0.75723095703125 0.91368798828125 0.7543017578125 0.90489501953125 0.75820703125 0.89740478515625 0.7682958984375 0.890240234375 0.7770830078125 0.88796044921875
0 0.6414794921875 0.47139501953125 0.64505517578125 0.47676123046875 0.6409873046875 0.48978759765625 0.6308173828125 0.4967080078125 0.62349462890625 0.49263720703125 0.6251220703125 0.47716845703125 0.63122412109375 0.4698408203125 0.63651220703125 0.4698408203125