0 0.97659619140625 0.99951171875 0.9704150390625 0.99513916015625 0.9704150390625 0.9889580078125 0.9759091796875 0.9868974609375 0.9814033203125 0.9868974609375 0.98209033203125 0.9923916015625 0.98209033203125 0.9965126953125
0 0.96533203125 0.99951171875 0.96435546875 0.991455078125 0.954345703125 0.98291015625 0.945556640625 0.9853515625 0.9375 0.997802734375 0.937744140625 0.99951171875
0 0.728669921875 0.96904150390625 0.72592236328125 0.96423388671875 0.72798291015625 0.96011328125 0.73347705078125 0.96080029296875 0.7348505859375 0.96629443359375
0 0.74652587890625 0.99033154296875 0.73828466796875 0.99033154296875 0.73622412109375 0.984150390625 0.743091796875 0.9834638671875 0.74652587890625 0.9868974609375
0 0.365234375 0.99951171875 0.37060546875 0.997314453125 0.37255859375 0.988037109375 0.367919921875 0.9814453125 0.360595703125 0.98046875 0.357421875 0.983642578125 0.35595703125 0.993408203125 0.358154296875 0.998046875
0 0.23144384765625 0.99951171875 0.2252626953125 0.99376513671875 0.22732275390625 0.98827099609375 0.23419091796875 0.9923916015625 0.23762451171875 0.99582568359375 0.23693798828125 0.99951171875
0 0.31454345703125 0.999259765625 0.313169921875 0.9923916015625 0.3179775390625 0.98964453125 0.3214111328125 0.98964453125 0.3214111328125 0.99582568359375
0 0.14216259765625 0.85503662109375 0.13872900390625 0.8516025390625 0.14216259765625 0.845421875 0.14834375 0.84130078125 0.15521142578125 0.8378671875 0.16070556640625 0.83718017578125 0.16276611328125 0.843361328125 0.15452490234375 0.85022900390625 0.1490302734375 0.85297607421875
0 0.57763671875 0.985107421875 0.58251953125 0.982666015625 0.58935546875 0.971923828125 0.58984375 0.965087890625 0.585205078125 0.95947265625 0.577880859375 0.962890625 0.56787109375 0.975341796875 0.568359375 0.981689453125
0 0.51302197265625 0.97934326171875 0.50821435546875 0.97659619140625 0.50478076171875 0.97453564453125 0.50478076171875 0.96972802734375 0.5068408203125 0.965607421875 0.51302197265625 0.9683544921875 0.5164560546875 0.9738486328125
0 0.52263671875 0.9443173828125 0.519203125 0.9408837890625 0.519203125 0.936076171875 0.52263671875 0.93538916015625 0.5253837890625 0.93744970703125
0 0.4718154296875 0.9518720703125 0.4670078125 0.95118505859375 0.4642607421875 0.9463779296875 0.4697548828125 0.94294384765625 0.47318896484375 0.9463779296875
0 0.47387548828125 0.90860498046875 0.4752490234375 0.89761669921875 0.480056640625 0.89349609375 0.48623779296875 0.89280908203125 0.48555078125 0.90105078125 0.4821171875 0.90791845703125 0.47799609375 0.91135205078125
0 0.27745751953125 0.891435546875 0.27402392578125 0.88594140625 0.27402392578125 0.87701318359375 0.28020458984375 0.872892578125 0.28775927734375 0.8722060546875 0.28775927734375 0.87907373046875 0.283638671875 0.88594140625
0 0.8303125 0.99951171875 0.8777001953125 0.99951171875 0.87151904296875 0.99376513671875 0.86396484375 0.99101806640625 0.85778369140625 0.98758447265625 0.84473486328125 0.98827099609375 0.8385537109375 0.99033154296875 0.83374658203125 0.99513916015625
0 0.8014677734375 0.954619140625 0.79940771484375 0.94843798828125 0.80078125 0.9443173828125 0.8035283203125 0.93951025390625 0.81039599609375 0.9388232421875 0.8145166015625 0.94294384765625 0.8110830078125 0.9518720703125 0.80764892578125 0.9553056640625
0 0.376953125 0.811767578125 0.385009765625 0.80859375 0.3916015625 0.802490234375 0.39453125 0.795166015625 0.392333984375 0.7890625 0.385009765625 0.78662109375 0.379150390625 0.787109375 0.3701171875 0.796630859375 0.3662109375 0.807861328125 0.369384765625 0.8115234375
0 0.4237412109375 0.8777001953125 0.43060888671875 0.87357958984375 0.435416015625 0.87426611328125 0.43129541015625 0.88182080078125 0.424427734375 0.888001953125 0.41824658203125 0.88937548828125 0.4161865234375 0.88594140625
0 0.6005859375 0.971923828125 0.608642578125 0.9697265625 0.61767578125 0.957275390625 0.615966796875 0.95556640625 0.601318359375 0.953125 0.597412109375 0.9541015625 0.5947265625 0.958251953125 0.59521484375 0.967529296875 0.597412109375 0.97119140625
0 0.607796875 0.936076171875 0.60298974609375 0.93058203125 0.5995556640625 0.92096728515625 0.60367626953125 0.91890673828125 0.609857421875 0.92096728515625 0.61397802734375 0.925087890625 0.6153515625 0.92989501953125
0 0.61191748046875 0.954619140625 0.60642333984375 0.94843798828125 0.60917041015625 0.94019677734375 0.61603857421875 0.9388232421875 0.62221923828125 0.9388232421875 0.62496630859375 0.94775146484375 0.62153271484375 0.95255859375 0.61603857421875 0.95393212890625
0 0.61947216796875 0.88594140625 0.6126044921875 0.880447265625 0.61123095703125 0.87151904296875 0.617412109375 0.86602490234375 0.62771337890625 0.8673984375 0.6311474609375 0.87151904296875 0.6290869140625 0.8777001953125
0 0.628400390625 0.898990234375 0.62702685546875 0.891435546875 0.6290869140625 0.88388134765625 0.6332080078125 0.88113427734375 0.64144921875 0.88182080078125 0.6448828125 0.888001953125 0.6441962890625 0.89212255859375 0.63801513671875 0.89555615234375
0 0.81314306640625 0.89967724609375 0.8110830078125 0.89212255859375 0.813830078125 0.89006201171875 0.81863720703125 0.89212255859375 0.81932421875 0.89830322265625
0 0.78155126953125 0.9147861328125 0.78223828125 0.9072314453125 0.7870458984375 0.90311083984375 0.79116650390625 0.904484375 0.78841943359375 0.909978515625
0 0.97178857421875 0.9333291015625 0.97247509765625 0.9278349609375 0.9759091796875 0.92440087890625 0.980716796875 0.925087890625 0.98002978515625 0.92989501953125
0 0.92646142578125 0.9683544921875 0.925087890625 0.96080029296875 0.92989501953125 0.9566796875 0.934015625 0.954619140625 0.936076171875 0.96011328125 0.93538916015625 0.96629443359375
0 0.91547265625 0.97178857421875 0.90791845703125 0.9704150390625 0.90517138671875 0.9649208984375 0.90791845703125 0.962173828125 0.91341259765625 0.9628603515625 0.9202802734375 0.9628603515625 0.9202802734375 0.96766796875
0 0.86877197265625 0.98277685546875 0.86602490234375 0.9779697265625 0.86602490234375 0.9738486328125 0.87083251953125 0.97247509765625 0.872892578125 0.97659619140625
0 0.8777001953125 0.95873974609375 0.87151904296875 0.9553056640625 0.8701455078125 0.95324560546875 0.87151904296875 0.949125 0.87838671875 0.94500439453125 0.8831943359375 0.947064453125 0.88388134765625 0.9518720703125
0 0.86259130859375 0.96972802734375 0.8591572265625 0.96629443359375 0.861904296875 0.96080029296875 0.86602490234375 0.9594267578125 0.86808544921875 0.965607421875
0 0.84198779296875 0.97934326171875 0.83649365234375 0.973162109375 0.8406142578125 0.96629443359375 0.845421875 0.96354736328125 0.84885546875 0.965607421875 0.8536630859375 0.965607421875 0.85572314453125 0.96972802734375 0.85572314453125 0.97659619140625 0.84954248046875 0.980716796875
0 0.872892578125 0.92920849609375 0.87083251953125 0.92302734375 0.8701455078125 0.91409912109375 0.87426611328125 0.91409912109375 0.8797607421875 0.917533203125 0.8797607421875 0.92371435546875
0 0.90036376953125 0.92302734375 0.89967724609375 0.917533203125 0.9017373046875 0.91341259765625 0.90517138671875 0.906544921875 0.909978515625 0.904484375 0.90791845703125 0.91409912109375 0.90585791015625 0.92096728515625
0 0.87083251953125 0.85572314453125 0.86877197265625 0.845421875 0.8722060546875 0.84198779296875 0.8756396484375 0.8461083984375 0.87632666015625 0.850916015625
0 0.8378671875 0.89280908203125 0.8378671875 0.8831943359375 0.83924072265625 0.87426611328125 0.843361328125 0.86808544921875 0.84885546875 0.8777001953125 0.84954248046875 0.8852548828125 0.8461083984375 0.89006201171875
0 0.99033154296875 0.845421875 0.99033154296875 0.8378671875 0.9923916015625 0.83168603515625 0.999259765625 0.83374658203125 0.999259765625 0.84130078125
0 0.7588876953125 0.93264208984375 0.7499599609375 0.92989501953125 0.7458388671875 0.92440087890625 0.74515234375 0.917533203125 0.7499599609375 0.9147861328125 0.7609482421875 0.9147861328125 0.769189453125 0.91959375 0.7685029296875 0.92646142578125
0 0.85228955078125 0.83649365234375 0.84885546875 0.8330595703125 0.84954248046875 0.82619189453125 0.85641015625 0.8241318359375 0.8591572265625 0.8303125
0 0.04052001953125 0.8701455078125 0.042580078125 0.86259130859375 0.04601416015625 0.85503662109375 0.05150830078125 0.85503662109375 0.05219482421875 0.86327783203125 0.04807421875 0.87083251953125
0 0.220455078125 0.81039599609375 0.217021484375 0.8035283203125 0.220455078125 0.79116650390625 0.2286962890625 0.787732421875 0.23487744140625 0.7849853515625 0.24037158203125 0.78979296875 0.2383115234375 0.798720703125 0.23487744140625 0.80421533203125 0.2286962890625 0.80696240234375
0 0.3234716796875 0.78361181640625 0.3214111328125 0.7774306640625 0.3234716796875 0.77125 0.32965283203125 0.77056298828125 0.3289658203125 0.78155126953125
0 0.51904296875 0.758544921875 0.533447265625 0.75634765625 0.55029296875 0.741943359375 0.5546875 0.727783203125 0.552978515625 0.716796875 0.541259765625 0.71240234375 0.525634765625 0.7197265625 0.515625 0.727294921875 0.50830078125 0.740966796875 0.5078125 0.746337890625 0.5107421875 0.754638671875 0.514404296875 0.7578125
0 0.99951171875 0.78841943359375 0.9944521484375 0.78567236328125 0.98964453125 0.78155126953125 0.99101806640625 0.7774306640625 0.9944521484375 0.77537060546875 0.99951171875 0.77468359375
0 0.51370849609375 0.85641015625 0.51027490234375 0.84885546875 0.50752783203125 0.84198779296875 0.506154296875 0.83649365234375 0.51096142578125 0.832373046875 0.52057666015625 0.832373046875 0.52401025390625 0.8378671875 0.52950439453125 0.843361328125 0.5253837890625 0.850916015625
0 0.524697265625 0.83443310546875 0.5219501953125 0.82825244140625 0.524697265625 0.82344482421875 0.52950439453125 0.824818359375 0.5308779296875 0.8275654296875
0 0.525390625 0.824462890625 0.5302734375 0.822509765625 0.533203125 0.810302734375 0.527587890625 0.80322265625 0.521240234375 0.80224609375 0.51416015625 0.806884765625 0.51416015625 0.817138671875 0.518310546875 0.82373046875
0 0.57620556640625 0.83168603515625 0.5734580078125 0.8220712890625 0.57620556640625 0.8165771484375 0.57963916015625 0.8090224609375 0.5858203125 0.81314306640625 0.58719384765625 0.81795068359375 0.5865068359375 0.8275654296875
0 0.4560546875 0.834716796875 0.462890625 0.830810546875 0.46435546875 0.823486328125 0.459716796875 0.81884765625 0.450927734375 0.818359375 0.447265625 0.821044921875 0.4462890625 0.831298828125 0.450927734375 0.8349609375
0 0.63720703125 0.817138671875 0.64013671875 0.815673828125 0.64111328125 0.811279296875 0.636962890625 0.8046875 0.628662109375 0.80078125 0.61962890625 0.803955078125 0.619873046875 0.80908203125 0.634521484375 0.8173828125
0 0.654498046875 0.8673984375 0.65312451171875 0.85847021484375 0.65930517578125 0.85228955078125 0.6661728515625 0.85228955078125 0.6661728515625 0.85847021484375 0.6627392578125 0.8646513671875
0 0.42919921875 0.777587890625 0.433837890625 0.7763671875 0.4365234375 0.772216796875 0.434326171875 0.767578125 0.427490234375 0.76513671875 0.42333984375 0.768310546875 0.4228515625 0.773681640625
0 0.57275390625 0.743896484375 0.57763671875 0.738037109375 0.5771484375 0.734130859375 0.572509765625 0.72802734375 0.565185546875 0.72705078125 0.5615234375 0.732177734375 0.5625 0.741455078125 0.566650390625 0.744140625
0 0.59814453125 0.769287109375 0.604248046875 0.767578125 0.60791015625 0.761474609375 0.604248046875 0.75 0.599853515625 0.75048828125 0.591796875 0.757568359375 0.5908203125 0.760498046875 0.591796875 0.767333984375
0 0.62158203125 0.789306640625 0.62744140625 0.785888671875 0.62939453125 0.781005859375 0.62890625 0.777587890625 0.623779296875 0.77197265625 0.615966796875 0.7734375 0.61279296875 0.779541015625 0.6142578125 0.785888671875 0.618896484375 0.78955078125
0 0.6279296875 0.780517578125 0.643798828125 0.77294921875 0.6474609375 0.768798828125 0.6474609375 0.764892578125 0.636474609375 0.75634765625 0.630615234375 0.75732421875 0.62451171875 0.764892578125 0.6240234375 0.772705078125
0 0.3466796875 0.754150390625 0.349853515625 0.75341796875 0.3525390625 0.749755859375 0.3525390625 0.745361328125 0.349365234375 0.74169921875 0.343017578125 0.7431640625 0.3388671875 0.749267578125 0.339599609375 0.75341796875
0 0.3779296875 0.723388671875 0.388671875 0.720458984375 0.390625 0.709228515625 0.388427734375 0.70556640625 0.381103515625 0.70703125 0.3759765625 0.713623046875 0.3740234375 0.721923828125
0 0.35302734375 0.681884765625 0.358642578125 0.6796875 0.3671875 0.669189453125 0.3671875 0.662841796875 0.360595703125 0.658203125 0.351806640625 0.65869140625 0.34619140625 0.666748046875 0.3466796875 0.678955078125 0.349365234375 0.68212890625
0 0.373046875 0.569091796875 0.377685546875 0.5673828125 0.38525390625 0.559814453125 0.38818359375 0.553955078125 0.38671875 0.545654296875 0.380615234375 0.54150390625 0.375732421875 0.54150390625 0.364501953125 0.5458984375 0.359375 0.555908203125 0.35888671875 0.560791015625 0.363037109375 0.5673828125
0 0.47265625 0.719970703125 0.48193359375 0.714111328125 0.4814453125 0.708740234375 0.474853515625 0.7041015625 0.471435546875 0.70556640625 0.466796875 0.712158203125 0.46728515625 0.717529296875
0 0.4990234375 0.693603515625 0.505859375 0.682373046875 0.50634765625 0.678466796875 0.502685546875 0.67578125 0.495361328125 0.67724609375 0.49072265625 0.683349609375 0.4912109375 0.690673828125 0.494384765625 0.693359375
0 0.5185546875 0.647216796875 0.53173828125 0.637451171875 0.533203125 0.631591796875 0.531005859375 0.62841796875 0.524169921875 0.62744140625 0.518310546875 0.62890625 0.5107421875 0.635498046875 0.51025390625 0.644775390625 0.512939453125 0.64697265625
0 0.44189453125 0.663330078125 0.4453125 0.659912109375 0.44580078125 0.655029296875 0.443603515625 0.64990234375 0.439697265625 0.6494140625 0.435546875 0.653564453125 0.43408203125 0.658935546875 0.435791015625 0.66259765625
0 0.42786181640625 0.69295751953125 0.424427734375 0.6867763671875 0.42854833984375 0.68265576171875 0.435416015625 0.68334228515625 0.43678955078125 0.6888369140625 0.4326689453125 0.69295751953125
0 0.33056640625 0.569091796875 0.33544921875 0.565673828125 0.33544921875 0.559814453125 0.333984375 0.552001953125 0.328369140625 0.5478515625 0.32275390625 0.552001953125 0.31884765625 0.561279296875 0.322509765625 0.56787109375
0 0.3365205078125 0.52881787109375 0.3289658203125 0.5308779296875 0.324158203125 0.5253837890625 0.331712890625 0.51576904296875 0.3399541015625 0.51576904296875 0.342701171875 0.52126318359375
0 0.4765625 0.599365234375 0.4794921875 0.597900390625 0.48046875 0.590087890625 0.478271484375 0.58544921875 0.474365234375 0.5849609375 0.4697265625 0.588623046875 0.4697265625 0.593017578125 0.472900390625 0.5986328125
0 0.27197265625 0.485595703125 0.275390625 0.483642578125 0.2802734375 0.475341796875 0.27734375 0.454833984375 0.274658203125 0.4501953125 0.26953125 0.451904296875 0.26318359375 0.470947265625 0.265625 0.481201171875 0.269287109375 0.4853515625
0 0.31494140625 0.443603515625 0.31884765625 0.436767578125 0.315673828125 0.43017578125 0.305908203125 0.42626953125 0.298095703125 0.42626953125 0.29541015625 0.427978515625 0.29443359375 0.432861328125 0.297119140625 0.4365234375 0.306884765625 0.44287109375
0 0.396484375 0.426513671875 0.4052734375 0.419677734375 0.40576171875 0.415283203125 0.400634765625 0.4091796875 0.393310546875 0.408203125 0.3896484375 0.411865234375 0.38916015625 0.419189453125 0.3916015625 0.425537109375
0 0.4663212890625 0.41206591796875 0.46288720703125 0.4086318359375 0.46220068359375 0.40176416015625 0.4670078125 0.39901708984375 0.472501953125 0.40176416015625 0.47318896484375 0.40725830078125
0 0.47868310546875 0.405884765625 0.47387548828125 0.40176416015625 0.47387548828125 0.3976435546875 0.47799609375 0.3955830078125 0.4828037109375 0.39695654296875 0.48349072265625 0.402451171875
0 0.44846484375 0.3955830078125 0.44503125 0.3900888671875 0.44846484375 0.38184765625 0.45258544921875 0.383908203125 0.453958984375 0.3900888671875
0 0.8612177734375 0.48417724609375 0.8536630859375 0.4828037109375 0.850916015625 0.47593603515625 0.85641015625 0.47112841796875 0.86533837890625 0.47387548828125 0.8673984375 0.47868310546875
0 0.80859375 0.382080078125 0.81494140625 0.376220703125 0.81640625 0.368896484375 0.812255859375 0.36181640625 0.805908203125 0.36083984375 0.7978515625 0.366455078125 0.796875 0.373291015625 0.802490234375 0.3818359375
0 0.7734375 0.332763671875 0.784912109375 0.32861328125 0.79296875 0.321044921875 0.79833984375 0.310791015625 0.796142578125 0.30029296875 0.777587890625 0.30419921875 0.76904296875 0.311279296875 0.76513671875 0.319091796875 0.76513671875 0.324951171875 0.768798828125 0.33203125
0 0.673041015625 0.38528173828125 0.66754638671875 0.379787109375 0.668919921875 0.3715458984375 0.67166748046875 0.36399169921875 0.68059521484375 0.365365234375 0.68265576171875 0.37291943359375 0.68265576171875 0.38184765625
0 0.66960693359375 0.3179775390625 0.66479931640625 0.31454345703125 0.66342578125 0.30904931640625 0.66960693359375 0.30355517578125 0.67441455078125 0.3028681640625 0.6792216796875 0.30630224609375 0.67784814453125 0.31179638671875
0 0.55216796875 0.3660517578125 0.55354150390625 0.35712353515625 0.55766259765625 0.3550634765625 0.56040966796875 0.361244140625 0.5562890625 0.36673876953125
0 0.379787109375 0.30149462890625 0.37566650390625 0.29325341796875 0.3791005859375 0.28775927734375 0.38802880859375 0.2843251953125 0.3928359375 0.2884462890625 0.3900888671875 0.29531396484375
0 0.41549951171875 0.2918798828125 0.41137890625 0.28775927734375 0.41137890625 0.283638671875 0.4161865234375 0.2788310546875 0.4216806640625 0.28226513671875
0 0.4326171875 0.240966796875 0.4375 0.233642578125 0.435791015625 0.2255859375 0.427978515625 0.2275390625 0.42431640625 0.232666015625 0.42529296875 0.239501953125
0 0.365234375 0.281982421875 0.370849609375 0.27978515625 0.37353515625 0.275146484375 0.3720703125 0.268310546875 0.365966796875 0.263671875 0.362548828125 0.2646484375 0.3564453125 0.273193359375 0.357421875 0.279052734375 0.361083984375 0.28173828125
0 0.087220703125 0.3550634765625 0.0824130859375 0.350255859375 0.0844736328125 0.34544873046875 0.08859423828125 0.350255859375
0 0.66205224609375 0.05562890625 0.6627392578125 0.04670068359375 0.66960693359375 0.0377724609375 0.67441455078125 0.04052001953125 0.67510107421875 0.0473876953125 0.66960693359375 0.0528818359375
0 0.51123046875 0.217529296875 0.513916015625 0.21728515625 0.51708984375 0.212158203125 0.51416015625 0.203857421875 0.510009765625 0.20263671875 0.50390625 0.208251953125 0.50341796875 0.215087890625 0.505615234375 0.2177734375
0 0.55419921875 0.201416015625 0.562744140625 0.19580078125 0.56494140625 0.192138671875 0.5654296875 0.185302734375 0.561767578125 0.18115234375 0.553955078125 0.181640625 0.5498046875 0.187255859375 0.548828125 0.193603515625 0.55029296875 0.198486328125
0 0.77001953125 0.243896484375 0.779052734375 0.24072265625 0.78515625 0.235595703125 0.78564453125 0.226806640625 0.782470703125 0.22265625 0.775634765625 0.22265625 0.76806640625 0.228271484375 0.7646484375 0.239501953125 0.766845703125 0.2431640625
0 0.9312685546875 0.02747119140625 0.925087890625 0.02609765625 0.925087890625 0.01785595703125 0.92714794921875 0.01442236328125 0.936076171875 0.013048828125 0.94225732421875 0.01442236328125 0.94225732421875 0.01922998046875 0.9367626953125 0.0233505859375
0 0.9814033203125 0.050134765625 0.97934326171875 0.04326708984375 0.9814033203125 0.0377724609375 0.98483740234375 0.03296533203125 0.98758447265625 0.031591796875 0.98964453125 0.0398330078125 0.98964453125 0.0453271484375 0.98758447265625 0.050134765625
0 0.8667119140625 0.19504443359375 0.86602490234375 0.1881767578125 0.87151904296875 0.1826826171875 0.880447265625 0.1826826171875 0.87701318359375 0.18955029296875 0.87151904296875 0.1957314453125
0 0.88594140625 0.2307568359375 0.88731494140625 0.22114208984375 0.89006201171875 0.217021484375 0.89555615234375 0.2149609375 0.90242431640625 0.21633447265625 0.89967724609375 0.22663623046875 0.89349609375 0.22938330078125
0 0.9072265625 0.211669921875 0.910400390625 0.21044921875 0.9140625 0.204833984375 0.910888671875 0.19970703125 0.906005859375 0.19970703125 0.900390625 0.208251953125 0.901611328125 0.21044921875
0 0.92371435546875 0.172380859375 0.9223408203125 0.16345263671875 0.92440087890625 0.1558984375 0.93058203125 0.1531513671875 0.93470263671875 0.1586455078125 0.93195556640625 0.16688671875
0 0.96011328125 0.16688671875 0.949125 0.16551318359375 0.949125 0.16070556640625 0.9518720703125 0.15521142578125 0.9594267578125 0.15521142578125 0.96354736328125 0.16070556640625
0 0.97453564453125 0.12224609375 0.96629443359375 0.1194990234375 0.9649208984375 0.1160654296875 0.96423388671875 0.10782373046875 0.9649208984375 0.1009560546875 0.96972802734375 0.09408837890625 0.9759091796875 0.090654296875 0.97865625 0.10232958984375 0.97728271484375 0.1112578125
0 0.95751953125 0.054931640625 0.95947265625 0.049072265625 0.9580078125 0.039306640625 0.955322265625 0.03662109375 0.948974609375 0.03564453125 0.9443359375 0.043212890625 0.9453125 0.051513671875 0.949462890625 0.05419921875
0 0.891435546875 0.05219482421875 0.88731494140625 0.0453271484375 0.88731494140625 0.03639892578125 0.88731494140625 0.03365185546875 0.891435546875 0.031591796875 0.8969296875 0.0322783203125 0.9017373046875 0.0398330078125 0.90242431640625 0.0453271484375 0.89761669921875 0.05219482421875
0 0.4457177734375 0.628400390625 0.43885009765625 0.63389453125 0.43335595703125 0.6311474609375 0.429921875 0.62633984375 0.4326689453125 0.61672509765625 0.44091064453125 0.6153515625 0.4477783203125 0.6180986328125 0.4477783203125 0.62221923828125
0 0.54016455078125 0.77968994140625 0.5412421875 0.77202001953125 0.54391162109375 0.764017578125 0.548716796875 0.7624169921875 0.55512353515625 0.76295068359375 0.55886083984375 0.771486328125 0.54978466796875 0.78162255859375
0 0.28655517578125 0.02502490234375 0.27749853515625 0.02867041015625 0.269490234375 0.02280224609375 0.267888671875 0.01319921875 0.2748291015625 0.00946484375 0.2823037109375 0.00946484375 0.28657470703125 0.01426611328125 0.2897783203125 0.01906787109375
0 0.82899755859375 0.119248046875 0.82153662109375 0.12363134765625 0.8151298828125 0.1204306640625 0.81779931640625 0.1129619140625 0.82473974609375 0.10282568359375 0.83007861328125 0.10069140625 0.83435009765625 0.10335888671875 0.83541796875 0.10869384765625
0 0.55953759765625 0.1095615234375 0.55779296875 0.100158203125 0.55779296875 0.09322265625 0.56259814453125 0.08575390625 0.56793701171875 0.0873544921875 0.5727421875 0.09695703125 0.5722080078125 0.1060263671875 0.566869140625 0.11029443359375
0 0.5903583984375 0.19762060546875 0.58982666015625 0.18444921875 0.59356396484375 0.17751416015625 0.601572265625 0.17644677734375 0.60637744140625 0.17644677734375 0.6069111328125 0.183916015625 0.601572265625 0.19191796875
0 0.33939013671875 0.3349921875 0.33622705078125 0.34076171875 0.3298203125 0.345029296875 0.322345703125 0.34556298828125 0.320744140625 0.337560546875 0.3244814453125 0.32529052734375 0.32928662109375 0.32529052734375 0.33409130859375 0.32902490234375
0 0.22931689453125 0.3702158203125 0.22090625 0.36583544921875 0.22143994140625 0.358900390625 0.22838037109375 0.35676611328125 0.23425341796875 0.35836669921875 0.23425341796875 0.3647685546875
0 0.56217919921875 0.99951171875 0.5644013671875 0.989818359375 0.57080810546875 0.98928515625 0.5766806640625 0.9946201171875 0.57614697265625 0.99942138671875 0.57454541015625 0.99951171875
0 0.4626728515625 0.01621923828125 0.4512158203125 0.01546826171875 0.44641064453125 0.01013330078125 0.450681640625 0.00586572265625 0.45708837890625 0.0031982421875 0.4618935546875 0.00426513671875
0 0.72517431640625 0.8914609375 0.72019091796875 0.89638671875 0.712880859375 0.89919970703125 0.70810107421875 0.89582421875 0.70528955078125 0.89019775390625 0.70781982421875 0.88457177734375 0.7154111328125 0.8823212890625 0.72356494140625 0.886259765625
0 0.2997919921875 0.96933837890625 0.299625 0.97817041015625 0.2965673828125 0.98530859375 0.2884140625 0.98734814453125 0.28382763671875 0.9807197265625 0.28688525390625 0.9710322265625 0.29300048828125 0.96797314453125
0 0.34267919921875 0.97312255859375 0.34090234375 0.98352392578125 0.33682568359375 0.9914267578125 0.32969140625 0.9962705078125 0.323576171875 0.99448583984375 0.32179248046875 0.9914267578125 0.32255712890625 0.98275927734375 0.3266337890625 0.9746015625 0.3289267578125 0.9700126953125 0.33453271484375 0.96873779296875 0.339119140625 0.96899267578125
0 0.0789794921875 0.9868974609375 0.07348486328125 0.98209033203125 0.0693642578125 0.9779697265625 0.0714248046875 0.97453564453125 0.0769189453125 0.97522216796875 0.08103955078125 0.9779697265625 0.0824130859375 0.98277685546875
0 0.10559326171875 0.983228515625 0.1012421875 0.983607421875 0.0976474609375 0.981525390625 0.0976474609375 0.977171875 0.10256640625 0.9747109375 0.108052734375 0.97546826171875 0.11221484375 0.976982421875 0.112025390625 0.9802001953125 0.109376953125 0.98266064453125
0 0.125333984375 0.94760693359375 0.11913818359375 0.945162109375 0.117251953125 0.94293212890625 0.1177666015625 0.9396728515625 0.12102392578125 0.93812939453125 0.1254814453125 0.93915869140625 0.128224609375 0.94190283203125 0.1287392578125 0.94602001953125
0 0.25887109375 0.85254638671875 0.2581591796875 0.85731982421875 0.25352978515625 0.8614365234375 0.24855810546875 0.86160791015625 0.24495751953125 0.85903515625 0.24410009765625 0.85526123046875 0.2471865234375 0.85114453125 0.25404443359375 0.84822802734375 0.25764453125 0.84942919921875 0.2588447265625 0.85234521484375
0 0.12680419921875 0.81480419921875 0.12628955078125 0.81960693359375 0.12183203125 0.823380859375 0.117203125 0.823380859375 0.1129169921875 0.81874951171875 0.1129169921875 0.81377490234375 0.116345703125 0.810515625 0.1206318359375 0.81034423828125 0.12508935546875 0.8110302734375
0 0.13383349609375 0.7981650390625 0.12834716796875 0.79799365234375 0.123375 0.794734375 0.120974609375 0.7907890625 0.12166064453125 0.78615771484375 0.1252607421875 0.78478515625 0.1300615234375 0.78615771484375 0.1328046875 0.78873046875 0.1346904296875 0.79387646484375
0 0.2713193359375 0.811806640625 0.26715234375 0.81666357421875 0.26029443359375 0.8178642578125 0.25635107421875 0.8140908203125 0.25566552734375 0.80980224609375 0.25720849609375 0.8060283203125 0.260123046875 0.8031123046875 0.26543798828125 0.80259765625 0.2690380859375 0.80328369140625 0.27092431640625 0.80688623046875
0 0.022775390625 0.835921875 0.02317236328125 0.84171484375 0.018904296875 0.84555810546875 0.012359375 0.84627001953125 0.01036767578125 0.842853515625 0.011505859375 0.836875 0.01677001953125 0.83331591796875 0.02046923828125 0.834455078125
0 0.04396435546875 0.91398291015625 0.0395205078125 0.91409375 0.0355205078125 0.9124267578125 0.0337431640625 0.90998095703125 0.03285400390625 0.90742431640625 0.03429833984375 0.90542333984375 0.03874267578125 0.9044228515625 0.0427421875 0.905201171875 0.0451865234375 0.90942529296875 0.04552001953125 0.91198193359375
0 0.18008642578125 0.94113623046875 0.17689990234375 0.9387451171875 0.1750791015625 0.93658154296875 0.17542041015625 0.934759765625 0.17724169921875 0.9330517578125 0.1797451171875 0.9322548828125 0.1816796875 0.9345322265625 0.18213525390625 0.93863134765625 0.1816796875 0.940908203125
0 0.2082373046875 0.63903271484375 0.21393994140625 0.64088134765625 0.21701806640625 0.64596240234375 0.2145556640625 0.64965771484375 0.20824609375 0.654892578125 0.2034755859375 0.655970703125 0.19916650390625 0.6513515625 0.1993203125 0.6462705078125 0.20178271484375 0.641189453125 0.20486083984375 0.63857177734375
0 0.19223876953125 0.62481201171875 0.18931787109375 0.63133544921875 0.18254638671875 0.63641650390625 0.1782373046875 0.63687841796875 0.17515966796875 0.63441455078125 0.1790068359375 0.6277939453125 0.18377783203125 0.622712890625 0.188240234375 0.61978759765625 0.19101025390625 0.62055712890625
0 0.27228466796875 0.63166748046875 0.267701171875 0.6342158203125 0.263369140625 0.6333486328125 0.2618837890625 0.63050048828125 0.26262646484375 0.62628955078125 0.26510205078125 0.624431640625 0.26968212890625 0.62554638671875 0.27203369140625 0.62814697265625
0 0.30680517578125 0.65515771484375 0.30273193359375 0.660099609375 0.29778076171875 0.662453125 0.29258203125 0.6610908203125 0.29159130859375 0.65774658203125 0.2934482421875 0.65403125 0.2969140625 0.65180224609375 0.30137060546875 0.649201171875 0.30619775390625 0.6487060546875 0.3080546875 0.65093505859375 0.30793115234375 0.65378369140625
0 0.08531396484375 0.3136357421875 0.08565283203125 0.3191162109375 0.08405419921875 0.3237822265625 0.08112255859375 0.32471533203125 0.07845751953125 0.3237822265625 0.0769921875 0.3207158203125 0.07712548828125 0.31751611328125 0.07752490234375 0.31418359375 0.08045654296875 0.3119169921875 0.08352099609375 0.31205029296875
0 0.03039697265625 0.2305 0.02982275390625 0.2355712890625 0.02827783203125 0.2423486328125 0.0250693359375 0.2450830078125 0.020078125 0.24639111328125 0.01615625 0.2450830078125 0.0157998046875 0.2404462890625 0.0173447265625 0.23485791015625 0.02281103515625 0.23033984375 0.0272080078125 0.228318359375 0.02934716796875 0.2287939453125
0 0.19245068359375 0.2626328125 0.19280029296875 0.26703173828125 0.191869140625 0.27331982421875 0.1880283203125 0.27576513671875 0.1848857421875 0.274484375 0.1830234375 0.27134033203125 0.18476904296875 0.266798828125 0.18698046875 0.26377099609375 0.18919189453125 0.26295556640625
0 0.33103759765625 0.251322265625 0.3290048828125 0.25499853515625 0.324099609375 0.25618310546875 0.32037890625 0.25347509765625 0.32004052734375 0.2500908203125 0.3215625 0.24704443359375 0.32426904296875 0.24484423828125 0.32765185546875 0.24467529296875 0.33086572265625 0.24772119140625
0 0.301171875 0.27532666015625 0.298220703125 0.27733740234375 0.294330078125 0.27750634765625 0.29297705078125 0.2754755859375 0.29297705078125 0.2720908203125 0.29635986328125 0.26955224609375 0.299912109375 0.2703984375 0.30126513671875 0.27242919921875
0 0.2654443359375 0.18740380859375 0.26087109375 0.1874619140625 0.2591796875 0.1840771484375 0.25951806640625 0.1795078125 0.26357763671875 0.17815380859375 0.266453125 0.17883056640625 0.26797509765625 0.182384765625 0.26763671875 0.18492333984375
0 0.48471875 0.1377255859375 0.48472265625 0.14337548828125 0.48188037109375 0.1509599609375 0.477900390625 0.15285595703125 0.4744892578125 0.15209716796875 0.4741103515625 0.14811572265625 0.47543701171875 0.1412900390625 0.477142578125 0.13806640625 0.48188037109375 0.1363603515625
0 0.381953125 0.0713037109375 0.3817197265625 0.07534033203125 0.3795390625 0.07721044921875 0.37751416015625 0.0770546875 0.376423828125 0.074716796875 0.37626806640625 0.0714443359375 0.3795390625 0.07004150390625
0 0.49813232421875 0.06770556640625 0.4986064453125 0.071431640625 0.495802734375 0.0762626953125 0.49253173828125 0.07579541015625 0.4905068359375 0.0726787109375 0.4911298828125 0.06909423828125 0.49393359375 0.06691259765625
0 0.522939453125 0.08379833984375 0.52227099609375 0.088078125 0.51839453125 0.09088720703125 0.5119775390625 0.09061962890625 0.50890283203125 0.08861328125 0.50943798828125 0.08419970703125 0.51144287109375 0.08058837890625 0.5146513671875 0.0792509765625 0.51879541015625 0.078314453125 0.5228056640625 0.08018701171875
0 0.4937802734375 0.058171875 0.49136328125 0.06192041015625 0.48761669921875 0.06409716796875 0.48471630859375 0.06385546875 0.48338671875 0.062283203125 0.48338671875 0.06010693359375 0.48544140625 0.056841796875 0.48761669921875 0.05466552734375 0.490396484375 0.05527001953125 0.492330078125 0.0562373046875
0 0.577 0.011546875 0.5749150390625 0.01546826171875 0.57047314453125 0.01727392578125 0.5670029296875 0.01491259765625 0.56714208984375 0.01213525390625 0.569640625 0.0099130859375 0.57213916015625 0.00880224609375 0.5746376953125 0.00963525390625
0 0.62281201171875 0.0793486328125 0.62116259765625 0.08490625 0.616859375 0.08865576171875 0.61325048828125 0.0869892578125 0.61116845703125 0.08282275390625 0.61311181640625 0.07990625 0.61741455078125 0.0776845703125 0.62032958984375 0.0779619140625
0 0.63815869140625 0.00467529296875 0.63797509765625 0.00946923828125 0.633810546875 0.0136357421875 0.62895263671875 0.01335791015625 0.62617626953125 0.00933056640625 0.6265927734375 0.00405322265625 0.63034033203125 0.00224755859375 0.6347822265625 0.002525390625
0 0.740841796875 0.0480859375 0.74375927734375 0.050291015625 0.74501416015625 0.0532587890625 0.74375927734375 0.0563408203125 0.74102099609375 0.0581669921875 0.7387392578125 0.05679736328125 0.73828271484375 0.05280224609375 0.73885302734375 0.050291015625
0 0.728416015625 0.0190927734375 0.72751123046875 0.02554736328125 0.72317578125 0.0304560546875 0.719296875 0.03079833984375 0.71553173828125 0.0292001953125 0.71427685546875 0.0250908203125 0.7161025390625 0.02052490234375 0.7205517578125 0.01778515625 0.7246591796875 0.01732861328125 0.72705517578125 0.0178994140625 0.7279677734375 0.0189267578125
0 0.83871630859375 0.0743330078125 0.8357529296875 0.08249072265625 0.83176171875 0.0847900390625 0.82583447265625 0.0851533203125 0.82184326171875 0.08430615234375 0.82014990234375 0.0782548828125 0.82232666015625 0.07305126953125 0.82825390625 0.06845263671875 0.83478564453125 0.06494287109375 0.83889794921875 0.067484375 0.83853515625 0.0724462890625
0 0.86550830078125 0.0908408203125 0.86284716796875 0.09483447265625 0.8583720703125 0.0972548828125 0.85558984375 0.09689208984375 0.853775390625 0.09338232421875 0.85438037109375 0.089388671875 0.85631591796875 0.08660546875 0.86127490234375 0.08684716796875 0.8634521484375 0.08878369140625
0 0.83062890625 0.04534375 0.8270771484375 0.0444658203125 0.82409375 0.04475 0.82125244140625 0.04801904296875 0.82096826171875 0.05128857421875 0.821962890625 0.0552685546875 0.82480419921875 0.05768505859375 0.82721923828125 0.059390625 0.831765625 0.05896435546875 0.8341806640625 0.055552734375 0.83347021484375 0.04944091796875
0 0.94968994140625 0.10682763671875 0.94222265625 0.1006181640625 0.93976513671875 0.09551123046875 0.94014306640625 0.09040380859375 0.94392431640625 0.088701171875 0.948083984375 0.0898359375 0.9522431640625 0.09475439453125 0.95432275390625 0.1006181640625 0.952810546875 0.10629296875
0 0.762498046875 0.20385595703125 0.766201171875 0.20568994140625 0.767146484375 0.2106083984375 0.764310546875 0.21382373046875 0.76033984375 0.21533740234375 0.7571259765625 0.21514794921875 0.75542431640625 0.210986328125 0.7580712890625 0.2066357421875
0 0.79057666015625 0.16984912109375 0.78964501953125 0.17296533203125 0.785107421875 0.17485693359375 0.78151513671875 0.17353271484375 0.78151513671875 0.1686142578125 0.7845400390625 0.1661552734375 0.78813232421875 0.166912109375
0 0.84743017578125 0.22938037109375 0.84240283203125 0.2298505859375 0.8379921875 0.2287470703125 0.837046875 0.22575244140625 0.83925244140625 0.2227578125 0.84303271484375 0.22197021484375 0.84744384765625 0.22291552734375 0.84964892578125 0.22401904296875 0.850279296875 0.22811669921875
0 0.902798828125 0.2813701171875 0.901873046875 0.2872333984375 0.89903759765625 0.2944833984375 0.89509912109375 0.2960595703125 0.89037353515625 0.295271484375 0.8892705078125 0.291173828125 0.89194873046875 0.28660302734375 0.89604443359375 0.28218994140625 0.900455078125 0.2799833984375
0 0.96229736328125 0.27428125 0.95837890625 0.2748603515625 0.95387353515625 0.27453857421875 0.95140625 0.2729287109375 0.9505478515625 0.26852783203125 0.95365869140625 0.26552294921875 0.95945166015625 0.26498583984375 0.96299169921875 0.2671328125 0.964279296875 0.2705673828125
0 0.5706708984375 0.2741181640625 0.5689482421875 0.27911474609375 0.5643388671875 0.2814208984375 0.55896142578125 0.28193310546875 0.55665673828125 0.27988330078125 0.5585771484375 0.27463134765625 0.562162109375 0.27117236328125 0.56625927734375 0.27014794921875 0.56881982421875 0.27117236328125
0 0.588025390625 0.2975615234375 0.58623291015625 0.2988427734375 0.58290380859375 0.29935498046875 0.5800869140625 0.29858642578125 0.57855078125 0.2966650390625 0.57906298828125 0.29333447265625 0.58303173828125 0.29269384765625 0.5867451171875 0.2938466796875 0.588025390625 0.2953837890625
0 0.64745703125 0.2228916015625 0.647349609375 0.230982421875 0.6474765625 0.24102197265625 0.64722265625 0.25169677734375 0.6450634765625 0.257796875 0.64049072265625 0.2585595703125 0.63312353515625 0.2565263671875 0.6298212890625 0.24801171875 0.6295673828125 0.23327001953125 0.63071044921875 0.22195947265625 0.63286962890625 0.21802001953125 0.64277685546875 0.21878271484375
0 0.69929150390625 0.19554541015625 0.70050244140625 0.2000302734375 0.698982421875 0.20394091796875 0.694205078125 0.20763427734375 0.6904052734375 0.2068740234375 0.68714794921875 0.20068212890625 0.68790771484375 0.19742333984375 0.69138232421875 0.194490234375 0.69561669921875 0.19351220703125 0.698982421875 0.1941640625
0 0.69571826171875 0.2296240234375 0.69279345703125 0.23735546875 0.68796435546875 0.24154296875 0.6824912109375 0.24492529296875 0.6771787109375 0.24492529296875 0.6760517578125 0.2388046875 0.67750048828125 0.234294921875 0.68168603515625 0.2302685546875 0.688447265625 0.22704736328125 0.69295458984375 0.22688623046875
0 0.75924267578125 0.2573203125 0.75579296875 0.26376123046875 0.749072265625 0.26856396484375 0.7440322265625 0.2667626953125 0.74655224609375 0.25883837890625 0.74979248046875 0.25427587890625 0.75579296875 0.25367529296875
0 0.7453525390625 0.250783203125 0.749072265625 0.25186376953125 0.74991259765625 0.2554658203125 0.74847265625 0.260869140625 0.74283203125 0.2650712890625 0.73515185546875 0.2668720703125 0.72891162109375 0.26747265625 0.72459130859375 0.26591162109375 0.7253115234375 0.2609892578125 0.731671875 0.2555859375 0.737912109375 0.25150390625 0.7429521484375 0.25030322265625
0 0.826890625 0.26929443359375 0.8280546875 0.27227197265625 0.82765625 0.27638916015625 0.82314306640625 0.27718603515625 0.82088671875 0.27466259765625 0.82062109375 0.27200634765625 0.8220810546875 0.2692177734375 0.82460302734375 0.2689521484375
0 0.886537109375 0.3306826171875 0.88642431640625 0.33510107421875 0.88344091796875 0.339578125 0.87953955078125 0.3399228515625 0.876900390625 0.33693798828125 0.87793310546875 0.33223095703125 0.88229345703125 0.32809765625 0.88504736328125 0.32809765625
0 0.6172236328125 0.47217919921875 0.61384619140625 0.471009765625 0.611248046875 0.467240234375 0.6116376953125 0.46412109375 0.61371630859375 0.46178173828125 0.6172236328125 0.46230126953125 0.61969189453125 0.46633056640625 0.61982177734375 0.471009765625
0 0.6227001953125 0.5614853515625 0.6195205078125 0.560005859375 0.6184560546875 0.55740234375 0.61881103515625 0.55479833984375 0.61999365234375 0.55243115234375 0.6228330078125 0.5525498046875 0.6247255859375 0.55468017578125 0.6249619140625 0.55905908203125
0 0.63909716796875 0.54996826171875 0.63241455078125 0.5533779296875 0.6266181640625 0.55503515625 0.6231875 0.55432470703125 0.62082177734375 0.5516025390625 0.6228330078125 0.54568505859375 0.62874755859375 0.54213427734375 0.6347802734375 0.5392939453125 0.6390390625 0.53917578125 0.6410498046875 0.54260791015625 0.6399853515625 0.5478154296875
0 0.60437890625 0.53893896484375 0.60461572265625 0.54154248046875 0.603314453125 0.54580322265625 0.601421875 0.54710546875 0.59941064453125 0.54675048828125 0.5996474609375 0.54331787109375 0.600830078125 0.54095068359375 0.602486328125 0.539767578125
0 0.539912109375 0.54910107421875 0.53653466796875 0.55052978515625 0.53037158203125 0.549998046875 0.52856494140625 0.547552734375 0.5294150390625 0.54457568359375 0.53196533203125 0.54234326171875 0.5364287109375 0.54298095703125 0.5398291015625 0.54489453125 0.54067919921875 0.54691455078125
0 0.59689990234375 0.3718916015625 0.59076611328125 0.38055029296875 0.59040185546875 0.38626220703125 0.59441015625 0.39063671875 0.60157666015625 0.39428271484375 0.60594921875 0.38954296875 0.60509912109375 0.3809150390625 0.60096923828125 0.373015625
0 0.65154931640625 0.406998046875 0.6438017578125 0.4042294921875 0.639005859375 0.39758544921875 0.64158837890625 0.392048828125 0.64767578125 0.38872705078125 0.65468505859375 0.3918642578125 0.657267578125 0.396478515625 0.65818994140625 0.40386083984375 0.65505419921875 0.406998046875
0 0.8527841796875 0.435345703125 0.848337890625 0.43626611328125 0.8438916015625 0.43488525390625 0.8420517578125 0.4318173828125 0.843125 0.42905615234375 0.8466513671875 0.426294921875 0.8512509765625 0.4266015625 0.8540107421875 0.4281357421875 0.8543173828125 0.4316640625
0 0.88672412109375 0.455345703125 0.8877763671875 0.45923583984375 0.88685888671875 0.46552978515625 0.8829267578125 0.46592333984375 0.87938818359375 0.46500537109375 0.87991259765625 0.46067822265625 0.882271484375 0.456744140625 0.8842373046875 0.4553017578125
0 0.92320166015625 0.438076171875 0.92337255859375 0.4427373046875 0.9203671875 0.44466162109375 0.9165205078125 0.4447822265625 0.91483740234375 0.44297802734375 0.91471728515625 0.44009130859375 0.91591943359375 0.4374453125 0.919044921875 0.43684423828125 0.9215693359375 0.43684423828125
0 0.97894287109375 0.382533203125 0.97834375 0.3867275390625 0.97341552734375 0.393703125 0.96596240234375 0.39863427734375 0.96127392578125 0.40067919921875 0.9591103515625 0.39863427734375 0.958990234375 0.39466552734375 0.9639189453125 0.388892578125 0.9694482421875 0.38420166015625 0.9742568359375 0.381435546875 0.9766611328125 0.3815556640625 0.97858447265625 0.3821572265625
0 0.87560986328125 0.4106845703125 0.87071630859375 0.4148564453125 0.865646484375 0.41572607421875 0.86028662109375 0.4126826171875 0.85796875 0.40804443359375 0.8592724609375 0.40166748046875 0.86405322265625 0.39949365234375 0.86810888671875 0.4007978515625 0.87231005859375 0.4042763671875 0.8746279296875 0.4070302734375
0 0.9159697265625 0.49467431640625 0.90687548828125 0.49246923828125 0.90247021484375 0.48776806640625 0.90247021484375 0.48306640625 0.9054072265625 0.479833984375 0.908931640625 0.47895263671875 0.91597998046875 0.4814501953125 0.91877001953125 0.4840947265625 0.92023876953125 0.48909033203125 0.9181826171875 0.49379150390625
0 0.9087001953125 0.5574990234375 0.90847509765625 0.561888671875 0.9061669921875 0.56664306640625 0.90263671875 0.56868017578125 0.89937841796875 0.56868017578125 0.8969345703125 0.5674580078125 0.8969345703125 0.56256787109375 0.9000576171875 0.557677734375 0.90399462890625 0.5553681640625 0.9071171875 0.5550966796875
0 0.9651103515625 0.60414208984375 0.96073291015625 0.60308837890625 0.95863623046875 0.59963330078125 0.95949951171875 0.59457373046875 0.96110302734375 0.5908720703125 0.962953125 0.5895146484375 0.966283203125 0.58976123046875 0.96899658203125 0.59013134765625 0.97072314453125 0.594697265625 0.969736328125 0.6004970703125 0.9676396484375 0.60358203125
0 0.959412109375 0.616353515625 0.9553759765625 0.6152060546875 0.953279296875 0.6123681640625 0.95266259765625 0.60878955078125 0.95352587890625 0.6048408203125 0.956609375 0.6028662109375 0.959076171875 0.60298974609375 0.9612958984375 0.60681494140625 0.96228271484375 0.61051708984375 0.9621591796875 0.6137255859375
0 0.97264306640625 0.61693359375 0.97227294921875 0.62112939453125 0.96894287109375 0.62557177734375 0.96351611328125 0.62717578125 0.95981591796875 0.62717578125 0.95845947265625 0.62384423828125 0.9579658203125 0.618908203125 0.96104931640625 0.61458935546875 0.9679560546875 0.61360205078125 0.970916015625 0.6144658203125
0 0.75512890625 0.45010595703125 0.75125830078125 0.45143994140625 0.7467529296875 0.4498720703125 0.7447939453125 0.447912109375 0.74557763671875 0.444580078125 0.74929931640625 0.44360009765625 0.753021484375 0.444580078125 0.75498046875 0.44634423828125
0 0.7363798828125 0.6139970703125 0.73080712890625 0.61404931640625 0.7263017578125 0.61150146484375 0.7249306640625 0.60679736328125 0.72728125 0.60209375 0.73178662109375 0.600525390625 0.73570458984375 0.6013095703125 0.738447265625 0.60346533203125 0.7388388671875 0.608953125
0 0.81137548828125 0.54675927734375 0.8093125 0.551720703125 0.80539453125 0.55211279296875 0.8014765625 0.54956494140625 0.8024560546875 0.54584130859375 0.80519873046875 0.54309716796875 0.80911669921875 0.54368505859375
0 0.81087158203125 0.65617431640625 0.8074306640625 0.6567041015625 0.80491650390625 0.65458544921875 0.8053134765625 0.6519375 0.80756298828125 0.650083984375 0.81034228515625 0.65180517578125 0.81166552734375 0.654453125
0 0.81662451171875 0.58454248046875 0.812216796875 0.585154296875 0.8085185546875 0.5832158203125 0.8095751953125 0.57845849609375 0.81344970703125 0.57687255859375 0.8157392578125 0.57687255859375 0.81714794921875 0.58057275390625
0 0.9197919921875 0.595294921875 0.917248046875 0.5921865234375 0.91707177734375 0.58866259765625 0.9183046875 0.58549072265625 0.9220029296875 0.58513818359375 0.9241162109375 0.58831005859375 0.923587890625 0.5914814453125
0 0.77729052734375 0.6483251953125 0.77379736328125 0.65030078125 0.7692412109375 0.65030078125 0.7648369140625 0.64878125 0.76362158203125 0.64437451171875 0.76681103515625 0.64057568359375 0.7730380859375 0.63981591796875 0.7766826171875 0.6414873046875 0.7786572265625 0.64361474609375
0 0.76538720703125 0.68504052734375 0.76006005859375 0.68405908203125 0.7588447265625 0.68056396484375 0.760515625 0.677373046875 0.7643125 0.677373046875 0.7670458984375 0.68026025390625 0.76719775390625 0.68284326171875
0 0.7546103515625 0.64794921875 0.75535205078125 0.653212890625 0.75368115234375 0.65944287109375 0.7507958984375 0.66096240234375 0.7482138671875 0.65853125 0.74715087890625 0.6550361328125 0.7482138671875 0.6497177734375 0.7507958984375 0.64804638671875
0 0.79816796875 0.83424951171875 0.7978076171875 0.84149609375 0.79623486328125 0.8509384765625 0.79125390625 0.8535615234375 0.78653466796875 0.851201171875 0.78574853515625 0.845955078125 0.78941845703125 0.83729931640625 0.7943994140625 0.83205322265625
0 0.68914990234375 0.9367783203125 0.6907744140625 0.9422236328125 0.687890625 0.95219091796875 0.68317138671875 0.96635498046875 0.67635546875 0.97448583984375 0.6690146484375 0.97553515625 0.666130859375 0.97212548828125 0.67032568359375 0.960322265625 0.67635546875 0.94878125 0.68028759765625 0.93986279296875 0.684482421875 0.93750244140625
0 0.67980419921875 0.90137744140625 0.6780849609375 0.9083486328125 0.67473681640625 0.91198974609375 0.66716748046875 0.91228076171875 0.665857421875 0.90893115234375 0.6689140625 0.90062939453125 0.672990234375 0.8980078125 0.67648388671875 0.89873583984375
0 0.68347607421875 0.8293046875 0.67838037109375 0.82732177734375 0.67668212890625 0.82321484375 0.67838037109375 0.81910791015625 0.683193359375 0.8178330078125 0.68673193359375 0.81896630859375 0.6875810546875 0.8233564453125 0.68715673828125 0.82760498046875
0 0.60286474609375 0.79355908203125 0.604076171875 0.79919140625 0.6020947265625 0.80343994140625 0.59898046875 0.80428955078125 0.595017578125 0.80386474609375 0.59346044921875 0.8013154296875 0.59586669921875 0.79508447265625 0.599263671875 0.7923935546875 0.6015283203125 0.7921103515625
0 0.6757412109375 0.7447412109375 0.6743125 0.749875 0.66992431640625 0.75228271484375 0.6666689453125 0.7517158203125 0.66525341796875 0.74930859375 0.666244140625 0.74506005859375 0.6683671875 0.74265234375 0.6717646484375 0.7420859375
0 0.77220849609375 0.734697265625 0.76792626953125 0.735279296875 0.7646708984375 0.733296875 0.7646708984375 0.73018115234375 0.76820947265625 0.72862353515625 0.77203125 0.72918994140625 0.772880859375 0.7321640625
0 0.9243251953125 0.75359423828125 0.92108251953125 0.75210009765625 0.91949658203125 0.74921484375 0.92151513671875 0.74546435546875 0.925408203125 0.74488720703125 0.9281474609375 0.74791650390625 0.92713818359375 0.75296533203125
0 0.9223818359375 0.68179296875 0.9192099609375 0.68020654296875 0.917912109375 0.67602294921875 0.91877734375 0.67183984375 0.92137255859375 0.6690986328125 0.92526513671875 0.66953173828125 0.92728369140625 0.674869140625 0.92670703125 0.68049462890625 0.92454443359375 0.6823701171875
0 0.63602734375 0.65037744140625 0.63391796875 0.65844970703125 0.63049853515625 0.66121923828125 0.6249619140625 0.66284814453125 0.62284521484375 0.66105615234375 0.62479931640625 0.654865234375 0.62821875 0.6511181640625 0.63245263671875 0.64981494140625
0 0.64826123046875 0.644345703125 0.64829052734375 0.64959521484375 0.64550537109375 0.65480517578125 0.6378759765625 0.65601708984375 0.6348486328125 0.65444189453125 0.6346064453125 0.64923193359375 0.6377548828125 0.64535498046875 0.64163037109375 0.64365869140625 0.64574755859375 0.642810546875 0.64756396484375 0.64390087890625
0 0.566048828125 0.55757421875 0.568345703125 0.56240625 0.56889794921875 0.5695908203125 0.56724072265625 0.5776044921875 0.5625458984375 0.57953857421875 0.55702197265625 0.57843310546875 0.5545361328125 0.57345947265625 0.55536474609375 0.56130078125 0.560888671875 0.5549453125
0 0.63899072265625 0.4725439453125 0.63973388671875 0.478771484375 0.6382646484375 0.48444091796875 0.63427685546875 0.4875908203125 0.62944970703125 0.4875908203125 0.62651123046875 0.48297119140625 0.62714111328125 0.47793115234375 0.63154833984375 0.47394140625 0.63427685546875 0.4733115234375
0 0.69198046875 0.46215380859375 0.68701171875 0.46019970703125 0.68554296875 0.45516015625 0.68827099609375 0.4536904296875 0.692048828125 0.4562099609375 0.694357421875 0.45914990234375
0 0.70306298828125 0.455919921875 0.7054814453125 0.45977978515625 0.70611083984375 0.4643994140625 0.704431640625 0.46733935546875 0.70107373046875 0.46838916015625 0.69918505859375 0.463349609375 0.6996044921875 0.45810009765625
0 0.5727919921875 0.47000927734375 0.56516455078125 0.46744970703125 0.559958984375 0.46376611328125 0.5590703125 0.459955078125 0.561736328125 0.45703369140625 0.56541845703125 0.456017578125 0.56986181640625 0.45703369140625 0.5734169921875 0.459447265625 0.5762099609375 0.462623046875 0.5764638671875 0.46744970703125
0 0.56504052734375 0.46728564453125 0.56440283203125 0.47049853515625 0.55983203125 0.473419921875 0.55653125 0.4751982421875 0.55246826171875 0.47380126953125 0.55373779296875 0.46719580078125 0.557166015625 0.46275 0.562244140625 0.46211474609375
0 0.709220703125 0.35821630859375 0.70984765625 0.36379931640625 0.7078759765625 0.3729033203125 0.7027197265625 0.37639306640625 0.6949853515625 0.37897265625 0.68891943359375 0.3791240234375 0.6875546875 0.3718408203125 0.6902841796875 0.36091650390625 0.69983837890625 0.35606103515625 0.7057529296875 0.3559091796875
0 0.7221884765625 0.3370087890625 0.717 0.336748046875 0.71349951171875 0.33493212890625 0.7127216796875 0.33285693359375 0.71298095703125 0.33013330078125 0.715962890625 0.32870654296875 0.72075927734375 0.330392578125 0.722962890625 0.3337646484375
0 0.840052734375 0.34010009765625 0.8396298828125 0.345849609375 0.8379521484375 0.35256298828125 0.8342919921875 0.35851416015625 0.829869140625 0.360650390625 0.8251416015625 0.35927685546875 0.82270166015625 0.35210546875 0.82468408203125 0.34432373046875 0.829716796875 0.34020361328125 0.83551220703125 0.338525390625 0.8396298828125 0.33944091796875
0 0.39535888671875 0.18047216796875 0.3940234375 0.1888525390625 0.39057861328125 0.199193359375 0.38133935546875 0.20122998046875 0.3721005859375 0.19950634765625 0.3694384765625 0.1960595703125 0.37194384765625 0.18493603515625 0.37726806640625 0.17960888671875 0.384158203125 0.17772900390625 0.39057861328125 0.17663232421875
0 0.4556240234375 0.31103857421875 0.45476220703125 0.317337890625 0.45233837890625 0.322591796875 0.44991455078125 0.3266337890625 0.44658203125 0.32673486328125 0.4445625 0.324916015625 0.44476416015625 0.317337890625 0.4453701171875 0.3110732421875 0.4472890625 0.308951171875 0.45233837890625 0.308546875 0.4546611328125 0.31006298828125
0 0.5674130859375 0.337689453125 0.56954296875 0.339978515625 0.56973486328125 0.34295947265625 0.5683896484375 0.34584375 0.56569873046875 0.34651708984375 0.56348828125 0.344978515625 0.5627197265625 0.341228515625 0.56444970703125 0.338248046875
0 0.14859033203125 0.9186650390625 0.1468486328125 0.9243974609375 0.14080126953125 0.9261904296875 0.13721728515625 0.92462158203125 0.1356494140625 0.92036376953125 0.13788916015625 0.9174501953125 0.1405771484375 0.9158818359375 0.144384765625 0.91543359375 0.146625 0.9158818359375
0 0.1585703125 0.8961181640625 0.15760009765625 0.90064208984375 0.1546884765625 0.90602099609375 0.14953662109375 0.904900390625 0.14886474609375 0.90041845703125 0.1497607421875 0.89683251953125 0.152224609375 0.895263671875 0.15558447265625 0.8948154296875
0 0.16633251953125 0.885029296875 0.16588818359375 0.889212890625 0.16297607421875 0.89167822265625 0.1589443359375 0.8914541015625 0.15692822265625 0.88898876953125 0.15692822265625 0.88473095703125 0.160064453125 0.88159326171875 0.1632001953125 0.8818173828125
0 0.15080810546875 0.8902041015625 0.14752099609375 0.88764404296875 0.1461767578125 0.8836103515625 0.14796875 0.881369140625 0.15200048828125 0.8809208984375 0.15491259765625 0.882265625 0.15715234375 0.88428271484375 0.15715234375 0.89033349609375 0.152896484375 0.89190234375
0 0.31011572265625 0.88465966796875 0.30834619140625 0.88898876953125 0.3038662109375 0.89122998046875 0.30050634765625 0.8887646484375 0.29983447265625 0.8845068359375 0.30297021484375 0.88047265625 0.30677783203125 0.88047265625
0 0.18222607421875 0.8828115234375 0.17775927734375 0.88383447265625 0.1737275390625 0.88159326171875 0.1737275390625 0.8766630859375 0.1779833984375 0.8748701171875 0.181119140625 0.87688720703125 0.18313525390625 0.87890380859375
0 0.3478173828125 0.92383984375 0.343736328125 0.92731103515625 0.33522509765625 0.92865576171875 0.33164111328125 0.92686279296875 0.33119287109375 0.924845703125 0.3327607421875 0.92170849609375 0.33679296875 0.92036376953125 0.3412724609375 0.9201396484375 0.3455283203125 0.9201396484375
0 0.3163994140625 0.91533837890625 0.3159619140625 0.91991552734375 0.31282568359375 0.9219326171875 0.30968994140625 0.92126025390625 0.307673828125 0.9192431640625 0.30856982421875 0.9149853515625 0.3112578125 0.91431298828125 0.31327392578125 0.91476123046875
0 0.40104296875 0.9304931640625 0.40018212890625 0.9340341796875 0.395478515625 0.934482421875 0.39211865234375 0.93246533203125 0.39167041015625 0.93000048828125 0.39323828125 0.92753515625 0.39592626953125 0.9270869140625 0.399734375 0.92686279296875
0 0.050640625 0.78486181640625 0.04762109375 0.79079052734375 0.043365234375 0.79213525390625 0.03955712890625 0.7901181640625 0.03955712890625 0.78518798828125 0.04246923828125 0.78272265625 0.045380859375 0.78272265625 0.04829296875 0.7822744140625
0 0.16263623046875 0.751595703125 0.16611181640625 0.75379345703125 0.16835205078125 0.75670654296875 0.16857568359375 0.761861328125 0.16588818359375 0.766119140625 0.16118408203125 0.76522265625 0.1589443359375 0.7623095703125 0.1582724609375 0.75939599609375 0.15849609375 0.75648291015625 0.15939208984375 0.7535693359375
0 0.18740087890625 0.72165625 0.1826875 0.7239873046875 0.17820751953125 0.72241845703125 0.1766396484375 0.72107373046875 0.1766396484375 0.7170400390625 0.179103515625 0.71457470703125 0.1826875 0.71412646484375 0.185375 0.71591943359375 0.187615234375 0.71816064453125
0 0.282763671875 0.8377177734375 0.27855517578125 0.83830126953125 0.27721142578125 0.83359521484375 0.278779296875 0.8293369140625 0.28303515625 0.8293369140625 0.286619140625 0.83135400390625 0.28639501953125 0.834939453125
0 0.312703125 0.82552001953125 0.31282568359375 0.83135400390625 0.3087939453125 0.83359521484375 0.304986328125 0.83359521484375 0.30297021484375 0.8320263671875 0.30364208984375 0.82776806640625 0.30722607421875 0.8250791015625
0 0.33340185546875 0.75898779296875 0.32940087890625 0.7578076171875 0.32872900390625 0.7542216796875 0.32984912109375 0.75287744140625 0.3327607421875 0.75287744140625 0.33522509765625 0.75489404296875
0 0.32268310546875 0.75344384765625 0.324025390625 0.75668701171875 0.32178564453125 0.7616171875 0.31752978515625 0.76072119140625 0.31708154296875 0.75713525390625 0.31999365234375 0.75399755859375
0 0.25023681640625 0.84178369140625 0.24630078125 0.84027880859375 0.24473291015625 0.83758935546875 0.24607666015625 0.83557275390625 0.2487646484375 0.83557275390625 0.250556640625 0.83646923828125 0.2514521484375 0.8387099609375
0 0.35557958984375 0.86063427734375 0.35112841796875 0.86 0.350232421875 0.85731103515625 0.351576171875 0.85372509765625 0.3533681640625 0.8535009765625 0.35493603515625 0.85551806640625 0.35605615234375 0.8579833984375
0 0.12064208984375 0.677986328125 0.1179541015625 0.6757451171875 0.11705810546875 0.6730556640625 0.11885009765625 0.6714873046875 0.1222099609375 0.6714873046875 0.12332958984375 0.67462451171875
0 0.30641943359375 0.67138720703125 0.30677783203125 0.67460498046875 0.30409033203125 0.67684619140625 0.30117822265625 0.67594970703125 0.29983447265625 0.673484375 0.30162646484375 0.67236376953125
0 0.382931640625 0.676931640625 0.38069482421875 0.6817763671875 0.3766630859375 0.68155224609375 0.37643896484375 0.67684619140625 0.37823095703125 0.674380859375 0.3809189453125 0.6739326171875
0 0.4003037109375 0.66990869140625 0.40331787109375 0.67146728515625 0.40398974609375 0.67326025390625 0.4028701171875 0.67774267578125 0.39883837890625 0.67550146484375 0.39727001953125 0.6730361328125
0 0.4076962890625 0.68986865234375 0.40578173828125 0.69275732421875 0.401078125 0.694326171875 0.398166015625 0.69365380859375 0.3992861328125 0.69029248046875 0.40085400390625 0.68805126953125 0.40331787109375 0.6878271484375
0 0.02181005859375 0.5893310546875 0.0196220703125 0.5936826171875 0.017158203125 0.595923828125 0.0140224609375 0.59525146484375 0.0133505859375 0.592337890625 0.0146943359375 0.58964892578125 0.01671044921875 0.58830419921875 0.0189501953125 0.58785595703125
0 0.363341796875 0.58082958984375 0.3632236328125 0.5840263671875 0.360087890625 0.586267578125 0.35627978515625 0.584474609375 0.35672802734375 0.58200927734375 0.3589677734375 0.57999267578125 0.3612080078125 0.5797685546875
0 0.4017822265625 0.54091064453125 0.40130224609375 0.545255859375 0.3986142578125 0.54816943359375 0.39458251953125 0.5479453125 0.3930146484375 0.54637646484375 0.39391064453125 0.54189453125 0.396150390625 0.5396533203125 0.3992861328125 0.53898095703125
0 0.071708984375 0.57713330078125 0.06889990234375 0.5788525390625 0.0648681640625 0.57728369140625 0.0635244140625 0.57593896484375 0.06509228515625 0.5725771484375 0.0677802734375 0.5725771484375 0.07136376953125 0.57369775390625
0 0.11088916015625 0.48657568359375 0.10966650390625 0.49010595703125 0.1065302734375 0.49100244140625 0.10272265625 0.48876123046875 0.1038427734375 0.486072265625 0.10608251953125 0.4847275390625
0 0.2579990234375 0.50727490234375 0.2550361328125 0.51229248046875 0.25100439453125 0.51498193359375 0.24764453125 0.51453369140625 0.24630078125 0.51318896484375 0.24630078125 0.5100517578125 0.24742041015625 0.50758642578125 0.250556640625 0.50668994140625 0.25279638671875 0.50512109375
0 0.30494091796875 0.60226806640625 0.30610595703125 0.6057451171875 0.30364208984375 0.61067529296875 0.29871435546875 0.61134765625 0.29557861328125 0.6095546875 0.29490673828125 0.60596923828125 0.296474609375 0.60327978515625 0.29916259765625 0.6017109375 0.30207421875 0.6017109375
0 0.0979521484375 0.53943212890625 0.1002587890625 0.5438916015625 0.099138671875 0.5474775390625 0.09510693359375 0.5499423828125 0.09129931640625 0.5474775390625 0.0904033203125 0.54433984375 0.09152294921875 0.5412021484375 0.0935390625 0.53985791015625
0 0.23951806640625 0.5383232421875 0.23801318359375 0.543443359375 0.23622119140625 0.5465810546875 0.2324130859375 0.547029296875 0.23084521484375 0.54321923828125 0.23151708984375 0.539185546875 0.23398095703125 0.5369443359375 0.2371171875 0.53582373046875
0 0.2154921875 0.55162939453125 0.21225390625 0.55462890625 0.20867041015625 0.55462890625 0.205982421875 0.551267578125 0.2055341796875 0.54835400390625 0.206654296875 0.54454443359375 0.2097900390625 0.54454443359375 0.21314990234375 0.54588916015625 0.214494140625 0.54880224609375
0 0.234712890625 0.4359375 0.232861328125 0.44029541015625 0.22950146484375 0.44320849609375 0.2261416015625 0.44365673828125 0.22098974609375 0.44119189453125 0.219421875 0.43805419921875 0.2212138671875 0.43379638671875 0.22591748046875 0.43289990234375 0.23017333984375 0.43200341796875 0.23263720703125 0.433572265625
0 0.2761103515625 0.440373046875 0.27183544921875 0.44051953125 0.2691474609375 0.4387265625 0.26757958984375 0.43536474609375 0.26757958984375 0.43245166015625 0.27116357421875 0.431779296875 0.27474755859375 0.43289990234375 0.27609130859375 0.43446875 0.2769873046875 0.437830078125
0 0.31011572265625 0.4995126953125 0.305658203125 0.49968359375 0.30297021484375 0.4992353515625 0.30117822265625 0.49721826171875 0.3031943359375 0.494529296875 0.30588232421875 0.4931845703125 0.3094658203125 0.49430517578125 0.3119296875 0.49609765625
0 0.20508642578125 0.337634765625 0.20441455078125 0.34390966796875 0.2010546875 0.34659912109375 0.19791845703125 0.34390966796875 0.198142578125 0.34010009765625 0.20015869140625 0.3380830078125 0.20217431640625 0.3371865234375
0 0.32933642578125 0.3605341796875 0.3251455078125 0.36273486328125 0.32066552734375 0.362958984375 0.31685791015625 0.35959716796875 0.3173056640625 0.35735595703125 0.31999365234375 0.35533935546875 0.32380126953125 0.3546669921875 0.32671337890625 0.35578759765625 0.32850537109375 0.35735595703125
0 0.15080810546875 0.37938525390625 0.148640625 0.38310888671875 0.1448330078125 0.3849013671875 0.14012890625 0.38467724609375 0.13811328125 0.382884765625 0.13811328125 0.3797470703125 0.1399052734375 0.37817822265625 0.14393701171875 0.37616162109375 0.147296875 0.37571337890625 0.14998486328125 0.37571337890625
0 0.20366455078125 0.36312158203125 0.20038232421875 0.363611328125 0.196798828125 0.3613701171875 0.19657470703125 0.3580087890625 0.20038232421875 0.35509521484375 0.2035185546875 0.35643994140625 0.2048623046875 0.36025
0 0.3282275390625 0.311744140625 0.32380126953125 0.3115400390625 0.32178564453125 0.30907470703125 0.322681640625 0.30593701171875 0.3251455078125 0.30436865234375 0.32738525390625 0.3052646484375 0.32917724609375 0.30817822265625
0 0.40436962890625 0.3124833984375 0.4021982421875 0.315349609375 0.39883837890625 0.31602197265625 0.396822265625 0.3149013671875 0.39659814453125 0.3106435546875 0.3992861328125 0.3097470703125 0.402421875 0.31041943359375
0 0.1929453125 0.1627861328125 0.18918310546875 0.1633857421875 0.18604736328125 0.16114453125 0.18627099609375 0.15711083984375 0.1894072265625 0.15666259765625 0.19231884765625 0.1593515625
0 0.22916845703125 0.11695263671875 0.23196533203125 0.11923681640625 0.232189453125 0.12349462890625 0.22860546875 0.1259599609375 0.2254697265625 0.1250634765625 0.22412548828125 0.12259814453125 0.22412548828125 0.11923681640625 0.2261416015625 0.11654736328125
0 0.22029736328125 0.1642646484375 0.22166162109375 0.1667275390625 0.22098974609375 0.1703134765625 0.21852587890625 0.1703134765625 0.21628564453125 0.16964111328125 0.215166015625 0.1658310546875 0.2169580078125 0.16381396484375 0.21919775390625 0.16381396484375
0 0.36925537109375 0.1524365234375 0.3638955078125 0.15034814453125 0.36165576171875 0.14608984375 0.362103515625 0.140935546875 0.36456787109375 0.13936669921875 0.36904736328125 0.14071142578125 0.3710634765625 0.1449697265625 0.371287109375 0.1492275390625
0 0.3851494140625 0.129150390625 0.38002294921875 0.12950634765625 0.3773349609375 0.1265927734375 0.37823095703125 0.1239033203125 0.38114306640625 0.12166259765625 0.38427880859375 0.12211083984375 0.3858466796875 0.1256962890625
0 0.3522529296875 0.14208740234375 0.3477685546875 0.14183203125 0.3462001953125 0.13891845703125 0.34754443359375 0.1353330078125 0.35112841796875 0.13510888671875 0.35381591796875 0.13757421875
0 0.40436962890625 0.20529248046875 0.40018212890625 0.20390966796875 0.3979423828125 0.200099609375 0.398166015625 0.19516943359375 0.40085400390625 0.19292822265625 0.40331787109375 0.19292822265625 0.406005859375 0.195841796875 0.406677734375 0.20166845703125
0 0.171876953125 0.117322265625 0.1717119140625 0.120990234375 0.169248046875 0.123455078125 0.16409619140625 0.12211083984375 0.16118408203125 0.11807666015625 0.160736328125 0.1153876953125 0.1625283203125 0.11404296875 0.1667841796875 0.1144912109375
0 0.20144677734375 0.07925146484375 0.1992626953125 0.08244384765625 0.19388671875 0.08289208984375 0.19097509765625 0.08020263671875 0.1907509765625 0.07773779296875 0.19231884765625 0.075720703125 0.19545458984375 0.075720703125 0.19836669921875 0.0770654296875
0 0.3777568359375 0.2285791015625 0.37330322265625 0.22990576171875 0.369943359375 0.22744091796875 0.3710634765625 0.22340673828125 0.37442333984375 0.22295849609375 0.377783203125 0.22519970703125
0 0.2476494140625 0.0788818359375 0.2445087890625 0.08154736328125 0.2395810546875 0.0831162109375 0.2377890625 0.080875 0.2389091796875 0.07773779296875 0.2415966796875 0.07504833984375 0.24428466796875 0.073927734375 0.24674853515625 0.075720703125
0 0.1334091796875 0.01608837890625 0.13251318359375 0.01877783203125 0.12937744140625 0.02057080078125 0.12579345703125 0.0198984375 0.1242255859375 0.0176572265625 0.1264658203125 0.0158642578125 0.1296015625 0.01452001953125
0 0.0221796875 0.01715478515625 0.0238779296875 0.020794921875 0.02410205078125 0.02482861328125 0.0227578125 0.02751806640625 0.01939794921875 0.02953515625 0.016486328125 0.02841455078125 0.016486328125 0.0255009765625 0.0176064453125 0.0212431640625 0.0196220703125 0.0185537109375
0 0.1493125 0.11805712890625 0.1455048828125 0.11716064453125 0.1448330078125 0.11491943359375 0.14460888671875 0.11223046875 0.147296875 0.11110986328125 0.1504326171875 0.11110986328125 0.152896484375 0.11357470703125 0.15312060546875 0.11648828125
0 0.22547216796875 0.0175244140625 0.22166162109375 0.01832958984375 0.21852587890625 0.01653662109375 0.217181640625 0.0133994140625 0.22054150390625 0.01183056640625 0.2239013671875 0.0125029296875
0 0.4224814453125 0.14726171875 0.4182080078125 0.15121630859375 0.41350439453125 0.15211279296875 0.41126416015625 0.15121630859375 0.41081640625 0.14919921875 0.41238427734375 0.1469580078125 0.41619189453125 0.14494140625 0.4182080078125 0.14426904296875 0.42089599609375 0.1444931640625
0 0.5716416015625 0.15547412109375 0.56828173828125 0.15771533203125 0.56469775390625 0.1583876953125 0.5617861328125 0.1574912109375 0.560666015625 0.15457763671875 0.56402587890625 0.15121630859375 0.56828173828125 0.14987158203125 0.57208935546875 0.150095703125 0.57343359375 0.151888671875
0 0.762904296875 0.1905078125 0.758673828125 0.191779296875 0.75576171875 0.189314453125 0.75508984375 0.1861767578125 0.7568818359375 0.18348779296875 0.7588974609375 0.183263671875 0.76158544921875 0.18483203125 0.7629296875 0.187521484375
0 0.4901220703125 0.2869794921875 0.4867958984375 0.2874208984375 0.48410791015625 0.2849560546875 0.48477978515625 0.2804736328125 0.4874677734375 0.27823291015625 0.49037939453125 0.27890478515625 0.49329150390625 0.28159423828125 0.49284375 0.28518017578125
0 0.4916005859375 0.354990234375 0.48970751953125 0.3600908203125 0.48589990234375 0.36076318359375 0.48276416015625 0.3600908203125 0.4818681640625 0.35762548828125 0.48365966796875 0.35516015625 0.48701953125 0.3547119140625
0 0.56811279296875 0.42595751953125 0.56474462890625 0.42852197265625 0.55936865234375 0.42986669921875 0.55444091796875 0.42986669921875 0.55332080078125 0.42762548828125 0.55511279296875 0.42426416015625 0.55824853515625 0.42291943359375 0.562728515625 0.4222470703125 0.565640625 0.42247119140625
0 0.710787109375 0.52316845703125 0.706978515625 0.521078125 0.7058583984375 0.515923828125 0.70787451171875 0.51502734375 0.711234375 0.51614794921875 0.712578125 0.51861279296875
0 0.6590400390625 0.62111865234375 0.65725244140625 0.62510302734375 0.653220703125 0.6253271484375 0.651205078125 0.6235341796875 0.651876953125 0.62129296875 0.6536689453125 0.619724609375 0.65658056640625 0.61905224609375
0 0.70966650390625 0.8190537109375 0.70899462890625 0.82353564453125 0.7051865234375 0.82488037109375 0.70070703125 0.82353564453125 0.698466796875 0.82062255859375 0.69936279296875 0.81703662109375 0.70272265625 0.81569189453125 0.70608251953125 0.8163642578125
0 0.72409375 0.71869921875 0.72243408203125 0.72358447265625 0.7186259765625 0.72358447265625 0.716833984375 0.72044677734375 0.71885009765625 0.7188779296875
0 0.7847119140625 0.82773779296875 0.7815673828125 0.8298896484375 0.77708740234375 0.828544921875 0.77551953125 0.82540771484375 0.77887939453125 0.82361474609375 0.7822392578125 0.824287109375 0.784703125 0.82652783203125
0 0.42049462890625 0.91910400390625 0.4166865234375 0.9235859375 0.4117587890625 0.92425830078125 0.41063916015625 0.92022412109375 0.41198291015625 0.9170869140625 0.4146708984375 0.91641455078125 0.41870263671875 0.91686279296875
0 0.51119091796875 0.9423212890625 0.507626953125 0.9421865234375 0.50471484375 0.94084228515625 0.5051630859375 0.93725634765625 0.508970703125 0.936583984375 0.5125546875 0.93860107421875 0.5136748046875 0.94129052734375
0 0.85087451171875 0.80814794921875 0.85350732421875 0.81077294921875 0.85529931640625 0.8136865234375 0.8544033203125 0.81749609375 0.84969921875 0.820185546875 0.84611572265625 0.81951318359375 0.84566748046875 0.81615185546875 0.8472353515625 0.81032470703125
0 0.825732421875 0.56499462890625 0.8203564453125 0.56320166015625 0.8183408203125 0.55916796875 0.81811669921875 0.55558203125 0.81990869140625 0.55244482421875 0.82304443359375 0.5517724609375 0.82595654296875 0.55289306640625 0.82797216796875 0.55670263671875 0.8288681640625 0.562529296875
0 0.79727880859375 0.4337197265625 0.79235791015625 0.43540185546875 0.78810205078125 0.4347294921875 0.78743017578125 0.4313681640625 0.789669921875 0.429126953125 0.7921337890625 0.4277822265625 0.79482177734375 0.4277822265625 0.7963896484375 0.42935107421875
0 0.890017578125 0.54723095703125 0.88486572265625 0.549248046875 0.87926611328125 0.5487998046875 0.8770263671875 0.54476611328125 0.8790419921875 0.54162841796875 0.88172998046875 0.54028369140625 0.88643359375 0.54073193359375 0.8882255859375 0.54252490234375 0.88956982421875 0.54386962890625
0 0.9584345703125 0.5279736328125 0.9554228515625 0.5297509765625 0.9504951171875 0.5288544921875 0.9484794921875 0.5252685546875 0.95071923828125 0.523923828125 0.95430322265625 0.52369970703125
0 0.78951708984375 0.46476806640625 0.7867578125 0.46740966796875 0.78250244140625 0.46808203125 0.78026220703125 0.4667373046875 0.78138232421875 0.4640478515625 0.78272607421875 0.46203125 0.7858623046875 0.46203125 0.78877392578125 0.4624794921875
0 0.98356884765625 0.34279248046875 0.981181640625 0.348310546875 0.97625390625 0.35234423828125 0.97334228515625 0.3521201171875 0.97110205078125 0.3496552734375 0.9731181640625 0.34562109375 0.97647802734375 0.3427080078125 0.979837890625 0.34136328125
0 0.96989306640625 0.35646875 0.968638671875 0.36130859375 0.96527880859375 0.36467041015625 0.960126953125 0.36467041015625 0.95766259765625 0.36198095703125 0.95788671875 0.357947265625 0.960798828125 0.35593017578125 0.9639345703125 0.354361328125 0.9663984375 0.35368896484375 0.96908642578125 0.35346484375
0 0.78582080078125 0.06742333984375 0.78451806640625 0.07166455078125 0.78138232421875 0.07256103515625 0.7786943359375 0.071888671875 0.7786943359375 0.0687509765625 0.781830078125 0.0653896484375
0 0.90322900390625 0.7217119140625 0.89467724609375 0.72205419921875 0.8892041015625 0.71828955078125 0.88886181640625 0.71247119140625 0.8967294921875 0.7097333984375 0.9039130859375 0.7100751953125 0.9063076171875 0.71486669921875
0 0.72423095703125 0.67309228515625 0.719193359375 0.67724951171875 0.71372021484375 0.677591796875 0.70756298828125 0.6755380859375 0.70722119140625 0.67143115234375 0.70961572265625 0.66732421875 0.714404296875 0.6666396484375 0.71953564453125 0.6666396484375 0.72432470703125 0.668693359375
0 0.9658203125 0.92838525390625 0.9572158203125 0.9364794921875 0.9468017578125 0.93941064453125 0.9380146484375 0.94006201171875 0.93573681640625 0.93615380859375 0.9380146484375 0.9263837890625 0.9455 0.91628857421875 0.9555888671875 0.9153115234375 0.96405029296875 0.91693994140625 0.9673046875 0.92312744140625
0 0.95703125 0.68522119140625 0.9559140625 0.70143603515625 0.95005615234375 0.71153173828125 0.942896484375 0.7138115234375 0.938666015625 0.71022900390625 0.94061865234375 0.69915673828125 0.9441982421875 0.6874326171875 0.95005615234375 0.68319921875 0.95396142578125 0.6825478515625
0 0.99951171875 0.44254541015625 0.99399072265625 0.4396884765625 0.98748193359375 0.4422939453125 0.98194970703125 0.45076123046875 0.98227490234375 0.4572744140625 0.986505859375 0.462810546875 0.9920380859375 0.46411328125 0.9982216796875 0.46183349609375 0.99951171875 0.45955419921875
0 0.9072265625 0.24674462890625 0.8979853515625 0.25770703125 0.8859443359375 0.26226611328125 0.8781337890625 0.2619404296875 0.87650634765625 0.25607861328125 0.88008642578125 0.247611328125 0.88789697265625 0.24012109375 0.89440576171875 0.2407724609375 0.90123974609375 0.2420751953125
0 0.60986328125 0.43326806640625 0.60769140625 0.438775390625 0.60150830078125 0.442357421875 0.593046875 0.442357421875 0.5897919921875 0.4381240234375 0.5917451171875 0.43389013671875 0.5959755859375 0.43128515625 0.60150830078125 0.43030810546875 0.60541357421875 0.43095947265625
0 0.60400390625 0.08170556640625 0.60125244140625 0.09054248046875 0.59506884765625 0.0951015625 0.5901875 0.09119384765625 0.5905126953125 0.08109814453125 0.59572021484375 0.077841796875 0.60092724609375 0.07816748046875
0 0.30712890625 0.22037744140625 0.309005859375 0.225041015625 0.30737841796875 0.2292744140625 0.30347314453125 0.2318798828125 0.29598828125 0.23090283203125 0.2920830078125 0.22634375 0.2920830078125 0.2217841796875 0.2963134765625 0.218853515625 0.3015205078125 0.2182021484375
0 0.2640947265625 0.24783740234375 0.254982421875 0.2481630859375 0.2468466796875 0.2393701171875 0.24619580078125 0.23350830078125 0.25140283203125 0.2269951171875 0.2598642578125 0.22894873046875 0.2650712890625 0.231228515625 0.2676748046875 0.240021484375 0.26734912109375 0.24490625
0 0.50244140625 0.78287744140625 0.49906396484375 0.78883349609375 0.49255517578125 0.79078759765625 0.48637158203125 0.7885078125 0.48637158203125 0.783623046875 0.4896259765625 0.7803662109375 0.49418212890625 0.77743505859375 0.50036572265625 0.77808642578125
0 0.2919921875 0.92496728515625 0.2858994140625 0.9229638671875 0.28231982421875 0.91710205078125 0.2858994140625 0.91319384765625 0.293384765625 0.91384521484375 0.29598828125 0.91840478515625 0.29598828125 0.923615234375
0 0.32763671875 0.91178369140625 0.319419921875 0.912216796875 0.31616552734375 0.90765771484375 0.31714208984375 0.899841796875 0.320396484375 0.89658544921875 0.32657958984375 0.897236328125 0.33015966796875 0.90375 0.33015966796875 0.9066806640625
0 0.35693359375 0.31705712890625 0.35619482421875 0.32298046875 0.3539169921875 0.3285166015625 0.34610595703125 0.33209912109375 0.33797021484375 0.32753955078125 0.33797021484375 0.32265478515625 0.33862109375 0.31386181640625 0.34447900390625 0.31158203125 0.35228955078125 0.31093115234375
0 0.25341796875 0.61490869140625 0.2520537109375 0.6244375 0.247171875 0.62867138671875 0.24196484375 0.62802001953125 0.2370830078125 0.62411181640625 0.2367578125 0.61857568359375 0.2406630859375 0.61303955078125 0.245544921875 0.60945703125 0.25042626953125 0.61043408203125
0 0.6044921875 0.50797509765625 0.598974609375 0.527064453125 0.59344189453125 0.53422900390625 0.586607421875 0.53292626953125 0.58400390625 0.52673876953125 0.58595654296875 0.5166435546875 0.59116357421875 0.508501953125 0.5976728515625 0.50459375
0 0.15116650390625 0.6664482421875 0.143681640625 0.66742529296875 0.13782373046875 0.66612255859375 0.13652197265625 0.6605859375 0.13912548828125 0.65342138671875 0.1449833984375 0.6514677734375 0.1514921875 0.6543984375 0.154095703125 0.659609375 0.154095703125 0.66286572265625
0 0.8759765625 0.73014306640625 0.8800986328125 0.74098193359375 0.881400390625 0.74944921875 0.8784716796875 0.75531103515625 0.8732646484375 0.7562880859375 0.86643017578125 0.7514033203125 0.86350146484375 0.741958984375 0.86415234375 0.735771484375 0.86740673828125 0.73153759765625 0.870986328125 0.72958349609375
0 0.62451171875 0.97721337890625 0.62045166015625 0.994927734375 0.61394287109375 0.99951171875 0.58758203125 0.99951171875 0.5898603515625 0.989716796875 0.59702001953125 0.98125 0.60873583984375 0.9760390625 0.617197265625 0.97408544921875 0.621427734375 0.9753876953125
0 0.349033203125 0.72501708984375 0.3408974609375 0.72990234375 0.324625 0.73381005859375 0.317791015625 0.72957666015625 0.3181162109375 0.72078369140625 0.3259267578125 0.7142705078125 0.3347138671875 0.7116650390625 0.34447705078125 0.7142705078125 0.34935888671875 0.71850390625
0 0.61669921875 0.68717431640625 0.61524462890625 0.70059228515625 0.60775927734375 0.71199072265625 0.59702001953125 0.7129677734375 0.5927890625 0.70612890625 0.59474169921875 0.6917998046875 0.603203125 0.68235546875 0.6106884765625 0.68235546875 0.61556982421875 0.68691455078125
0 0.42724609375 0.31119775390625 0.423884765625 0.32297265625 0.41542333984375 0.3298115234375 0.40989111328125 0.33143994140625 0.40468359375 0.3298115234375 0.4033818359375 0.325578125 0.4079384765625 0.31645947265625 0.413470703125 0.3086435546875 0.4199794921875 0.306689453125 0.423884765625 0.306689453125 0.42681396484375 0.30701513671875
0 0.0577626953125 0.28945068359375 0.05808837890625 0.2936845703125 0.0561357421875 0.2985693359375 0.05190478515625 0.30019775390625 0.0470234375 0.29791796875 0.046046875 0.293033203125 0.048650390625 0.289125 0.05223046875 0.2884736328125
0 0.1533203125 0.23795556640625 0.15376806640625 0.24450927734375 0.14725927734375 0.25330224609375 0.130662109375 0.25525634765625 0.12122412109375 0.25590771484375 0.11731884765625 0.25330224609375 0.11894580078125 0.25004541015625 0.12545458984375 0.24450927734375 0.135869140625 0.23767041015625 0.14205224609375 0.23343701171875 0.1475849609375 0.2337626953125
0 0.2842705078125 0.27251611328125 0.2819921875 0.28000634765625 0.27678515625 0.28196044921875 0.2692998046875 0.28033203125 0.26734716796875 0.27577294921875 0.2692998046875 0.2705625 0.2738564453125 0.26763134765625 0.279388671875 0.2673056640625
0 0.83642578125 0.16568994140625 0.8395712890625 0.1695244140625 0.83826953125 0.177666015625 0.830458984375 0.18222509765625 0.82492626953125 0.17961962890625 0.8229736328125 0.17636328125 0.824275390625 0.1708271484375 0.8281806640625 0.1675703125
0 0.81884765625 0.04264306640625 0.81548876953125 0.05130859375 0.80605078125 0.0558681640625 0.8011689453125 0.05358837890625 0.7998671875 0.0415390625 0.80539990234375 0.03600244140625 0.81158349609375 0.0353515625 0.81679052734375 0.037630859375
0 0.890625 0.13102197265625 0.8909912109375 0.13986767578125 0.886109375 0.14800927734375 0.88090234375 0.1483349609375 0.87667138671875 0.14247314453125 0.87764794921875 0.13498291015625 0.88155322265625 0.12944677734375 0.88676025390625 0.1271669921875
0 0.6592763671875 0.26555224609375 0.65699853515625 0.27564794921875 0.6514658203125 0.28346337890625 0.642353515625 0.2857431640625 0.63486865234375 0.2844404296875 0.63291552734375 0.27857861328125 0.6358447265625 0.2720654296875 0.6420283203125 0.2694599609375 0.6524423828125 0.261318359375 0.65602197265625 0.26099267578125 0.65960205078125 0.26424951171875
0 0.4462890625 0.17203759765625 0.45164453125 0.176646484375 0.4565263671875 0.18804443359375 0.45750244140625 0.19879150390625 0.45457373046875 0.21116650390625 0.44676318359375 0.21930810546875 0.43895263671875 0.21670263671875 0.4330947265625 0.20791015625 0.4304912109375 0.19553466796875 0.4321181640625 0.18609033203125 0.43797607421875 0.17632080078125 0.44155615234375 0.17273828125
0 0.9228515625 0.25553369140625 0.9206064453125 0.26066748046875 0.91474853515625 0.263923828125 0.90758837890625 0.26359814453125 0.90498486328125 0.261318359375 0.9040087890625 0.2583876953125 0.90856494140625 0.25317724609375 0.91507373046875 0.25187451171875 0.9193046875 0.2528515625
0 0.650390625 0.45182275390625 0.63975 0.44853173828125 0.63486865234375 0.44299560546875 0.6332412109375 0.43811083984375 0.63747216796875 0.43322607421875 0.6446318359375 0.433876953125 0.65048974609375 0.4397392578125 0.6524423828125 0.44494970703125 0.6524423828125 0.44755517578125
0 0.962890625 0.55485009765625 0.95673046875 0.555611328125 0.94989599609375 0.55007470703125 0.94989599609375 0.54323583984375 0.9534755859375 0.5386767578125 0.95998486328125 0.5386767578125 0.96421533203125 0.54584130859375
0 0.97170068359375 0.5836181640625 0.9674697265625 0.58589794921875 0.9619375 0.58589794921875 0.95607958984375 0.58198974609375 0.95380126953125 0.57775634765625 0.9570556640625 0.57156884765625 0.963564453125 0.57156884765625 0.96812060546875 0.5748251953125 0.97170068359375 0.5787333984375
0 0.5595703125 0.63834619140625 0.56196923828125 0.6412392578125 0.561318359375 0.64970654296875 0.5574130859375 0.65198583984375 0.55155517578125 0.6461240234375 0.55155517578125 0.640587890625 0.55415869140625 0.63830810546875
0 0.98583984375 0.74235009765625 0.9840673828125 0.75778369140625 0.97658203125 0.76853076171875 0.9710498046875 0.76983349609375 0.96779541015625 0.76462255859375 0.9674697265625 0.7538759765625 0.97072412109375 0.74117529296875 0.9752802734375 0.73726708984375 0.98081298828125 0.7375927734375
0 0.97607421875 0.81852197265625 0.964541015625 0.82254833984375 0.95380126953125 0.82254833984375 0.94729248046875 0.81570947265625 0.94859423828125 0.8072421875 0.95477783203125 0.80203125 0.963564453125 0.80072900390625 0.9726767578125 0.8039853515625 0.97593115234375 0.81049853515625
0 0.94287109375 0.78678369140625 0.950546875 0.788353515625 0.95770654296875 0.79323876953125 0.95900830078125 0.799751953125 0.95770654296875 0.80463671875 0.95087255859375 0.8078935546875 0.93915625 0.808544921875 0.931345703125 0.803333984375 0.927115234375 0.79747216796875 0.927115234375 0.79258740234375 0.93167138671875 0.78737646484375 0.93850537109375 0.78639990234375
0 0.84521484375 0.76969384765625 0.8548671875 0.77465478515625 0.85942333984375 0.7785625 0.8613759765625 0.7854013671875 0.8551923828125 0.792240234375 0.84673095703125 0.7899609375 0.83924560546875 0.78214501953125 0.83826953125 0.77530615234375 0.840873046875 0.77009521484375 0.8447783203125 0.768466796875
0 0.917662109375 0.80940478515625 0.91904150390625 0.82110888671875 0.91487890625 0.8392587890625 0.90090380859375 0.84639990234375 0.89317333984375 0.8487802734375 0.891091796875 0.84372216796875 0.893470703125 0.835390625 0.89971435546875 0.82467919921875 0.90595849609375 0.81247998046875 0.90952685546875 0.80682666015625 0.91339208984375 0.806529296875
0 0.57554736328125 0.68609375 0.57860546875 0.690544921875 0.5802734375 0.69610888671875 0.5791611328125 0.70250732421875 0.5691533203125 0.71335693359375 0.55747705078125 0.71502587890625 0.55136083984375 0.71057470703125 0.55024853515625 0.7036201171875 0.55553076171875 0.68971044921875 0.5627587890625 0.6824775390625 0.569708984375 0.68219921875
0 0.5710224609375 0.6595888671875 0.56748486328125 0.6666201171875 0.55997900390625 0.66940234375 0.55108251953125 0.6691240234375 0.548302734375 0.6652294921875 0.54913671875 0.658552734375 0.5552529296875 0.65493603515625 0.5655390625 0.65493603515625 0.57026513671875 0.65521435546875
0 0.49043603515625 0.9586142578125 0.491412109375 0.97098974609375 0.486205078125 0.98694677734375 0.4744892578125 0.990529296875 0.4683056640625 0.98694677734375 0.46635302734375 0.971640625 0.47123486328125 0.95893994140625 0.4796962890625 0.954380859375 0.48555419921875 0.9537294921875
0 0.39404296875 0.73893212890625 0.39280322265625 0.75025390625 0.38596923828125 0.76393212890625 0.37555517578125 0.77011962890625 0.3690458984375 0.757744140625 0.37034814453125 0.74699755859375 0.3778330078125 0.73820458984375 0.38629443359375 0.7359248046875
0 0.11767578125 0.34733056640625 0.11455078125 0.35339892578125 0.10381103515625 0.35502734375 0.09958056640625 0.34981689453125 0.101533203125 0.343955078125 0.10641455078125 0.34167529296875 0.11259814453125 0.34265234375
0 0.35400390625 0.42203759765625 0.342685546875 0.418857421875 0.3404072265625 0.407458984375 0.341708984375 0.40029443359375 0.347892578125 0.39834033203125 0.353099609375 0.40094580078125 0.357330078125 0.4081103515625 0.35798095703125 0.41722900390625 0.35277392578125 0.4217880859375
0 0.361328125 0.23404931640625 0.3690458984375 0.23882958984375 0.3709990234375 0.24892529296875 0.36546630859375 0.259671875 0.353099609375 0.26390576171875 0.34724169921875 0.26064892578125 0.34235986328125 0.25250732421875 0.34333642578125 0.24078369140625 0.35114697265625 0.2342705078125
0 0.4365234375 0.14762353515625 0.43511083984375 0.1541787109375 0.42892724609375 0.158412109375 0.42437109375 0.15678369140625 0.42339501953125 0.15189892578125 0.42730029296875 0.146037109375 0.43153076171875 0.14375732421875 0.43511083984375 0.14375732421875
0 0.5625 0.23942041015625 0.5594296875 0.25187744140625 0.5493408203125 0.2603447265625 0.53599755859375 0.259693359375 0.534044921875 0.2515517578125 0.5379501953125 0.23982763671875 0.54706298828125 0.233314453125 0.55650048828125 0.2339658203125
0 0.89278271484375 0.56016943359375 0.8963623046875 0.57059033203125 0.8947353515625 0.5803603515625 0.8875751953125 0.583291015625 0.88041552734375 0.58101171875 0.878462890625 0.57319580078125 0.88041552734375 0.56114599609375 0.8882265625 0.55691259765625
0 0.76123046875 0.50016259765625 0.7554462890625 0.51066845703125 0.74600830078125 0.51392529296875 0.7404755859375 0.5103427734375 0.7404755859375 0.50057275390625 0.7466591796875 0.4930830078125 0.75479541015625 0.492431640625 0.7606533203125 0.49438525390625
0 0.86837451171875 0.51583642578125 0.862841796875 0.521373046875 0.85405517578125 0.52332666015625 0.84526806640625 0.5220244140625 0.8397353515625 0.51909326171875 0.83941015625 0.512580078125 0.847220703125 0.50671826171875 0.85405517578125 0.5057412109375 0.862841796875 0.5070439453125 0.86707275390625 0.51030029296875
0 0.7451171875 0.80631494140625 0.739173828125 0.8169892578125 0.728759765625 0.8182919921875 0.723552734375 0.8134072265625 0.72908544921875 0.80754541015625 0.7362451171875 0.8033115234375 0.7414521484375 0.80363720703125
0 0.8397353515625 0.93746337890625 0.82801953125 0.93876611328125 0.8228125 0.93420654296875 0.82443994140625 0.92671630859375 0.83094873046875 0.92443701171875 0.83745751953125 0.9257392578125 0.84136279296875 0.93062451171875