0 0.94580078125 0.397705078125 0.957763671875 0.3974609375 0.962890625 0.392822265625 0.9677734375 0.376708984375 0.9677734375 0.365478515625 0.96630859375 0.358154296875 0.95654296875 0.345458984375 0.9501953125 0.328857421875 0.945068359375 0.32421875 0.940185546875 0.32421875 0.932373046875 0.3291015625 0.9150390625 0.345947265625 0.9111328125 0.352294921875 0.91064453125 0.357666015625 0.9140625 0.371826171875 0.92431640625 0.388427734375 0.941650390625 0.3974609375
0 0.93505859375 0.428466796875 0.941162109375 0.4267578125 0.9443359375 0.423583984375 0.94921875 0.407958984375 0.940185546875 0.3974609375 0.929443359375 0.3916015625 0.921630859375 0.3916015625 0.92041015625 0.398193359375 0.92333984375 0.412353515625 0.921875 0.424560546875 0.927490234375 0.4287109375
0 1 0.361083984375 1 0.328369140625 0.996337890625 0.3330078125 0.991943359375 0.3330078125 0.980712890625 0.328125 0.975341796875 0.3291015625 0.970703125 0.337646484375 0.9736328125 0.344482421875 0.976806640625 0.34765625 0.988525390625 0.35205078125
0 0.9833984375 0.522705078125 0.9892578125 0.518798828125 0.9921875 0.511962890625 0.9921875 0.505615234375 0.98828125 0.497802734375 0.981201171875 0.48974609375 0.975341796875 0.486328125 0.967041015625 0.486328125 0.960693359375 0.48876953125 0.95654296875 0.494384765625 0.95654296875 0.498291015625 0.9658203125 0.514404296875 0.972900390625 0.52197265625
0 0.7724609375 0.637451171875 0.792724609375 0.6318359375 0.800537109375 0.626953125 0.8076171875 0.616943359375 0.810546875 0.605224609375 0.80810546875 0.587646484375 0.80322265625 0.575927734375 0.796142578125 0.57080078125 0.772216796875 0.5703125 0.748291015625 0.5791015625 0.7392578125 0.587646484375 0.73388671875 0.597900390625 0.7314453125 0.606201171875 0.7314453125 0.616943359375 0.736328125 0.629638671875 0.740478515625 0.6328125 0.754638671875 0.63671875
0 0.89111328125 0.567138671875 0.8935546875 0.560791015625 0.89111328125 0.540771484375 0.88818359375 0.533447265625 0.877197265625 0.52001953125 0.857177734375 0.50341796875 0.849853515625 0.50146484375 0.840087890625 0.50537109375 0.822265625 0.525634765625 0.81591796875 0.540771484375 0.81640625 0.545654296875 0.823974609375 0.55517578125 0.831787109375 0.560546875 0.850830078125 0.5634765625 0.85400390625 0.545166015625 0.859130859375 0.5419921875 0.872314453125 0.53955078125 0.874755859375 0.5400390625 0.8779296875 0.545166015625 0.87646484375 0.556884765625 0.87841796875 0.561767578125 0.886474609375 0.5673828125
0 0.8837890625 0.505615234375 0.88916015625 0.502197265625 0.888671875 0.493896484375 0.88525390625 0.487060546875 0.878662109375 0.4833984375 0.871826171875 0.484375 0.8701171875 0.486083984375 0.8701171875 0.491455078125 0.87255859375 0.498779296875 0.877685546875 0.5048828125
0 0.9345703125 0.599365234375 0.94482421875 0.592041015625 0.9521484375 0.580810546875 0.95361328125 0.572998046875 0.949951171875 0.56494140625 0.938232421875 0.55859375 0.929931640625 0.55908203125 0.919677734375 0.564453125 0.91552734375 0.576416015625 0.91650390625 0.583740234375 0.92041015625 0.591064453125 0.928466796875 0.5986328125
0 0.89404296875 0.572021484375 0.89599609375 0.569580078125 0.894287109375 0.5595703125 0.890380859375 0.55712890625 0.886962890625 0.56005859375 0.882568359375 0.55810546875 0.87890625 0.560791015625 0.883056640625 0.56787109375 0.889892578125 0.572265625
0 0.88671875 0.660400390625 0.890380859375 0.6552734375 0.902099609375 0.65283203125 0.906494140625 0.64892578125 0.912109375 0.647216796875 0.9140625 0.639404296875 0.91064453125 0.622802734375 0.902587890625 0.61474609375 0.895263671875 0.61474609375 0.875244140625 0.6240234375 0.870361328125 0.6220703125 0.863037109375 0.62255859375 0.85791015625 0.626220703125 0.84814453125 0.639404296875 0.84814453125 0.651611328125 0.854736328125 0.658203125
0 0.8359375 0.606201171875 0.851318359375 0.6015625 0.874267578125 0.60107421875 0.88037109375 0.596435546875 0.87890625 0.592529296875 0.862060546875 0.578125 0.855224609375 0.576171875 0.833251953125 0.5771484375 0.82958984375 0.580810546875 0.82861328125 0.600830078125 0.831787109375 0.6064453125
0 0.91552734375 0.677978515625 0.925048828125 0.6748046875 0.93212890625 0.664794921875 0.93017578125 0.657958984375 0.918701171875 0.6484375 0.911865234375 0.6494140625 0.908203125 0.653076171875 0.9052734375 0.661376953125 0.90576171875 0.672119140625 0.908935546875 0.67578125
0 0.9814453125 0.739013671875 0.98876953125 0.735107421875 0.990234375 0.726318359375 0.98876953125 0.720947265625 0.979736328125 0.7099609375 0.972412109375 0.708984375 0.9658203125 0.714111328125 0.96484375 0.721435546875 0.97021484375 0.731689453125 0.974853515625 0.736328125
0 0.87158203125 0.729736328125 0.882080078125 0.72412109375 0.8955078125 0.710205078125 0.8994140625 0.702392578125 0.8984375 0.694580078125 0.89453125 0.686767578125 0.88134765625 0.668212890625 0.875732421875 0.66455078125 0.865966796875 0.66650390625 0.8583984375 0.674072265625 0.85400390625 0.682861328125 0.853515625 0.694091796875 0.8486328125 0.704833984375 0.84912109375 0.713134765625 0.85302734375 0.719970703125 0.860595703125 0.72705078125
0 0.91162109375 0.781005859375 0.922607421875 0.77587890625 0.935546875 0.760009765625 0.93115234375 0.740966796875 0.923095703125 0.7353515625 0.909912109375 0.736328125 0.906005859375 0.73828125 0.8984375 0.744384765625 0.89111328125 0.754638671875 0.890625 0.764892578125 0.89404296875 0.772705078125 0.902587890625 0.77978515625
0 0.94140625 0.851318359375 0.94580078125 0.844482421875 0.94580078125 0.834716796875 0.93017578125 0.805419921875 0.918212890625 0.798828125 0.910888671875 0.79931640625 0.901611328125 0.80322265625 0.8984375 0.811767578125 0.90869140625 0.822998046875 0.91357421875 0.834228515625 0.925537109375 0.8408203125 0.933837890625 0.8486328125
0 0.89453125 0.853759765625 0.9013671875 0.843017578125 0.90185546875 0.819580078125 0.896240234375 0.8115234375 0.890869140625 0.810546875 0.882080078125 0.81640625 0.8779296875 0.821533203125 0.875 0.830322265625 0.875 0.838134765625 0.882568359375 0.8515625
0 0.94140625 0.881103515625 0.9443359375 0.870361328125 0.9443359375 0.861572265625 0.94189453125 0.853759765625 0.936767578125 0.85205078125 0.92919921875 0.858642578125 0.92724609375 0.871826171875 0.929931640625 0.87890625
0 0.9384765625 0.926025390625 0.9453125 0.921142578125 0.9482421875 0.914794921875 0.9482421875 0.901123046875 0.94580078125 0.889404296875 0.94189453125 0.882568359375 0.938232421875 0.8798828125 0.932373046875 0.87939453125 0.924072265625 0.8837890625 0.91845703125 0.889892578125 0.9169921875 0.902587890625 0.92041015625 0.909423828125 0.93212890625 0.923095703125
0 0.83203125 0.974365234375 0.837890625 0.969482421875 0.835205078125 0.96630859375 0.831787109375 0.96630859375 0.830078125 0.968994140625
0 1 0.999755859375 0.999755859375 0.96533203125 0.992431640625 0.96728515625 0.97607421875 0.981201171875 0.9736328125 0.992431640625 0.977294921875 1
0 0.92578125 0.999755859375 0.93408203125 0.989990234375 0.9345703125 0.985595703125 0.93212890625 0.981201171875 0.921875 0.972900390625 0.919189453125 0.9677734375 0.910888671875 0.962890625 0.901611328125 0.96435546875 0.883544921875 0.978515625 0.8798828125 0.984619140625 0.87890625 0.992431640625 0.874755859375 0.99169921875 0.873046875 0.996337890625 0.874267578125 1 0.920654296875 1 0.922119140625 0.99853515625
0 0.85986328125 0.999755859375 0.8525390625 0.987548828125 0.84814453125 0.972412109375 0.839599609375 0.966796875 0.827392578125 0.9658203125 0.824462890625 0.96728515625 0.810546875 0.985107421875 0.811767578125 1
0 0.8671875 0.959716796875 0.878662109375 0.9580078125 0.88720703125 0.948974609375 0.88720703125 0.941650390625 0.88232421875 0.941162109375 0.879150390625 0.93212890625 0.866943359375 0.93017578125 0.86328125 0.937255859375 0.85888671875 0.940673828125 0.8583984375 0.955810546875 0.862060546875 0.95947265625
0 0.1953125 0.991455078125 0.203857421875 0.98876953125 0.20849609375 0.982666015625 0.208984375 0.971435546875 0.204345703125 0.96484375 0.184814453125 0.970703125 0.17919921875 0.978759765625 0.1787109375 0.984619140625 0.181884765625 0.990234375
0 0.14892578125 0.977294921875 0.15771484375 0.967041015625 0.158203125 0.957275390625 0.149658203125 0.94775390625 0.145263671875 0.94677734375 0.135986328125 0.94873046875 0.130859375 0.952880859375 0.12890625 0.957275390625 0.1298828125 0.968017578125 0.138427734375 0.9765625
0 0.18505859375 0.923095703125 0.188720703125 0.921875 0.19189453125 0.917724609375 0.18994140625 0.911376953125 0.177978515625 0.89990234375 0.169189453125 0.89794921875 0.16552734375 0.903564453125 0.1669921875 0.912353515625 0.176513671875 0.92236328125
0 0.255859375 0.918701171875 0.260498046875 0.9169921875 0.265625 0.911865234375 0.27099609375 0.902587890625 0.27099609375 0.893798828125 0.268310546875 0.89013671875 0.263427734375 0.88818359375 0.243408203125 0.8896484375 0.23876953125 0.892822265625 0.236328125 0.897705078125 0.2373046875 0.907470703125 0.2412109375 0.913818359375 0.247314453125 0.91845703125
0 0.2412109375 0.825439453125 0.252685546875 0.82177734375 0.26904296875 0.807861328125 0.271484375 0.802490234375 0.271484375 0.796142578125 0.266845703125 0.7890625 0.261474609375 0.78662109375 0.255615234375 0.78759765625 0.2333984375 0.801025390625 0.22998046875 0.807861328125 0.2314453125 0.820556640625 0.235595703125 0.8251953125
0 0.35888671875 0.761474609375 0.374755859375 0.7568359375 0.38671875 0.748779296875 0.388671875 0.739990234375 0.3876953125 0.729736328125 0.382080078125 0.72216796875 0.376220703125 0.71923828125 0.366943359375 0.71826171875 0.351806640625 0.7255859375 0.3447265625 0.731201171875 0.3408203125 0.737060546875 0.34033203125 0.744384765625 0.34423828125 0.753662109375 0.349365234375 0.75927734375
0 0.44189453125 0.645263671875 0.4453125 0.642333984375 0.44775390625 0.619873046875 0.4443359375 0.604248046875 0.438720703125 0.59814453125 0.432861328125 0.59619140625 0.420654296875 0.59619140625 0.412841796875 0.59912109375 0.4072265625 0.606201171875 0.40478515625 0.615966796875 0.4052734375 0.623779296875 0.40869140625 0.632568359375 0.413818359375 0.63916015625 0.419677734375 0.64306640625 0.427001953125 0.64501953125
0 0.25 0.375732421875 0.255615234375 0.375 0.269287109375 0.36669921875 0.28857421875 0.339599609375 0.29345703125 0.329833984375 0.29345703125 0.325439453125 0.284423828125 0.3154296875 0.277099609375 0.314453125 0.260986328125 0.32470703125 0.248291015625 0.33544921875 0.23583984375 0.349853515625 0.234375 0.355712890625 0.2353515625 0.367431640625 0.242919921875 0.375
0 0.21630859375 0.352783203125 0.2294921875 0.341552734375 0.2314453125 0.332763671875 0.224365234375 0.32421875 0.211669921875 0.32177734375 0.20654296875 0.326416015625 0.20068359375 0.339599609375 0.208740234375 0.35009765625
0 0.1181640625 0.445068359375 0.1240234375 0.439697265625 0.123046875 0.429931640625 0.113037109375 0.4169921875 0.105224609375 0.4130859375 0.10302734375 0.417236328125 0.10546875 0.439697265625 0.110107421875 0.4443359375
0 0.03466796875 0.422119140625 0.04248046875 0.416748046875 0.04345703125 0.411865234375 0.035400390625 0.40234375 0.027099609375 0.4013671875 0.021484375 0.408935546875 0.021484375 0.413818359375 0.027587890625 0.42041015625
0 0.044921875 0.225341796875 0.058837890625 0.216796875 0.06591796875 0.208251953125 0.06689453125 0.200439453125 0.0654296875 0.196533203125 0.058349609375 0.189453125 0.047607421875 0.18994140625 0.037841796875 0.193359375 0.031982421875 0.1962890625 0.0263671875 0.203369140625 0.025390625 0.213623046875 0.0283203125 0.220947265625 0.034912109375 0.2255859375
0 0.20849609375 0.049560546875 0.216796875 0.043212890625 0.2197265625 0.038818359375 0.2197265625 0.034912109375 0.213134765625 0.02392578125 0.202392578125 0.02099609375 0.1943359375 0.027099609375 0.19140625 0.039794921875 0.197998046875 0.0478515625
0 0.3974609375 0.043212890625 0.40625 0.034912109375 0.40869140625 0.029541015625 0.40869140625 0.023193359375 0.397216796875 0 0.385009765625 0 0.3798828125 0.013916015625 0.37890625 0.024169921875 0.38134765625 0.029541015625 0.392822265625 0.041015625
0 0.3232421875 0.113037109375 0.333251953125 0.1103515625 0.3466796875 0.098876953125 0.34814453125 0.078369140625 0.34521484375 0.070068359375 0.341552734375 0.06787109375 0.322509765625 0.06591796875 0.308837890625 0.06689453125 0.299072265625 0.0712890625 0.29296875 0.079345703125 0.2919921875 0.090576171875 0.29638671875 0.100341796875 0.306884765625 0.10986328125
0 0.6357421875 0.117919921875 0.64697265625 0.109619140625 0.64794921875 0.103759765625 0.64501953125 0.090087890625 0.635498046875 0.08056640625 0.622802734375 0.080078125 0.61376953125 0.087158203125 0.61181640625 0.094482421875 0.61279296875 0.102783203125 0.61669921875 0.109130859375 0.623779296875 0.115234375
0 0.71533203125 0.039794921875 0.72021484375 0.036865234375 0.72265625 0.031494140625 0.7216796875 0.028564453125 0.71630859375 0.016845703125 0.702392578125 0.0078125 0.69677734375 0.019775390625 0.69970703125 0.029541015625 0.703369140625 0.0361328125
0 0.91845703125 0.034912109375 0.9248046875 0.024658203125 0.92529296875 0.019775390625 0.921875 0.011474609375 0.913818359375 0.0078125 0.90673828125 0.012939453125 0.904296875 0.024658203125 0.911865234375 0.03369140625
0 0.99267578125 0.072021484375 0.9921875 0.060791015625 0.98388671875 0.043701171875 0.976318359375 0.03662109375 0.967529296875 0.03759765625 0.96240234375 0.046630859375 0.962890625 0.054931640625 0.96630859375 0.062744140625 0.969482421875 0.0654296875
0 0.8583984375 0.086669921875 0.865478515625 0.0830078125 0.86962890625 0.075439453125 0.86767578125 0.064697265625 0.860107421875 0.060546875 0.847900390625 0.06396484375 0.8427734375 0.070556640625 0.8427734375 0.074462890625 0.8466796875 0.082275390625 0.851806640625 0.08642578125
0 0.83984375 0.141845703125 0.84716796875 0.132080078125 0.845703125 0.121337890625 0.836181640625 0.11083984375 0.827880859375 0.11083984375 0.8212890625 0.115966796875 0.818359375 0.121826171875 0.8203125 0.136474609375 0.827392578125 0.140625
0 0.796875 0.146240234375 0.8046875 0.137939453125 0.8056640625 0.133544921875 0.80126953125 0.122314453125 0.80029296875 0.114013671875 0.796142578125 0.1103515625 0.788818359375 0.10986328125 0.78466796875 0.114501953125 0.78369140625 0.128662109375 0.7880859375 0.139404296875
0 0.83203125 0.175537109375 0.837890625 0.170166015625 0.841796875 0.161376953125 0.84326171875 0.139892578125 0.839599609375 0.13525390625 0.826416015625 0.13330078125 0.820068359375 0.134765625 0.8115234375 0.140380859375 0.80810546875 0.157470703125 0.812744140625 0.166015625 0.821044921875 0.171875
0 0.9619140625 0.157470703125 0.968994140625 0.15283203125 0.9755859375 0.143798828125 0.98486328125 0.136474609375 0.98876953125 0.131103515625 0.98876953125 0.127685546875 0.977294921875 0.1220703125 0.953369140625 0.1220703125 0.933837890625 0.1083984375 0.923583984375 0.1083984375 0.918212890625 0.1103515625 0.9150390625 0.114013671875 0.91552734375 0.117919921875 0.92626953125 0.133544921875 0.93017578125 0.147705078125 0.933349609375 0.150390625 0.937744140625 0.150390625 0.945068359375 0.1455078125 0.954345703125 0.15625
0 0.93017578125 0.213623046875 0.936767578125 0.21142578125 0.94287109375 0.205322265625 0.94482421875 0.200439453125 0.934326171875 0.18505859375 0.924072265625 0.18212890625 0.917724609375 0.1826171875 0.91455078125 0.184814453125 0.912109375 0.192626953125 0.92138671875 0.210205078125
0 0.89599609375 0.229248046875 0.90087890625 0.227294921875 0.90234375 0.221923828125 0.900390625 0.212158203125 0.8935546875 0.197998046875 0.890869140625 0.19580078125 0.882568359375 0.19482421875 0.871337890625 0.2001953125 0.8662109375 0.208251953125 0.8681640625 0.215576171875 0.884033203125 0.2275390625
0 0.94580078125 0.235595703125 0.95703125 0.225341796875 0.958984375 0.216064453125 0.955322265625 0.2099609375 0.945068359375 0.2041015625 0.9345703125 0.212158203125 0.931640625 0.220458984375 0.93701171875 0.231689453125 0.941650390625 0.23583984375
0 0.99462890625 0.253662109375 1 0.253173828125 0.999755859375 0.22216796875 0.992919921875 0.2255859375 0.9873046875 0.231689453125 0.98388671875 0.242431640625 0.9853515625 0.251220703125 0.988037109375 0.25390625
0 0.9775390625 0.265380859375 0.98388671875 0.260009765625 0.98583984375 0.252197265625 0.984375 0.246826171875 0.976806640625 0.2431640625 0.96875 0.246337890625 0.96728515625 0.256591796875 0.971435546875 0.2626953125
0 0.9677734375 0.305419921875 0.97607421875 0.302001953125 0.97705078125 0.294677734375 0.972412109375 0.2890625 0.964599609375 0.2861328125 0.95556640625 0.292724609375 0.95458984375 0.300537109375 0.957763671875 0.30419921875
0 0.84765625 0.366455078125 0.859619140625 0.3603515625 0.8681640625 0.348388671875 0.86865234375 0.339599609375 0.862548828125 0.326171875 0.855224609375 0.32568359375 0.843994140625 0.32861328125 0.832275390625 0.3359375 0.8271484375 0.343505859375 0.82666015625 0.349853515625 0.8310546875 0.358642578125 0.839599609375 0.3662109375
0 0.75341796875 0.692626953125 0.76416015625 0.686279296875 0.7646484375 0.680908203125 0.757080078125 0.6689453125 0.749267578125 0.66650390625 0.7431640625 0.670166015625 0.74169921875 0.679443359375 0.74560546875 0.687744140625
0 0.7783203125 0.747314453125 0.78466796875 0.742919921875 0.7900390625 0.725341796875 0.784423828125 0.72021484375 0.777099609375 0.71875 0.765869140625 0.72021484375 0.759765625 0.726806640625 0.759765625 0.736572265625 0.767822265625 0.7451171875
0 0.74755859375 0.764892578125 0.754638671875 0.763671875 0.7568359375 0.761474609375 0.75341796875 0.743408203125 0.740966796875 0.7275390625 0.733642578125 0.72607421875 0.73095703125 0.728271484375 0.72509765625 0.741455078125 0.724609375 0.749755859375 0.728515625 0.759033203125 0.733642578125 0.76318359375
0 0.74609375 0.793701171875 0.75830078125 0.788330078125 0.75927734375 0.782958984375 0.756591796875 0.7744140625 0.741455078125 0.7666015625 0.733642578125 0.765625 0.710205078125 0.7529296875 0.70458984375 0.756103515625 0.70556640625 0.766845703125 0.714111328125 0.7763671875 0.732666015625 0.78955078125 0.741455078125 0.7939453125
0 0.76904296875 0.877685546875 0.76953125 0.874755859375 0.7802734375 0.864013671875 0.78076171875 0.853759765625 0.77978515625 0.848876953125 0.775634765625 0.84326171875 0.766845703125 0.84033203125 0.760498046875 0.8427734375 0.75146484375 0.853271484375 0.74853515625 0.859619140625 0.74853515625 0.866943359375 0.757080078125 0.87451171875 0.766357421875 0.87451171875
0 0.751953125 0.928466796875 0.76171875 0.924560546875 0.77294921875 0.906494140625 0.7724609375 0.898193359375 0.76806640625 0.886962890625 0.756591796875 0.87939453125 0.747314453125 0.87890625 0.744384765625 0.8798828125 0.737548828125 0.888671875 0.725830078125 0.8876953125 0.718017578125 0.89013671875 0.71630859375 0.897705078125 0.7197265625 0.906005859375 0.733642578125 0.912109375 0.745361328125 0.92822265625
0 0.6435546875 0.988037109375 0.64697265625 0.982666015625 0.64794921875 0.976806640625 0.64501953125 0.968994140625 0.638916015625 0.9658203125 0.6318359375 0.971923828125 0.63134765625 0.980712890625 0.635498046875 0.98779296875
0 0.6796875 0.948974609375 0.684814453125 0.94482421875 0.697998046875 0.943359375 0.7021484375 0.939697265625 0.703125 0.931884765625 0.701171875 0.922119140625 0.694091796875 0.91259765625 0.685302734375 0.91259765625 0.678955078125 0.919921875 0.670654296875 0.923828125 0.66650390625 0.929931640625 0.66552734375 0.937255859375 0.6689453125 0.946044921875
0 0.64013671875 0.912841796875 0.642822265625 0.912109375 0.64599609375 0.907470703125 0.646484375 0.902099609375 0.6435546875 0.895751953125 0.637451171875 0.89306640625 0.631103515625 0.89306640625 0.627685546875 0.89501953125 0.622802734375 0.89404296875 0.62255859375 0.902099609375 0.62646484375 0.909912109375 0.631591796875 0.91259765625
0 0.5654296875 0.878173828125 0.571044921875 0.8759765625 0.57763671875 0.869384765625 0.5810546875 0.857177734375 0.58056640625 0.850341796875 0.57763671875 0.844970703125 0.569091796875 0.83935546875 0.55712890625 0.844970703125 0.5537109375 0.859619140625 0.5537109375 0.866455078125 0.55615234375 0.872314453125 0.560302734375 0.87744140625
0 0.83935546875 0.842041015625 0.84765625 0.835205078125 0.8603515625 0.820068359375 0.86328125 0.812255859375 0.86376953125 0.799560546875 0.857421875 0.783447265625 0.849853515625 0.77392578125 0.835693359375 0.76416015625 0.823486328125 0.7626953125 0.811767578125 0.76708984375 0.80712890625 0.772705078125 0.8076171875 0.792724609375 0.80419921875 0.809326171875 0.8046875 0.820556640625 0.80810546875 0.827392578125 0.815673828125 0.83447265625
0 0.62890625 0.827880859375 0.64208984375 0.819580078125 0.64306640625 0.812255859375 0.64013671875 0.806396484375 0.631103515625 0.798828125 0.615966796875 0.79248046875 0.611572265625 0.79296875 0.60888671875 0.796142578125 0.6083984375 0.803955078125 0.61328125 0.819580078125 0.618896484375 0.8271484375
0 0.65380859375 0.708251953125 0.659423828125 0.70703125 0.662109375 0.704345703125 0.67041015625 0.690673828125 0.669921875 0.684814453125 0.665283203125 0.68115234375 0.650634765625 0.6796875 0.640869140625 0.68408203125 0.6357421875 0.690673828125 0.63720703125 0.698974609375 0.643310546875 0.70556640625
0 0.59619140625 0.810791015625 0.60009765625 0.802490234375 0.593994140625 0.79248046875 0.583740234375 0.79150390625 0.57861328125 0.794677734375 0.57666015625 0.800048828125 0.583251953125 0.80908203125
0 0.5576171875 0.843017578125 0.570556640625 0.83984375 0.57177734375 0.835693359375 0.5693359375 0.825439453125 0.56494140625 0.818603515625 0.557861328125 0.8134765625 0.552978515625 0.81298828125 0.54833984375 0.816650390625 0.54541015625 0.823974609375 0.54931640625 0.833740234375
0 0.5087890625 0.845458984375 0.5126953125 0.843017578125 0.51953125 0.832275390625 0.5205078125 0.820556640625 0.5185546875 0.815673828125 0.512451171875 0.8095703125 0.501708984375 0.8056640625 0.4921875 0.811279296875 0.4912109375 0.822998046875 0.49462890625 0.833740234375 0.49951171875 0.841064453125 0.505126953125 0.845703125
0 0.45556640625 0.860107421875 0.464111328125 0.8564453125 0.47119140625 0.849365234375 0.4755859375 0.843017578125 0.4755859375 0.835693359375 0.472412109375 0.83154296875 0.463623046875 0.8271484375 0.439697265625 0.826171875 0.4345703125 0.832763671875 0.4345703125 0.841064453125 0.448486328125 0.85791015625
0 0.4462890625 0.904541015625 0.45166015625 0.902099609375 0.44921875 0.890869140625 0.439697265625 0.8857421875 0.433837890625 0.8857421875 0.43017578125 0.889892578125 0.43212890625 0.898681640625 0.439208984375 0.90478515625
0 0.45947265625 0.796630859375 0.467529296875 0.79296875 0.47216796875 0.788330078125 0.47509765625 0.781005859375 0.474609375 0.764404296875 0.470458984375 0.7587890625 0.464599609375 0.755859375 0.447998046875 0.759765625 0.4423828125 0.765869140625 0.435546875 0.781005859375 0.4365234375 0.789306640625 0.440185546875 0.79541015625
0 0.4326171875 0.767333984375 0.4375 0.761962890625 0.43798828125 0.757080078125 0.435546875 0.750732421875 0.427978515625 0.7451171875 0.419677734375 0.74658203125 0.41552734375 0.752197265625 0.41650390625 0.759033203125 0.423583984375 0.765625
0 0.41259765625 0.832275390625 0.41650390625 0.829833984375 0.4169921875 0.823486328125 0.410888671875 0.81494140625 0.404052734375 0.81396484375 0.400390625 0.821044921875 0.4013671875 0.827392578125 0.406982421875 0.83203125
0 0.376953125 0.837646484375 0.38330078125 0.835205078125 0.38671875 0.818603515625 0.381591796875 0.81103515625 0.374267578125 0.8095703125 0.367919921875 0.8115234375 0.36376953125 0.815673828125 0.361328125 0.827880859375 0.367919921875 0.83642578125
0 0.5400390625 0.802490234375 0.5478515625 0.798095703125 0.54833984375 0.792236328125 0.539306640625 0.78271484375 0.530029296875 0.7822265625 0.52685546875 0.785888671875 0.5283203125 0.796142578125 0.532470703125 0.80078125
0 0.5341796875 0.767822265625 0.54638671875 0.760498046875 0.5478515625 0.753662109375 0.537353515625 0.74462890625 0.529541015625 0.74365234375 0.52392578125 0.749267578125 0.521484375 0.757568359375 0.527099609375 0.7666015625
0 0.5498046875 0.757568359375 0.559326171875 0.75244140625 0.5634765625 0.745361328125 0.54931640625 0.726806640625 0.541748046875 0.7197265625 0.537353515625 0.71923828125 0.53515625 0.737548828125 0.5302734375 0.749267578125 0.536865234375 0.7509765625 0.542724609375 0.75732421875
0 0.5654296875 0.704833984375 0.57568359375 0.694580078125 0.57275390625 0.682373046875 0.564697265625 0.6767578125 0.550048828125 0.6796875 0.546875 0.689208984375 0.54736328125 0.695556640625 0.556396484375 0.70361328125
0 0.5537109375 0.698486328125 0.5546875 0.682373046875 0.548095703125 0.67236328125 0.536376953125 0.671875 0.529296875 0.675537109375 0.52685546875 0.680908203125 0.52685546875 0.688232421875 0.530029296875 0.6943359375 0.535888671875 0.69677734375
0 0.36572265625 0.640380859375 0.37451171875 0.635498046875 0.37451171875 0.623291015625 0.367919921875 0.6103515625 0.357177734375 0.6064453125 0.35302734375 0.609619140625 0.34619140625 0.621826171875 0.34619140625 0.631103515625 0.353271484375 0.63916015625
0 0.17333984375 0.742431640625 0.177490234375 0.74169921875 0.1806640625 0.738525390625 0.18310546875 0.728271484375 0.177001953125 0.7197265625 0.171630859375 0.71826171875 0.1630859375 0.722900390625 0.1611328125 0.731689453125 0.166259765625 0.73974609375
0 0.30078125 0.614990234375 0.3076171875 0.609130859375 0.30517578125 0.599853515625 0.298583984375 0.5947265625 0.290771484375 0.59521484375 0.2861328125 0.603271484375 0.287109375 0.608642578125 0.294189453125 0.61474609375
0 0.279296875 0.589599609375 0.2861328125 0.585693359375 0.28564453125 0.577392578125 0.278564453125 0.56884765625 0.271728515625 0.568359375 0.267578125 0.572998046875 0.267578125 0.580810546875 0.274658203125 0.58837890625
0 0.37158203125 0.602294921875 0.376708984375 0.60107421875 0.38037109375 0.597412109375 0.38232421875 0.593017578125 0.3818359375 0.588134765625 0.374267578125 0.58203125 0.365478515625 0.57958984375 0.359130859375 0.580078125 0.35546875 0.584716796875 0.35791015625 0.593994140625 0.364501953125 0.60107421875
0 0.46044921875 0.560302734375 0.473876953125 0.55859375 0.482666015625 0.55517578125 0.49462890625 0.541748046875 0.49658203125 0.533447265625 0.483154296875 0.525390625 0.476318359375 0.5263671875 0.466552734375 0.53125 0.450439453125 0.53271484375 0.44482421875 0.539306640625 0.4443359375 0.548583984375 0.451904296875 0.55810546875
0 0.50244140625 0.529541015625 0.50732421875 0.524169921875 0.50634765625 0.513427734375 0.50341796875 0.505126953125 0.493408203125 0.4931640625 0.473876953125 0.48291015625 0.458251953125 0.46875 0.447998046875 0.46875 0.43994140625 0.474853515625 0.4384765625 0.478271484375 0.43994140625 0.486572265625 0.451904296875 0.50537109375 0.455810546875 0.50634765625 0.467041015625 0.50390625 0.479736328125 0.50732421875 0.486572265625 0.51123046875 0.4921875 0.517822265625 0.494140625 0.523681640625
0 0.6279296875 0.534912109375 0.637451171875 0.53125 0.64892578125 0.518798828125 0.64794921875 0.510009765625 0.639892578125 0.50244140625 0.631103515625 0.50341796875 0.6181640625 0.516845703125 0.6181640625 0.522216796875 0.62158203125 0.530517578125
0 0.6923828125 0.507080078125 0.697509765625 0.50537109375 0.70947265625 0.493408203125 0.71044921875 0.486083984375 0.708984375 0.482666015625 0.704833984375 0.478515625 0.696044921875 0.47607421875 0.672607421875 0.482421875 0.669921875 0.486083984375 0.669921875 0.496826171875 0.6728515625 0.506103515625
0 0.65576171875 0.345947265625 0.662841796875 0.34423828125 0.666015625 0.340576171875 0.6650390625 0.315185546875 0.660400390625 0.3076171875 0.652587890625 0.30517578125 0.643798828125 0.3056640625 0.6416015625 0.308837890625 0.6435546875 0.325439453125 0.65087890625 0.341552734375
0 0.705078125 0.291259765625 0.711669921875 0.28955078125 0.71728515625 0.285400390625 0.720703125 0.279541015625 0.72119140625 0.274169921875 0.713134765625 0.26708984375 0.700439453125 0.26513671875 0.69677734375 0.267333984375 0.69384765625 0.272705078125 0.69189453125 0.282958984375 0.697509765625 0.2900390625
0 0.58935546875 0.364013671875 0.59619140625 0.359619140625 0.599609375 0.349365234375 0.59423828125 0.337646484375 0.588623046875 0.33251953125 0.583740234375 0.33154296875 0.57080078125 0.340576171875 0.5703125 0.347900390625 0.577880859375 0.359375 0.584716796875 0.36376953125
0 0.5849609375 0.398681640625 0.5888671875 0.393310546875 0.58837890625 0.386474609375 0.583251953125 0.3798828125 0.576416015625 0.37890625 0.572265625 0.383056640625 0.5732421875 0.392333984375 0.580322265625 0.39892578125
0 0.44091796875 0.414794921875 0.449951171875 0.41064453125 0.46484375 0.396240234375 0.46630859375 0.388427734375 0.459716796875 0.380859375 0.451416015625 0.3798828125 0.43310546875 0.393310546875 0.43017578125 0.400146484375 0.4306640625 0.405029296875 0.436279296875 0.41357421875
0 0.5166015625 0.351318359375 0.5244140625 0.344482421875 0.5263671875 0.337646484375 0.521240234375 0.3310546875 0.513427734375 0.32861328125 0.50732421875 0.333740234375 0.5048828125 0.342041015625 0.509033203125 0.349609375
0 0.47607421875 0.345458984375 0.486572265625 0.3427734375 0.4912109375 0.337158203125 0.48876953125 0.325927734375 0.483154296875 0.3212890625 0.474853515625 0.32177734375 0.46630859375 0.329345703125 0.46533203125 0.332275390625 0.46826171875 0.341064453125
0 0.42529296875 0.331298828125 0.43701171875 0.325927734375 0.4375 0.321533203125 0.433349609375 0.31640625 0.414306640625 0.30126953125 0.407958984375 0.3017578125 0.39990234375 0.307861328125 0.39697265625 0.313720703125 0.3974609375 0.318115234375 0.403564453125 0.32763671875 0.415771484375 0.33154296875
0 0.390625 0.358642578125 0.3974609375 0.354736328125 0.40185546875 0.344970703125 0.396728515625 0.33642578125 0.386962890625 0.33349609375 0.3818359375 0.336669921875 0.3779296875 0.346923828125 0.385009765625 0.357421875
0 0.37939453125 0.314208984375 0.38525390625 0.310302734375 0.384765625 0.302490234375 0.378173828125 0.294921875 0.369873046875 0.29296875 0.3642578125 0.298095703125 0.36376953125 0.304443359375 0.370849609375 0.3134765625
0 0.318359375 0.410888671875 0.32666015625 0.404052734375 0.33154296875 0.393310546875 0.32861328125 0.385498046875 0.322021484375 0.37939453125 0.314208984375 0.38134765625 0.3046875 0.396240234375 0.30712890625 0.406005859375 0.313232421875 0.41064453125
0 0.31591796875 0.443115234375 0.328369140625 0.4365234375 0.3349609375 0.428466796875 0.3349609375 0.423583984375 0.329345703125 0.41650390625 0.321533203125 0.41552734375 0.317626953125 0.4169921875 0.309814453125 0.4208984375 0.3046875 0.427978515625 0.30322265625 0.435791015625 0.30517578125 0.439208984375 0.310302734375 0.44287109375
0 0.205078125 0.501708984375 0.2109375 0.496826171875 0.2119140625 0.487548828125 0.208251953125 0.482421875 0.199462890625 0.48046875 0.1923828125 0.485595703125 0.19091796875 0.490966796875 0.196533203125 0.49951171875
0 0.13818359375 0.570068359375 0.14306640625 0.566650390625 0.142578125 0.558837890625 0.137939453125 0.55322265625 0.129638671875 0.5498046875 0.1259765625 0.553955078125 0.1259765625 0.561767578125 0.131591796875 0.56884765625
0 0.263671875 0.222412109375 0.267578125 0.219970703125 0.2685546875 0.217041015625 0.263671875 0.204345703125 0.259521484375 0.2021484375 0.250244140625 0.2041015625 0.24755859375 0.208251953125 0.24853515625 0.214599609375 0.256591796875 0.22119140625
0 0.44140625 0.177490234375 0.4501953125 0.172119140625 0.45068359375 0.163818359375 0.445068359375 0.15625 0.439208984375 0.154296875 0.43359375 0.157470703125 0.4287109375 0.169189453125 0.435302734375 0.17724609375
0 0.52294921875 0.143310546875 0.529541015625 0.1376953125 0.545654296875 0.13525390625 0.55029296875 0.131103515625 0.5478515625 0.118896484375 0.537841796875 0.1103515625 0.515380859375 0.115234375 0.506103515625 0.12109375 0.50341796875 0.125244140625 0.50439453125 0.132568359375 0.510498046875 0.14111328125
0 0.4326171875 0.121337890625 0.435546875 0.118408203125 0.43798828125 0.106201171875 0.435546875 0.094970703125 0.424072265625 0.0859375 0.415283203125 0.0849609375 0.411865234375 0.08642578125 0.4052734375 0.098388671875 0.40673828125 0.106201171875 0.420654296875 0.11767578125
0 0.419921875 0.245849609375 0.4375 0.235595703125 0.4375 0.227294921875 0.431884765625 0.22119140625 0.424072265625 0.22119140625 0.411376953125 0.2265625 0.40380859375 0.235595703125 0.404296875 0.239501953125 0.409912109375 0.244140625
0 0.49853515625 0.257080078125 0.50244140625 0.255126953125 0.5029296875 0.248291015625 0.49853515625 0.236083984375 0.495361328125 0.232421875 0.477294921875 0.2314453125 0.46923828125 0.233642578125 0.4697265625 0.237060546875 0.482666015625 0.2509765625 0.489990234375 0.255859375
0 0.47607421875 0.281982421875 0.482666015625 0.28076171875 0.48583984375 0.278076171875 0.48828125 0.267822265625 0.481689453125 0.25830078125 0.474853515625 0.255859375 0.469482421875 0.25634765625 0.46044921875 0.262939453125 0.45947265625 0.270263671875 0.466064453125 0.2802734375 0.469970703125 0.2822265625
0 0.62109375 0.237548828125 0.632568359375 0.23193359375 0.6435546875 0.219970703125 0.6435546875 0.214111328125 0.638427734375 0.20751953125 0.630126953125 0.2060546875 0.616455078125 0.2119140625 0.608154296875 0.21240234375 0.6025390625 0.216064453125 0.60205078125 0.224365234375 0.607421875 0.232666015625 0.615478515625 0.2373046875
0 0.6591796875 0.177001953125 0.665771484375 0.1748046875 0.67236328125 0.169677734375 0.673828125 0.163818359375 0.681640625 0.152587890625 0.68505859375 0.133056640625 0.68310546875 0.128173828125 0.679443359375 0.12548828125 0.673095703125 0.125 0.663818359375 0.12841796875 0.648193359375 0.12646484375 0.642578125 0.132080078125 0.6396484375 0.142333984375 0.64013671875 0.161865234375 0.64208984375 0.169189453125 0.648681640625 0.17626953125
0 0.7109375 0.174560546875 0.723388671875 0.16845703125 0.732421875 0.157958984375 0.73193359375 0.148681640625 0.721923828125 0.14013671875 0.714111328125 0.140625 0.706298828125 0.1455078125 0.69873046875 0.156982421875 0.69921875 0.168212890625 0.703857421875 0.1728515625
0 0.49169921875 0.453369140625 0.49951171875 0.447998046875 0.5 0.439208984375 0.498046875 0.433837890625 0.490478515625 0.4287109375 0.478271484375 0.4296875 0.47265625 0.435791015625 0.47314453125 0.443603515625 0.481689453125 0.4521484375
0 0.98876953125 0.120361328125 1 0.114501953125 0.999755859375 0.09130859375 0.992431640625 0.08984375 0.984375 0.097900390625 0.98095703125 0.112060546875
0 0.99365234375 0.452880859375 1 0.449462890625 1 0.428955078125 0.984619140625 0.42626953125 0.978515625 0.433349609375 0.97802734375 0.443115234375 0.985107421875 0.4501953125
0 0.69140625 0.464599609375 0.6982421875 0.459716796875 0.69677734375 0.446533203125 0.690673828125 0.44140625 0.682373046875 0.44189453125 0.673828125 0.449951171875 0.673828125 0.458740234375 0.679443359375 0.46337890625
0 0.74560546875 0.123779296875 0.752197265625 0.119140625 0.75390625 0.115478515625 0.75 0.105224609375 0.741943359375 0.0986328125 0.732177734375 0.0986328125 0.724609375 0.105712890625 0.72412109375 0.109619140625 0.7265625 0.115478515625 0.733154296875 0.12158203125
0 0.638671875 0.911865234375 0.643310546875 0.91064453125 0.650634765625 0.900390625 0.662353515625 0.8994140625 0.67236328125 0.890380859375 0.67138671875 0.886474609375 0.66455078125 0.880615234375 0.65380859375 0.859130859375 0.647216796875 0.85498046875 0.639404296875 0.85498046875 0.627197265625 0.86279296875 0.61767578125 0.874267578125 0.61474609375 0.882080078125 0.61572265625 0.889404296875 0.62548828125 0.906982421875 0.630615234375 0.9111328125
0 0.81689453125 0.256591796875 0.823974609375 0.2548828125 0.830078125 0.243408203125 0.8271484375 0.226318359375 0.83203125 0.218994140625 0.828369140625 0.2109375 0.812255859375 0.20849609375 0.80615234375 0.214111328125 0.80517578125 0.219970703125 0.80810546875 0.247314453125 0.8115234375 0.254638671875
0 0.96533203125 0.668701171875 0.976318359375 0.66552734375 0.97900390625 0.661865234375 0.978515625 0.656005859375 0.969970703125 0.6474609375 0.965087890625 0.6455078125 0.957763671875 0.646484375 0.95263671875 0.651123046875 0.9541015625 0.660888671875 0.961181640625 0.66796875
0 0.4716796875 0.934814453125 0.47705078125 0.931884765625 0.48388671875 0.917724609375 0.48193359375 0.911376953125 0.474853515625 0.90673828125 0.459228515625 0.91015625 0.451171875 0.916259765625 0.44873046875 0.921142578125 0.44873046875 0.926513671875 0.454345703125 0.9326171875 0.460693359375 0.93505859375
0 0.39111328125 0.202880859375 0.400146484375 0.2001953125 0.4033203125 0.196533203125 0.40380859375 0.192626953125 0.398193359375 0.18505859375 0.388427734375 0.18017578125 0.38232421875 0.187744140625 0.3818359375 0.193603515625 0.38427734375 0.201904296875
0 0.38232421875 0.206787109375 0.3876953125 0.200927734375 0.38525390625 0.188232421875 0.368408203125 0.18603515625 0.36572265625 0.192626953125 0.36962890625 0.200439453125 0.373779296875 0.20458984375
0 0.28759765625 0.029541015625 0.2998046875 0.016357421875 0.29833984375 0.010498046875 0.291259765625 0.00537109375 0.282470703125 0.005859375 0.2763671875 0.011962890625 0.27880859375 0.022705078125 0.282958984375 0.02783203125
0 0.275390625 0.562744140625 0.279541015625 0.5625 0.28466796875 0.558837890625 0.2841796875 0.552978515625 0.278076171875 0.5458984375 0.266845703125 0.54052734375 0.263671875 0.548095703125 0.26416015625 0.552001953125
0 0.26171875 0.549560546875 0.2685546875 0.545166015625 0.2646484375 0.536865234375 0.258056640625 0.53076171875 0.254638671875 0.52978515625 0.249267578125 0.53173828125 0.24755859375 0.533447265625 0.24755859375 0.538818359375 0.24951171875 0.543701171875 0.255126953125 0.54833984375
0 0.39501953125 0.580810546875 0.40185546875 0.573974609375 0.39990234375 0.568115234375 0.390869140625 0.5595703125 0.382568359375 0.55859375 0.3798828125 0.562744140625 0.3798828125 0.569580078125 0.38232421875 0.574951171875 0.386962890625 0.5791015625
0 0.5341796875 0.565185546875 0.546142578125 0.56298828125 0.54833984375 0.559814453125 0.548828125 0.552978515625 0.5390625 0.537353515625 0.533447265625 0.53515625 0.529296875 0.538330078125 0.52685546875 0.561279296875 0.529052734375 0.56396484375
0 0.78515625 0.677001953125 0.789794921875 0.67626953125 0.7978515625 0.670654296875 0.79736328125 0.663330078125 0.791259765625 0.65673828125 0.780029296875 0.65771484375 0.773681640625 0.6611328125 0.77001953125 0.666748046875 0.7705078125 0.671630859375 0.773193359375 0.67529296875 0.777099609375 0.67724609375
0 0.8330078125 0.718505859375 0.84130859375 0.713623046875 0.84228515625 0.705810546875 0.83642578125 0.694091796875 0.831298828125 0.68994140625 0.827392578125 0.68994140625 0.82080078125 0.698974609375 0.8203125 0.706787109375 0.827880859375 0.71728515625
0 0.82080078125 0.674560546875 0.823974609375 0.6708984375 0.833740234375 0.6689453125 0.8359375 0.662841796875 0.82666015625 0.651123046875 0.828125 0.643310546875 0.817138671875 0.64111328125 0.803955078125 0.64697265625 0.798828125 0.653076171875 0.7978515625 0.660400390625 0.803466796875 0.67138671875 0.810302734375 0.673828125 0.816162109375 0.67236328125
0 0.74169921875 0.260498046875 0.751220703125 0.25634765625 0.75439453125 0.251708984375 0.75341796875 0.242919921875 0.748779296875 0.23876953125 0.740966796875 0.23876953125 0.736328125 0.242431640625 0.73876953125 0.259521484375
0 0.61181640625 0.978271484375 0.6201171875 0.973388671875 0.61767578125 0.969970703125 0.6171875 0.961181640625 0.607666015625 0.947265625 0.600341796875 0.94580078125 0.59521484375 0.949951171875 0.59423828125 0.968994140625 0.603271484375 0.9775390625
0 0.54541015625 0.103759765625 0.548828125 0.097412109375 0.55078125 0.087158203125 0.561279296875 0.0751953125 0.5771484375 0.065185546875 0.5810546875 0.054443359375 0.58056640625 0.047607421875 0.5771484375 0.043212890625 0.564697265625 0.0341796875 0.545654296875 0.03515625 0.534912109375 0.0400390625 0.52587890625 0.053955078125 0.5205078125 0.058837890625 0.5146484375 0.071044921875 0.51708984375 0.079833984375 0.529296875 0.095458984375
0 0.87646484375 0.469482421875 0.8828125 0.466552734375 0.88671875 0.455322265625 0.88671875 0.447509765625 0.88427734375 0.441650390625 0.879150390625 0.43798828125 0.867431640625 0.43408203125 0.846923828125 0.4384765625 0.845703125 0.445556640625 0.85009765625 0.459228515625 0.859130859375 0.46435546875 0.862548828125 0.46435546875 0.866943359375 0.46923828125
0 0.6005859375 0.205810546875 0.6083984375 0.203857421875 0.60888671875 0.200439453125 0.6064453125 0.196044921875 0.6123046875 0.190673828125 0.61328125 0.184814453125 0.6083984375 0.177490234375 0.591064453125 0.16259765625 0.580810546875 0.16748046875 0.57666015625 0.172607421875 0.5732421875 0.188720703125 0.580322265625 0.19873046875 0.589111328125 0.2041015625
0 0.4755859375 0.690185546875 0.4833984375 0.679443359375 0.484375 0.673583984375 0.475830078125 0.66259765625 0.467041015625 0.66064453125 0.45751953125 0.671142578125 0.4560546875 0.676025390625 0.461181640625 0.68359375 0.469970703125 0.689453125
0 0.74560546875 0.393798828125 0.7568359375 0.386962890625 0.75830078125 0.385009765625 0.75732421875 0.380615234375 0.75390625 0.375244140625 0.743408203125 0.36669921875 0.729736328125 0.36474609375 0.72607421875 0.368896484375 0.72900390625 0.380126953125 0.72900390625 0.388427734375 0.733642578125 0.39208984375
0 0.79248046875 0.865478515625 0.796630859375 0.8623046875 0.800537109375 0.86279296875 0.80908203125 0.850341796875 0.8095703125 0.845458984375 0.804443359375 0.8369140625 0.794189453125 0.8369140625 0.784423828125 0.84521484375 0.77978515625 0.846923828125 0.78271484375 0.860595703125
0 0.45166015625 0.248291015625 0.4560546875 0.244384765625 0.45751953125 0.228271484375 0.4560546875 0.216552734375 0.45263671875 0.208740234375 0.447509765625 0.20361328125 0.442138671875 0.20263671875 0.435791015625 0.20654296875 0.43359375 0.210205078125 0.43310546875 0.223876953125 0.4404296875 0.239990234375
0 0.43994140625 0.080322265625 0.4453125 0.073486328125 0.4443359375 0.067138671875 0.435791015625 0.06103515625 0.429931640625 0.06103515625 0.42529296875 0.066650390625 0.42529296875 0.071044921875 0.431396484375 0.07763671875
0 0.5419921875 0.012451171875 0.55224609375 0.004150390625 0.552978515625 0 0.5322265625 0.000244140625 0.53125 0.004150390625 0.53271484375 0.007080078125
0 0.48388671875 0.417236328125 0.4892578125 0.414306640625 0.49267578125 0.407958984375 0.49267578125 0.403564453125 0.487548828125 0.3974609375 0.478759765625 0.396484375 0.47119140625 0.404052734375 0.4716796875 0.408447265625 0.476806640625 0.4150390625
0 0.1416015625 0.716064453125 0.14697265625 0.712646484375 0.1474609375 0.705322265625 0.142333984375 0.69677734375 0.133544921875 0.69482421875 0.12890625 0.697998046875 0.12744140625 0.702880859375 0.133544921875 0.712890625