0 0.19091796875 0.999755859375 0.18994140625 0.993896484375 0.182861328125 0.98388671875 0.177001953125 0.9814453125 0.171875 0.982666015625 0.16748046875 0.992431640625 0.167724609375 1
0 0.33235702960332836 0.9225695801606485 0.32700362778421443 0.9136472437954585 0.3256652773294359 0.9029404401572305 0.33235702960332836 0.898033155156376 0.34440218369633496 0.8966948047015975 0.3510939359702275 0.8975870383381165 0.3502017023337085 0.9074016083398255 0.345294417332854 0.9172161783415346 0.340833249150259 0.9225695801606486
0 0.17220109184816745 0.9430909538005855 0.16640157321079393 0.9466598883466616 0.15926370411864194 0.9475521219831806 0.1579253536638634 0.942644836982326 0.16015593775516093 0.93907590243625 0.16327875548297743 0.937291435163212 0.16729380684731293 0.9359530847084336 0.17041662457512943 0.9363992015266931
0 0 1 0.0031228177278165084 0.9930560374456499 0.00446116818259501 0.9868104019900167 0.00713786909215202 0.9819031169891623 0.013383504547785034 0.9894871028995738 0.016952439093861044 0.9957327383552067 0.016506322275601545 1
0 0.11331367183791331 0.9564744583483705 0.10706803638228027 0.9537977574388137 0.1052835691092423 0.9493365892562187 0.1084063868370588 0.9471060051649212 0.11197532138313482 0.9457676547101426 0.11554425592921086 0.9471060051649212 0.11599037274747032 0.9537977574388137
0 0.0745015086493367 0.9537977574388136 0.06870199001196318 0.9484443556196998 0.06691752273892519 0.9404142528910286 0.0713786909215202 0.9328302669806172 0.08119326092322922 0.9292613324345411 0.08654666274234325 0.9310457997075792 0.09011559728841924 0.9399681360727692 0.08743889637886225 0.9511210565292567
0 0.2243967595845291 0.9479982388014401 0.21904335776541511 0.9408603697092881 0.2190433577654151 0.9346147342536552 0.22528899322104812 0.934614734253655 0.2288579277671241 0.9413064865275476 0.22885792776712416 0.9466598883466616
0 0.39208984375 0.999755859375 0.3935546875 0.996337890625 0.392578125 0.989990234375 0.385009765625 0.98486328125 0.372802734375 0.98681640625 0.365478515625 0.99169921875 0.35986328125 0.999267578125
0 0.06334858819284916 0.8097020251409947 0.05665683591895665 0.8052408569583998 0.05933353682851365 0.7967646374114692 0.06557917228414667 0.7860578337732411 0.0691481068302227 0.7775816142263107 0.07762432637715322 0.7780277310445702 0.08163937774148873 0.7807044319541272 0.08297772819626724 0.7873961842280197 0.08074714410496973 0.7931957028653933 0.07583985910411521 0.7985491046845072 0.0687019900119632 0.8034563896853618
0 0.06468693864762767 0.7784738478628296 0.058887420010254155 0.7762432637715322 0.058441303191994656 0.7726743292254561 0.06290247137458968 0.7699976283158991 0.06825587319370369 0.7717820955889372 0.07048645728500119 0.7753510301350132 0.06959422364848218 0.7775816142263107
0 0.005353401819114013 0.9056171410667874 0.0022305840912975015 0.9020482065207115 0.002676700909556998 0.8975870383381165 0.008030102728671024 0.8984792719746355 0.010706803638228027 0.9011559728841925 0.010260686819968534 0.9038326737937495
0 0 0.7927495860471336 0.014275738184304035 0.7878423010462792 0.018290789548639545 0.7833811328636842 0.01918302318515855 0.7766893805897916 0.017844672730380047 0.7704437451341587 0.012491270911266034 0.7713359787706777 0.004907285000854515 0.7762432637715322 0.0017844672730380068 0.7802583151358677 0 0.7865039505915007 0.0004461168182594982 0.7923034692288742
0 0.0745015086493367 0.9243540474336864 0.0736092750128177 0.9158778278867561 0.0749476254675962 0.9118627765224204 0.07673209274063422 0.9082938419763444 0.08297772819626724 0.9105244260676422 0.08565442910582424 0.9145394774319777 0.08610054592408374 0.9207851128876107 0.08208549455974821 0.9230156969789082
0 0.10171463456316628 0.8980331551563758 0.09680734956231177 0.899817622429414 0.09279229819797624 0.8984792719746355 0.08788501319712172 0.895356454246819 0.08788501319712175 0.892679753337262 0.08788501319712175 0.887326351518148 0.09056171410667876 0.8846496506085909 0.09323841501623575 0.8833113001538124 0.09859181683534979 0.8842035337903315 0.10439133547272329 0.886434117881629 0.1084063868370588 0.8922336365190024 0.10483745229098278 0.896248687883338
0 0.09056171410667875 0.914985594250237 0.08699277956060275 0.909632192431123 0.08877724683364074 0.905171024248528 0.09368453183449527 0.9011559728841926 0.09769958319883074 0.900709856065933 0.10126851774490678 0.9020482065207115 0.10171463456316626 0.9082938419763444 0.09591511592579274 0.914093360613718
0 0.026767009095570074 0.931938033344098 0.02632089227731059 0.924800164251946 0.02632089227731059 0.9181084119780535 0.029889826823386593 0.9145394774319775 0.036135462279019606 0.914093360613718 0.039258280006836115 0.9172161783415346 0.039704396825095606 0.925692397888465 0.034797111824241105 0.9314919165258386 0.03167429409642459 0.9332763837988766
0 0.030335943641646088 0.958705042439668 0.02230584091297507 0.9600433928944465 0.016060205457342058 0.9555822247118517 0.01516797182082305 0.9515671733475162 0.01650632227560156 0.9421987201640666 0.021413607276456068 0.936399201526693 0.025874775459051078 0.9350608510719146 0.0334587613694626 0.9381836687997311 0.0370276959155386 0.9395220192545096 0.03658157909727911 0.9506749397109971 0.033904878187722094 0.9560283415301112
0 0.013829621366044535 0.9395220192545095 0.008922336365190022 0.9399681360727692 0.0057995186373735064 0.9399681360727692 0.004015051364335508 0.9372914351632122 0.004015051364335512 0.9319380333440981 0.008476219546930517 0.9288152156162817 0.01561408863908254 0.9310457997075792 0.016060205457342044 0.9337225006171361
0 0.05219566773636164 0.9457676547101426 0.04907285000854514 0.9417526033458071 0.053087901372880636 0.9332763837988767 0.05665683591895664 0.93015356607106 0.06067188728329216 0.9319380333440981 0.060225770465032656 0.9408603697092881 0.05710295273721614 0.9457676547101426
0 0.054426251827659144 0.8842035337903313 0.04684226591724761 0.8846496506085909 0.037027695915538596 0.884649650608591 0.03345876136946259 0.8779578983346985 0.0397043968250956 0.8752811974251414 0.04505779864420962 0.8734967301521034 0.05264178455462113 0.873942846970363 0.058441303191994656 0.8770656646981794 0.058441303191994656 0.8810807160625149
0 0.06022577046503266 0.8931258701555214 0.05621071910069715 0.8882185851546669 0.05621071910069715 0.884649650608591 0.060671887283292154 0.880188482425996 0.06513305546588719 0.8819729496990338 0.06691752273892518 0.8886647019729264
0 0.11019085411009678 0.8355768006000457 0.1043913354727233 0.8320078660539698 0.10662191956402081 0.8262083474165963 0.11197532138313483 0.8279928146896343 0.11465202229269181 0.8320078660539698 0.11465202229269181 0.8355768006000458
0 0.24001084822361163 0.9685196124413771 0.2364419136775357 0.9658429115318202 0.23599579685927616 0.9595972760761872 0.23867249776883315 0.9546899910753327 0.2431336659514282 0.954243874257073 0.24581036686098523 0.957812808803149 0.24536425004272566 0.9653967947135605
0 0.16863215730209147 0.7923034692288741 0.16149428820993944 0.7882884178645387 0.16506322275601545 0.7833811328636842 0.16773992366557247 0.7824888992271652 0.17130885821164848 0.7865039505915007 0.17175497502990797 0.7918573524106147
0 0.20253703548981355 0.8244238801435582 0.19718363367069958 0.8213010624157417 0.19495304957940202 0.8159476605966278 0.19852198412547803 0.8141631933235898 0.20387538594459206 0.8172860110514063 0.20565985321763003 0.8208549455974823
0 0.24447201640620664 0.79587240377495 0.24357978276968767 0.7914112355923553 0.24313366595142819 0.7865039505915007 0.24670260049750414 0.7842733665002032 0.2502715350435802 0.7856117169549817 0.2511637686800992 0.7914112355923552 0.2484870677705422 0.7949801701384311
0 0.11108308774661581 0.78695006740976 0.1052835691092423 0.7931957028653932 0.09948405047186878 0.7949801701384313 0.09502288228927375 0.7954262869566907 0.08877724683364072 0.7927495860471336 0.08699277956060272 0.7851656001367222 0.09279229819797627 0.7802583151358676 0.09725346638057128 0.7775816142263107 0.1043913354727233 0.7762432637715322 0.10796027001879929 0.7771354974080511 0.1101908541100968 0.7815966655906461
0 0.43798828125 0.919677734375 0.444091796875 0.9169921875 0.45068359375 0.910400390625 0.45068359375 0.904052734375 0.447265625 0.893310546875 0.439697265625 0.8896484375 0.428955078125 0.89208984375 0.42431640625 0.901611328125 0.4267578125 0.914306640625 0.432861328125 0.9189453125
0 0.42693379507434265 0.8895569356094454 0.4264876782560832 0.8833113001538124 0.4291643791656402 0.878404015152958 0.43317943052997565 0.879296248789477 0.4345177809847542 0.8824190665172935 0.4345177809847542 0.8868802346998885 0.43094884643867815 0.8900030524277049
0 0.1181640625 0.711669921875 0.126953125 0.706298828125 0.1279296875 0.701904296875 0.1337890625 0.694091796875 0.133056640625 0.68701171875 0.124755859375 0.6875 0.1171875 0.694091796875 0.11474609375 0.709228515625
0 0.38856774870402555 0.8998176224294139 0.38321434688491157 0.899817622429414 0.3809837627936141 0.8975870383381164 0.3827682300666521 0.8931258701555215 0.38812163188576615 0.8922336365190024 0.39124444961358257 0.892679753337262 0.3925828000683611 0.895356454246819
0 0.4086430055257031 0.9943943879004282 0.40641242143440565 0.9885948692630547 0.40685853825266516 0.9801186497161243 0.40908912234396266 0.9787802992613457 0.41667310825437415 0.9810108833526432 0.4184575755274122 0.9836875842622002 0.41667310825437415 0.9885948692630547 0.41444252416307664 0.9912715701726118
0 0.2930987495964923 0.8659127442416918 0.2886375814138973 0.8618976928773564 0.2926526327782328 0.8569904078765019 0.2962215673243088 0.8538675901486854 0.3011288523251633 0.8538675901486854 0.3002366186886444 0.8601132256043184 0.29800603459734687 0.8654666274234324
0 0.2783768945939287 0.8329000996904887 0.27346960959307426 0.8306695155991913 0.2725773759565553 0.8248699969618178 0.2765924273208908 0.8213010624157419 0.28149971232174525 0.8190704783244444 0.2864069973225998 0.8199627119609634 0.28908369823215685 0.8253161137800773 0.28819146459563777 0.8306695155991913
0 0.28819146459563777 0.9185545287963129 0.2837302964130428 0.915877827886756 0.2841764132313023 0.9082938419763446 0.28908369823215685 0.907847725158085 0.29176039914171376 0.908739958794604 0.2930987495964923 0.9118627765224205 0.29220651595997327 0.9154317110684965
0 0.3055900205077583 0.9069554915215658 0.30112885232516334 0.9091860756128635 0.29755991777908736 0.9069554915215661 0.29532933368778985 0.9020482065207116 0.29532933368778985 0.8975870383381166 0.29800603459734687 0.8971409215198569 0.30202108596168237 0.8980331551563759 0.30514390368949884 0.9016020897024519
0 0.3029133195982013 0.9292613324345409 0.29889826823386584 0.9261385147067247 0.29755991777908736 0.9212312297058701 0.29934438505212535 0.9163239447050157 0.30380555323472036 0.9158778278867561 0.30737448778079635 0.916770061523275 0.3104973055086129 0.919446762432832 0.3131740064181699 0.9216773465241295 0.31406624005468886 0.9243540474336864 0.31406624005468886 0.9265846315249839 0.31094342232687233 0.9279229819797625 0.3104973055086128 0.9279229819797625 0.30915895505383434 0.9270307483432435
0 0.2980060345973468 0.948890472437959 0.29711380096082785 0.9435370706188451 0.29711380096082785 0.93907590243625 0.29889826823386584 0.9355069678901742 0.30112885232516334 0.9386297856179906 0.30202108596168237 0.9413064865275476 0.3029133195982013 0.9448754210736237 0.3020210859616823 0.9506749397109971 0.3006827355069038 0.9520132901657756
0 0.30692837096253683 0.9752113647152696 0.3042516700529799 0.9703040797144153 0.30603613732601787 0.9640584442587823 0.3096050718720939 0.9627200938040037 0.3136201232364294 0.9640584442587821 0.31629682414598637 0.9671812619865987 0.3145123568729483 0.9707501965326746 0.3122817727816508 0.9729807806239721
0 0.4403172996221277 0.9729807806239721 0.4322871968934567 0.9694118460778962 0.42425709416478574 0.9573666919848897 0.42782602871086167 0.9479982388014401 0.4309488464386782 0.9444293042553641 0.43451778098475424 0.9435370706188452 0.44031729962212773 0.9466598883466617 0.4434401173499442 0.9488904724379592 0.44611681825950134 0.9524594069840352 0.44745516871427976 0.9537977574388137 0.44745516871427976 0.9600433928944467 0.44700905189602025 0.9653967947135607 0.44433235098646323 0.9689657292596368
0 0.45682362189772924 0.9720885469874531 0.4510241032603557 0.9694118460778962 0.44745516871427976 0.9662890283500797 0.44700905189602025 0.9591511592579276 0.44834740235079873 0.9533516406205542 0.45102410326035575 0.9529055238022945 0.4550391546246913 0.9564744583483706 0.45726973871598886 0.9609356265309656 0.4577158555342483 0.9662890283500796
0 0.4844828646298183 0.9404142528910284 0.47912946281070434 0.9377375519814717 0.4773449955376663 0.9305996828893195 0.48225228053852087 0.9274768651615032 0.4884979159941538 0.9270307483432434 0.49028238326719176 0.9337225006171361 0.4880517991758944 0.9377375519814717
0 0.4996508364506413 0.9225695801606485 0.4920668505402299 0.918554528796313 0.4889440328124134 0.9136472437954585 0.49162073372197035 0.9091860756128635 0.49742025235934384 0.9069554915215661 0.5014353037236794 0.9082938419763446 0.505450355088015 0.9118627765224205 0.5036658878149769 0.9176622951597941
0 0.4380867155308302 0.9881487524447952 0.4300566128021592 0.9912715701726118 0.4260415614378237 0.9917176869908713 0.42024204280045013 0.9908254533543521 0.41890369234567154 0.9894871028995738 0.41801145870915263 0.9872565188082763 0.42068815961870965 0.9832414674439407 0.42514932780130466 0.9814570001709026 0.42916437916564015 0.9814570001709026 0.43184108007519717 0.9823492338074218 0.4363022482577922 0.9841337010804597
0 0.4429940005316847 1 0.43317943052997565 0.9970710888099852 0.4327333137117162 0.9908254533543521 0.43407166416649473 0.9890409860813143 0.44299400053168475 0.9885948692630548 0.4492396359873177 0.9881487524447953 0.4528085705333937 0.9926099206273903 0.44923963598731775 0.9979633224465043
0 0.5451547519131105 1 0.553630971460041 0.9948405047186878 0.5545232050965601 0.9877026356265358 0.550062036913965 0.9832414674439409 0.5442625182765916 0.9899332197178332 0.537570766002699 0.9935021542639093 0.532217364183585 0.9970710888099852 0.533109597820104 1
0 0.5340018314566229 0.9814570001709026 0.528648429637509 0.9836875842622002 0.5228489110001353 0.9819031169891621 0.5210644437270976 0.9792264160796054 0.5201722100905785 0.9734268974422317 0.524187261454914 0.9698579628961557 0.5295406632740279 0.9698579628961557 0.534894065093142 0.9707501965326746 0.5362324155479204 0.9743191310787507
0 0.6156412091981117 1 0.6227790782902637 0.9952866215369474 0.6254557791998208 0.9894871028995739 0.6232251951085233 0.9863642851717571 0.6134106251068142 0.9966249719917258
0 0.5290945464557685 0.9457676547101426 0.524187261454914 0.9408603697092881 0.5183877428175404 0.9346147342536552 0.5170493923627619 0.9252462810702056 0.5219566773636165 0.9172161783415346 0.526863962364471 0.9154317110684966 0.5335557146383635 0.9167700615232751 0.5406935837305155 0.9288152156162817 0.5380168828209585 0.9413064865275477
0 0.5919970178303582 0.9555822247118515 0.5986887701042507 0.9493365892562184 0.6031499382868457 0.9444293042553642 0.5995810037407696 0.9368453183449528 0.5969043028312127 0.9355069678901742 0.5911047841938392 0.9421987201640666 0.588428083284282 0.947106005164921
0 0.5103576400888694 0.8360229174183053 0.5018814205419388 0.8333462165087484 0.5027736541784579 0.8257622305983368 0.5067887055427934 0.8244238801435584 0.5116959905436479 0.8262083474165963 0.5130343409984264 0.8311156324174509
0 0.5103576400888694 0.7829350160454246 0.5108037569071289 0.7726743292254561 0.5161571587262429 0.7722282124071966 0.5188338596358 0.7731204460437157 0.5206183269088379 0.7753510301350132 0.5170493923627619 0.7807044319541272
0 0.39882843552399405 0.8101481419592542 0.3925828000683611 0.8052408569583998 0.39615173461443715 0.7989952215027668 0.4010590196152916 0.7981029878662478 0.4041818373431081 0.8016719224123238 0.40462795416136765 0.8074714410496973
0 0.382768230066652 0.7829350160454246 0.3925828000683611 0.7740126796802347 0.39392115052313953 0.7668748105880827 0.3890138655222851 0.7668748105880827 0.38276823006665206 0.7717820955889372 0.379199295520576 0.7811505487723867
0 0.3310546875 0.740966796875 0.3369140625 0.737548828125 0.337890625 0.733642578125 0.33740234375 0.728759765625 0.333251953125 0.7236328125 0.326416015625 0.72509765625 0.32275390625 0.730712890625 0.32373046875 0.738525390625 0.325927734375 0.74072265625
0 0.04345703125 0.655517578125 0.050048828125 0.65185546875 0.05517578125 0.644287109375 0.05859375 0.627685546875 0.055419921875 0.62353515625 0.044189453125 0.62841796875 0.03466796875 0.641845703125 0.03515625 0.652099609375 0.037841796875 0.65478515625
0 0.5036658878149769 0.7490301378577026 0.5023275373601984 0.7418922687655506 0.5076809391793125 0.7383233342194745 0.5148188082714644 0.7383233342194745 0.5139265746349455 0.7436767360385885 0.5085731728158315 0.7476917874029241
0 0.5803979805556111 0.7311854651273225 0.5781673964643136 0.723601479216911 0.5795057469190921 0.717355843761278 0.5866436160112442 0.7160174933064994 0.5875358496477633 0.720924778307354 0.586643616011244 0.7267242969447275 0.5861974991929845 0.7302932314908035
0 0.1838001291229145 0.5964581860129532 0.1909379982150665 0.5942276019216557 0.19406081594288305 0.5888742001025417 0.19718363367069952 0.582182447828649 0.19718363367069952 0.5786135132825732 0.1945069327611425 0.5768290460095351 0.190491881396807 0.5772751628277946 0.186030713214212 0.5830746814651682 0.185138479577693 0.5884280832842821
0 0.1432034986612999 0.5924431346486176 0.14811078366215438 0.5884280832842821 0.14766466684389493 0.5817363310103897 0.1436496154795594 0.5812902141921301 0.14097291457000236 0.5875358496477632
0 0.07182480773977969 0.6433004519302008 0.0794087936501912 0.6343781155650108 0.08297772819626723 0.6281324801093777 0.08119326092322923 0.6218868446537447 0.07628597592237472 0.6236713119267827 0.07316315819455821 0.6276863632911183 0.07227092455803921 0.6357164660197893 0.07048645728500118 0.6397315173841247
0 0.33012644551203085 0.553630971460041 0.32923421187551194 0.547385336004408 0.3296803286937714 0.5424780510035534 0.3323570296033284 0.5406935837305155 0.33637208096766397 0.5406935837305155 0.33860266505896147 0.5433702846400725 0.33815654824070196 0.5496159200957055 0.33324926323984744 0.553630971460041
0 0.59228515625 0.562255859375 0.597900390625 0.5595703125 0.6015625 0.553955078125 0.6005859375 0.539794921875 0.597412109375 0.537109375 0.588134765625 0.5419921875 0.58349609375 0.548583984375 0.58544921875 0.559814453125 0.588134765625 0.5625
0 0.21547442321933907 0.5215105605453569 0.2114593718550036 0.516157158726243 0.2145821895828201 0.5130343409984265 0.21904335776541511 0.514372691453205 0.2208278250384531 0.5174955091810214 0.21859724094715566 0.5206183269088379
0 0.3653696741545315 0.5282023128192495 0.35957015551715804 0.5308790137288064 0.353324520061525 0.5273100791827304 0.3537706368797845 0.5183877428175404 0.3582318050623795 0.5139265746349454 0.363139090063234 0.5125882241801669 0.36760025824582904 0.5157110419079833 0.36938472551886703 0.522402794181876
0 0.33904878187722093 0.5157110419079833 0.3475250014241515 0.5112498737253884 0.35154005278848693 0.5067887055427934 0.35287840324326547 0.5009891869054199 0.3533245200615249 0.4965280187228249 0.34975558551544894 0.4969741355410843 0.34529441733285393 0.5018814205419388 0.3408332491502589 0.5085731728158314
0 0.13428116229610987 0.4822522805385208 0.13338892865959087 0.47734499553766635 0.13561951275088838 0.4751144114463688 0.13874233047870488 0.47689887871940684 0.14097291457000238 0.47912946281070434 0.13874233047870488 0.48180616372026136
0 0.3769687114292785 0.43674836507605164 0.38455269733969005 0.4327333137117162 0.38722939824924707 0.4305027296204187 0.3854449309762091 0.4260415614378237 0.3791992955205761 0.42514932780130466 0.3751842441562405 0.4278260287108617 0.37295366006494307 0.4340716641664947
0 0.3849988141579495 0.37964541233883553 0.38321434688491157 0.371169192791905 0.3881216318857661 0.363139090063234 0.39347503370488013 0.35912403869889853 0.39615173461443703 0.360462389153677 0.39749008506921557 0.36313909006323397 0.3952595009779181 0.367600258245829 0.3916905664318421 0.37384589370146204 0.3903522159770636 0.37830706188405705
0 0.46485372462640023 0.4648537246264003 0.4595003228072863 0.4626231405351028 0.4572697387159888 0.4599464396255458 0.4568236218977293 0.45280857053339374 0.4603925564438054 0.44656293507776074 0.46663819189943834 0.4407634164403872 0.47109936008203335 0.4389789491673492 0.4742221778098499 0.4429940005316847 0.4737760609915903 0.4496857528055772 0.47109936008203335 0.45771585553424826 0.4693148928089953 0.46396149098988126
0 0.5085731728158314 0.5344479482748825 0.5027736541784579 0.530432896910547 0.5050042382697554 0.5246333782731736 0.5094654064523504 0.5237411446366544 0.5125882241801669 0.526863962364471 0.5116959905436479 0.5299867800922875
0 0.48448286462981843 0.48046781326548277 0.4795755796289638 0.4760066450828878 0.4809139300837424 0.47065324326377384 0.48582121508459686 0.4693148928089953 0.48939014963067295 0.4715454769002928 0.48939014963067284 0.47779111235592586
0 0.5036658878149769 0.4006129027970321 0.49518966826804633 0.40462795416136765 0.486713448721116 0.40418183734310814 0.48359063099329935 0.39570561779617763 0.48939014963067284 0.3903522159770636 0.49965083645064134 0.3899060991588041 0.5050042382697554 0.39124444961358257 0.5067887055427933 0.3939211505231396
0 0.35421675369804395 0.36670802460931 0.3519861696067465 0.36313909006323397 0.35154005278848693 0.35867792188063896 0.35421675369804395 0.3573395714258605 0.35778568824412 0.3573395714258605 0.35957015551715804 0.3618007396084555
0 0.13383504547785036 0.26543950686440326 0.12892776047699586 0.2681162077739602 0.12268212502136283 0.26767009095570077 0.11599037274747032 0.2632089227731057 0.11911319047528682 0.25830163777225124 0.12669717638569833 0.2565171704992132 0.13294281184133133 0.2596399882270297
0 0.3270036277842144 0.35867792188063896 0.3229885764198789 0.360462389153677 0.3189735250555433 0.360462389153677 0.3167429409642458 0.35778568824412 0.31852740823728387 0.35421675369804395 0.3207579923285814 0.35064781915196797 0.3252191605111764 0.34975558551544894 0.32834197823899286 0.3510939359702275 0.3287880950572524 0.3573395714258605
0 0.40105901961529156 0.36135462279019603 0.3983823187057346 0.35778568824412005 0.39793620188747514 0.35109393597022753 0.4015051364335511 0.34797111824241095 0.40552018779788657 0.34797111824241095 0.40641242143440565 0.35377063687978444 0.4041818373431081 0.36001627233541744
0 0.5085731728158314 0.48715956553937534 0.5174955091810215 0.4853750982663374 0.5206183269088379 0.48225228053852087 0.5206183269088379 0.4773449955376663 0.5170493923627619 0.4688687759907358 0.5134804578166859 0.4693148928089953 0.5103576400888694 0.4742221778098498 0.5081270559975719 0.48314451417503984 0.5085731728158314 0.4867134487211159
0 0.005799518637373512 0.23644191367753564 0.0026767009095570067 0.23242686231320014 0.0031228177278165067 0.2257351100393076 0.007583985910411514 0.22395064276626964 0.011599037274747027 0.22618122685756714 0.012045154093006528 0.23287297913145966 0.008922336365190018 0.23554968004101667
0 0.5763829291912757 0.3573395714258605 0.5737062282817187 0.35154005278848693 0.575044578736497 0.3444021836963349 0.5808440973738707 0.344402183696335 0.5826285646469086 0.34663276778763247 0.5812902141921301 0.3564473377893415
0 0.4800216964472233 0.32120410914684083 0.4746682946281092 0.3203118755103219 0.4737760609915903 0.31540459050946734 0.47689887871940684 0.31317400641816984 0.4813600469020018 0.3118356559633914 0.4853750982663374 0.3154045905094674 0.4849289814480778 0.3194196418738029
0 0.5148188082714644 0.3274497446024739 0.5108037569071289 0.326557510965955 0.50991152327061 0.3207579923285814 0.5112498737253884 0.31317400641816984 0.515264925089724 0.31228177278165087 0.519726093272319 0.3136201232364294 0.5210644437270975 0.3167429409642459 0.5206183269088379 0.32477304369291693
0 0.5246333782731735 0.3216502259651004 0.519726093272319 0.3167429409642459 0.5206183269088379 0.3091589550538344 0.5246333782731735 0.30380555323472036 0.5308790137288065 0.30335943641646085 0.5340018314566229 0.30514390368949884 0.5335557146383635 0.31138953914513184 0.530432896910547 0.3171890577825054 0.5290945464557685 0.32031187551032186
0 0.5964581860129532 0.3600162723354175 0.5915509010120986 0.356893454607601 0.5915509010120986 0.34752500142415144 0.5955659523764342 0.3448483005145945 0.6000271205590291 0.34574053415111344 0.6031499382868457 0.34886335187893 0.6044882887416242 0.35377063687978444 0.6022577046503267 0.35778568824412
0 0.6049344055598836 0.5237411446366544 0.5986887701042507 0.5215105605453569 0.5982426532859911 0.5152649250897239 0.6035960551051052 0.5157110419079833 0.6053805223781432 0.5188338596358
0 0.010260686819968529 0.2145821895828201 0.0013383504547785016 0.21012102140022507 0.0004461168182594982 0.19584528321592107 0.005799518637373512 0.19584528321592107 0.014275738184304042 0.19584528321592107 0.01962914000341805 0.19896810094373757 0.020967490458196555 0.2029831523080731 0.021859724094715566 0.21101325503674412 0.017398555912120556 0.2136899559463011
0 0.020967490458196555 0.1463263163891164 0.014721855002563535 0.14632631638911642 0.012045154093006528 0.14186514820652138 0.015614088639082545 0.13740398002392637 0.022751957731234562 0.13785009684218588 0.022305840912975054 0.14186514820652138
0 0.049965083645064134 0.1070680363822803 0.04684226591724761 0.09636123274405224 0.049965083645064134 0.09100783092493825 0.05442625182765916 0.09100783092493825 0.05710295273721615 0.09993016729012827 0.05576460228243765 0.1061758027457613
0 0.0013383504547785016 0.04951896682680463 0 0.03568934546076011 0.004461168182595008 0.03301264455120308 0.010260686819968525 0.03613546227901959 0.00847621954693052 0.04371944818943112 0.0049072850008545135 0.049965083645064155
0 0.02409030818601307 0.047288382735507124 0.019629140003418057 0.04371944818943113 0.020967490458196562 0.0383660463703171 0.025428658640791565 0.03970439682509562 0.027659242732089077 0.04238109773465262
0 0.24670260049750414 0.13071222775003385 0.2422414323149092 0.12758941002221733 0.23911861458709271 0.12089765774832484 0.2444720164062067 0.11777484002050834 0.25071765186183964 0.11955930729354633 0.25339435277139666 0.12402047547614134
0 0.4255954446195641 0.13740398002392637 0.42158039325522867 0.1324966950230719 0.42604156143782373 0.12714329320395784 0.4300566128021592 0.12848164365873635 0.4318410800751972 0.13338892865959087
0 0.47689887871940684 0.23510356322275716 0.4679765423542168 0.2426875491331687 0.4617309068985838 0.24179531549664973 0.45994643962554577 0.23510356322275722 0.4644076078081408 0.22930404458538364 0.47020712644551427 0.22751957731234565 0.4768988787194068 0.2310885118584217
0 0.6348242323832702 0.28417641323130227 0.6263480128363398 0.2823919459582643 0.6245635455633018 0.27748466095740976 0.6250096623815613 0.2716851423200363 0.6308091810189348 0.26722397413744126 0.6352703492015298 0.26722397413744126 0.6383931669293463 0.27302349277481475 0.6388392837476057 0.27659242732089073
0 0.737877217401215 0.3591240386988985 0.7262781801264679 0.35957015551715804 0.7218170119438729 0.35510898733456303 0.7213708951256135 0.34886335187893 0.732523815582101 0.34663276778763247 0.7387694510377341 0.3502017023337085
0 0.5433702846400725 0.1757700263942435 0.53667853236618 0.1757700263942435 0.5331095978201039 0.17532390957598398 0.532217364183585 0.1713088582116485 0.5353401819114015 0.16818604048383198 0.539355233275737 0.167293806847313 0.5424780510035535 0.170862741393389
0 0.5170493923627619 0.02855147636860808 0.5090192896340909 0.028105359550348572 0.5076809391793125 0.02453642500427257 0.5076809391793125 0.018290789548639552 0.5148188082714644 0.016506322275601545 0.5192799764540594 0.020075256821677552
0 0.547385336004408 0.051749550918102134 0.542924167821813 0.04907285000854514 0.5420319341852939 0.045057798644209626 0.5460469855496295 0.04148886409813361 0.5509542705504841 0.04148886409813361 0.552738737823522 0.047288382735507124
0 0.49652801872282487 0.10662191956402078 0.49295908417674883 0.10394521865446378 0.49162073372197035 0.09725346638057125 0.4969741355410844 0.09546899910753325 0.5005430700871604 0.09903793365360927 0.49965083645064134 0.10483745229098279
0 0.7182480773977971 0.04907285000854513 0.7249398296716896 0.04461168182595013 0.728954881036025 0.0370276959155386 0.7311854651273225 0.03212041091468409 0.7302932314908035 0.028105359550348583 0.7276165305812465 0.028105359550348583 0.7186941942160565 0.036581579097279104 0.7160174933064996 0.039258280006836115 0.7142330260334615 0.043273331371171626
0 0.6129645082885546 0.10706803638228027 0.6089494569242193 0.1021607513814258 0.6120722746520357 0.09413064865275475 0.6151950923798523 0.09056171410667876 0.6218868446537448 0.08966948047015977 0.6236713119267827 0.09680734956231178 0.6209946110172258 0.1030529850179448
0 0.6201023773807067 0.1864768300324715 0.6165334428346307 0.18067731139509802 0.6169795596528902 0.1766622600307625 0.6218868446537447 0.1757700263942435 0.6250096623815613 0.17621614321250298 0.6250096623815613 0.18156954503161699
0 0.7512607219490001 0.10216075138142577 0.7472456705846646 0.09725346638057125 0.746799553766405 0.08877724683364076 0.7512607219490001 0.08476219546930525 0.7557218901315951 0.08297772819626724 0.7592908246776711 0.08476219546930523 0.7606291751324497 0.09279229819797626 0.7579524742228927 0.09948405047186877
0 0.73341604921862 0.17086274139338897 0.7285087642177654 0.17309332548468648 0.72449371285343 0.16997050775686998 0.725385946489949 0.16461710593775594 0.729847114672544 0.16372487230123695 0.73341604921862 0.16417098911949646 0.7352005164916581 0.16684769002905345
0 0.713786909215202 0.27971524504870726 0.707541273759569 0.2761463105026313 0.7026339887587143 0.27034679186525773 0.702187871940455 0.2672239741374413 0.7048645728500119 0.26276280595484625 0.710217974669126 0.2600861050452893 0.71557137648824 0.26053222186354874 0.7195864278525755 0.2623166891365868 0.7213708951256135 0.26365503959136527 0.7231553623986515 0.2681162077739603 0.7218170119438729 0.2757001936843718 0.7209247783073539 0.27837689459392884
0 0.7262781801264679 0.12669717638569836 0.7222631287621325 0.12089765774832484 0.7231553623986515 0.11465202229269181 0.7302932314908035 0.11643648956572983 0.7320776987638414 0.12268212502136283
0 0.8494064219660904 0.1106369709283563 0.8449452537834954 0.1088525036553183 0.8436069033287169 0.10305298501794477 0.8458374874200144 0.09769958319883076 0.8502986556026094 0.09680734956231177 0.8543137069669449 0.09948405047186877 0.8529753565121663 0.1061758027457613
0 0.9225695801606486 0.042827214552912114 0.918554528796313 0.0370276959155386 0.9194467624328321 0.03167429409642459 0.9252462810702056 0.028997593186867586 0.9301535660710601 0.03122817727816509 0.9292613324345411 0.03791992955205761 0.9274768651615031 0.04282721455291212
0 0.8516370060573879 0.16015593775516093 0.8485141883295715 0.15346418548126842 0.8511908892391283 0.1498952509351924 0.8556520574217235 0.14811078366215444 0.8605593424225779 0.1476646668438949 0.8632360433321349 0.1498952509351924 0.8618976928773564 0.15524865275430644 0.8592209919677994 0.15837147048212294 0.8547598237852044 0.16060205457342047
0 0.8908952860642239 0.1454340827525974 0.8886647019729264 0.13874233047870488 0.8904491692459644 0.13294281184133136 0.8958025710650784 0.12981999411351486 0.900709856065933 0.13338892865959084 0.8984792719746355 0.14275738184304038
0 0.9752113647152696 0.13071222775003385 0.9653967947135607 0.13606562956914786 0.9609356265309656 0.13561951275088838 0.9560283415301112 0.13205057820481236 0.9569205751666301 0.12803552684047687 0.9609356265309655 0.12223600820310335 0.9649506778953011 0.11911319047528682 0.9725346638057126 0.12000542411180584 0.9769958319883078 0.12312824183962234
0 0.9810108833526432 0.16194040502819895 0.9711963133509343 0.15658700320908492 0.9689657292596366 0.1521258350264899 0.9680734956231176 0.1467724332073759 0.9703040797144151 0.1423112650247809 0.9769958319883076 0.1440957322978189 0.9832414674439407 0.14677243320737593 0.9877026356265356 0.15257195184474945 0.9872565188082763 0.15658700320908495 0.9854720515352382 0.16015593775516096
0 0.6535611387501693 0.2980060345973468 0.6490999705675743 0.2917603991417138 0.6531150219319097 0.2881914645956378 0.6575761901145049 0.29042204868693533 0.6589145405692833 0.29577545050604936
0 0.5286484296375089 0.15881758730038245 0.5250794950914329 0.15391030229952793 0.5299867800922874 0.1481107836621544 0.5344479482748824 0.1494491341169329 0.534894065093142 0.1556947695725659
0 0.866804977878211 0.22439675958452912 0.8627899265138754 0.2194894745836746 0.862343809695616 0.21235160549152257 0.865912744241692 0.20432150276285158 0.8726044965155845 0.20387538594459206 0.8766195478799199 0.20476761958111106 0.8824190665172935 0.20565985321763006 0.8833113001538124 0.21145937185500358 0.878404015152958 0.2194894745836746 0.874835080606882 0.2270734604940861
0 0.7963185205932097 0.11420590547443231 0.7909651187740956 0.1101908541100968 0.7923034692288743 0.10082240092664725 0.7958724037749503 0.09457676547101426 0.8007796887758047 0.09279229819797624 0.8056869737766592 0.09323841501623574 0.8097020251409948 0.09502288228927375 0.8119326092322923 0.09903793365360926 0.8092559083227353 0.10483745229098278 0.8039025065036214 0.1106369709283563 0.8030102728671022 0.1119753213831348
0 0.9292613324345411 0.27748466095740976 0.9221234633423889 0.2707929086835173 0.9252462810702055 0.2636550395913652 0.9301535660710601 0.26276280595484625 0.9328302669806172 0.2654395068644032 0.935506967890174 0.2690084414104792 0.9346147342536552 0.2734696095930742 0.9323841501623576 0.2779307777756692
0 0.9591511592579277 0.2846225300495618 0.9671812619865988 0.27971524504870726 0.9729807806239722 0.2743618432295932 0.9756574815335294 0.26945455822873876 0.9783341824430862 0.26499339004614375 0.9778880656248268 0.25830163777225124 0.9734268974422318 0.2591938714087702 0.9685196124413772 0.2618705723183272 0.9653967947135607 0.2641011564096247 0.9609356265309656 0.26722397413744126 0.9582589256214087 0.2690084414104792 0.9546899910753327 0.2734696095930742 0.9542438742570731 0.27703854413915024 0.9537977574388137 0.27926912823044775 0.9555822247118517 0.2828380627765238
0 0.9591511592579276 0.3274497446024739 0.9511210565292566 0.32477304369291693 0.946213771528402 0.32254245960161937 0.9453215378918831 0.3198657586920624 0.9448754210736237 0.31585070732772685 0.9457676547101427 0.31362012323642935 0.9502288228927377 0.3136201232364294 0.9529055238022947 0.31406624005468886 0.9555822247118517 0.3149584736912079 0.9591511592579277 0.31629682414598637 0.9613817433492252 0.3180812914190244 0.9636123274405226 0.3207579923285814 0.9640584442587823 0.32477304369291693 0.9640584442587823 0.3256652773294359
0 0.7302932314908035 0.31585070732772685 0.7258320633082086 0.31094342232687233 0.7258320633082085 0.30469778687123933 0.7320776987638415 0.30514390368949884 0.7356466333099176 0.30915895505383434 0.7356466333099176 0.3127278895999104
0 0.6317014146554538 0.4157808746178552 0.6388392837476057 0.4099813559804817 0.6379470501110869 0.4055201877978867 0.6325936482919727 0.4055201877978867 0.6294708305641563 0.4077507718891841 0.6272402464728588 0.4131041737082981
0 0.8529753565121664 0.40864300552570315 0.8627899265138753 0.40462795416136765 0.8636821601503945 0.4015051364335511 0.8574365246947614 0.39570561779617763 0.853421473330426 0.3979362018874751 0.8498525387843499 0.4041818373431081
0 0.8177321278696658 0.4171192250726336 0.8146093101418492 0.41042747279874114 0.8159476605966278 0.40195125325181064 0.8204088287792228 0.4006129027970321 0.8248699969618178 0.4010590196152916 0.8275466978713748 0.4046279541613676 0.8253161137800773 0.41399640734481713 0.8235316465070392 0.41622699143611464
0 0.9703040797144151 0.4090891223439626 0.9613817433492252 0.41399640734481713 0.9569205751666302 0.41399640734481713 0.9506749397109971 0.41221194007177914 0.9493365892562187 0.40998135598048163 0.9506749397109971 0.4050740709796271 0.9533516406205542 0.4028434868883296 0.9569205751666302 0.3997206691605132 0.9613817433492252 0.3974900850692156 0.9676273788048582 0.3961517346144371 0.9698579628961557 0.3970439682509561 0.9729807806239723 0.4010590196152916 0.9729807806239723 0.40998135598048163
0 0.5844130319199466 0.5197260932723189 0.5781673964643136 0.526863962364471 0.5719217610086805 0.5299867800922875 0.5692450600991236 0.5317712473653256 0.5665683591895666 0.5326634810018445 0.562553307825231 0.532217364183585 0.5621071910069716 0.5286484296375089 0.5621071910069716 0.5241872614549139 0.5643377750982691 0.5215105605453569 0.5679067096443451 0.5192799764540594 0.5705834105539022 0.5179416259992811 0.5786135132825732 0.516157158726243 0.5812902141921301 0.516157158726243
0 0.71557137648824 0.49563578508630585 0.7093257410326068 0.49608190190456536 0.7057568064865309 0.4925129673584894 0.7070951569413095 0.48715956553937534 0.712894675578683 0.4862673319028564 0.7173558437612779 0.48849791599415393
0 0.8949103374285594 0.38276823006665206 0.8886647019729264 0.38678328143098756 0.883757416972072 0.38722939824924707 0.8824190665172934 0.38410658052143054 0.8842035337903315 0.37964541233883553 0.8886647019729265 0.377414828247538 0.893571986973781 0.37830706188405705
0 0.6598067742058022 0.5665683591895665 0.6535611387501693 0.5656761255530476 0.6499922042040933 0.5607688405521931 0.6531150219319097 0.5567537891878576 0.6598067742058022 0.5576460228243765 0.6615912414788403 0.5621071910069715
0 0.8074714410496973 0.48002169644722326 0.8016719224123238 0.48091393008374234 0.7976568710479881 0.4764527619011474 0.7967646374114692 0.4688687759907358 0.7998874551392857 0.4644076078081408 0.8061330905949187 0.4648537246264003 0.8097020251409948 0.4702071264455143 0.8097020251409948 0.4751144114463688
0 0.7218170119438729 0.4099813559804816 0.7164636101247589 0.41399640734481713 0.712002441942164 0.41444252416307664 0.7097718578508665 0.4131041737082981 0.7088796242143475 0.41131970643526017 0.7106640914873854 0.4086430055257031 0.7133407923969425 0.4055201877978866 0.7169097269430185 0.40373572052484863 0.7204786614890946 0.4050740709796271
0 0.9729807806239722 0.4898362664489324 0.9689657292596368 0.4871595655393754 0.9685196124413772 0.48359063099329935 0.9680734956231177 0.4773449955376664 0.9680734956231177 0.4733299441733308 0.9680734956231177 0.4706532432637738 0.9711963133509343 0.4648537246264003 0.9743191310787507 0.46217702371684327 0.9783341824430863 0.46217702371684327 0.9783341824430862 0.46619207508117877 0.9756574815335293 0.4760066450828878 0.9752113647152697 0.4777911123559258 0.9783341824430862 0.4804678132654828 0.9796725328978647 0.4867134487211159 0.9774419488065672 0.49117461690371084 0.9756574815335293 0.4925129673584894
0 0.9926099206273902 0.5612149573704526 0.9850259347169786 0.5607688405521931 0.9823492338074217 0.5585382564608956 0.9792264160796051 0.5558615555513385 0.9769958319883078 0.5540770882783006 0.9792264160796051 0.5514003873687434 0.9827953506256811 0.5487236864591865 0.9881487524447952 0.5496159200957055 0.9926099206273902 0.551846504187003 0.9957327383552068 0.5536309714600409 0.9975172056282448 0.5558615555513384
0 0.7624136424054876 0.5081270559975719 0.7552757733133356 0.5094654064523505 0.7508146051307405 0.5072348223610529 0.7476917874029241 0.5041120046332364 0.7490301378577027 0.5009891869054198 0.7508146051307406 0.49742025235934395 0.7557218901315952 0.49474355144978693 0.7610752919507091 0.4965280187228249 0.7659825769515637 0.49875860281412243 0.7650903433150447 0.5050042382697555
0 0.7583985910411521 0.5389091164574774 0.7525990724037785 0.5389091164574775 0.750368488312481 0.5371246491844395 0.748584021039443 0.5335557146383635 0.750368488312481 0.5308790137288064 0.753045189222038 0.529540663274028 0.7557218901315951 0.529540663274028 0.7583985910411521 0.531325130547066 0.7583985910411521 0.534001831456623
0 0.6272402464728588 0.6250096623815612 0.6250096623815613 0.6214407278354852 0.6272402464728588 0.6160873260163712 0.6299169473824157 0.6151950923798521 0.6325936482919727 0.6169795596528902 0.6330397651102322 0.6218868446537447
0 0.8748350806068819 0.6174256764711497 0.8699277956060274 0.6143028587433332 0.8676972115147299 0.6102878073789978 0.8663588610599514 0.6044882887416242 0.8726044965155845 0.6018115878320672 0.874835080606882 0.6031499382868457 0.8779578983346985 0.6071649896511813 0.8788501319712174 0.6120722746520357 0.878404015152958 0.6129645082885548
0 0.9796725328978646 0.6107339241972571 0.9769958319883078 0.6058266391964027 0.9778880656248268 0.6009193541955482 0.9810108833526431 0.5955659523764342 0.9836875842622002 0.5928892514668772 0.9859181683534977 0.5906586673755797 0.9899332197178333 0.5906586673755796 0.9908254533543521 0.5937814851033962 0.9885948692630546 0.6000271205590293 0.9872565188082761 0.6044882887416243 0.9850259347169786 0.6102878073789978 0.9841337010804596 0.6107339241972572
0 0.6531150219319097 0.686127666483113 0.6473155032945364 0.6821126151187774 0.6455310360214983 0.6740825123901064 0.6482077369310553 0.6673907601162139 0.6522227882953908 0.6669446432979543 0.6571300732962453 0.6714058114805493 0.6562378396597264 0.6776514469361824
0 0.6455310360214983 0.6972805869396004 0.6401776342023844 0.6981728205761195 0.6357164660197894 0.695942236484822 0.6343781155650108 0.6946038860300434 0.6334858819284916 0.691481068302227 0.6352703492015298 0.6879121337561509 0.6379470501110869 0.6874660169378914 0.6428543351119413 0.6870199001196319 0.6468693864762768 0.6892504842109294 0.6459771528397578 0.6928194187570054
0 0.6807742646639989 0.6638218255701378 0.6772053301179228 0.6620373582970999 0.6763130964814039 0.6593606573875429 0.6767592132996634 0.6553456060232073 0.6794359142092204 0.6548994892049478 0.6838970823918153 0.6548994892049478 0.6847893160283343 0.6571300732962453 0.6847893160283345 0.6598067742058022
0 0.7949801701384311 0.6259018960180802 0.7918573524106147 0.6263480128363397 0.7851656001367222 0.6241174287450423 0.7838272496819436 0.6232251951085233 0.7833811328636842 0.6192101437441877 0.7856117169549817 0.6147489755615927 0.7909651187740958 0.6147489755615927 0.7940879365019122 0.6160873260163712 0.7958724037749502 0.6174256764711497 0.7981029878662477 0.6223329614720041
0 0.8556520574217235 0.6428543351119412 0.8507447724208689 0.6486538537493148 0.8489603051478309 0.6490999705675743 0.8471758378747929 0.6490999705675743 0.8458374874200144 0.6477616201127958 0.8436069033287169 0.6450849192032387 0.8427146696921979 0.6437465687484603 0.8427146696921979 0.6419621014754222 0.8422685528739383 0.6379470501110868 0.8422685528739382 0.6366086996563083 0.8431607865104573 0.6330397651102323 0.8467297210565334 0.6321475314737133 0.8507447724208689 0.6334858819284918 0.853421473330426 0.6352703492015297 0.8560981742399829 0.6375009332928272
0 0.741446151947291 0.6740825123901063 0.7378772174012151 0.6705135778440303 0.7374311005829556 0.6660524096614353 0.7383233342194746 0.6629295919336189 0.7410000351290316 0.6615912414788403 0.7436767360385885 0.6611451246605808 0.7467995537664052 0.6620373582970999 0.746799553766405 0.6673907601162139 0.7463534369481455 0.6700674610257709
0 0.8150554269601087 0.6745286292083659 0.8226394128705203 0.6731902787535874 0.8253161137800773 0.669175227389252 0.8266544642348559 0.6647140592066568 0.8266544642348559 0.6611451246605808 0.8226394128705203 0.6589145405692833 0.8199627119609634 0.6593606573875428 0.8159476605966278 0.6642679423883974 0.8141631933235898 0.6696213442075114 0.8137170765053303 0.6709596946622899
0 0.9979633224465043 0.6508844378406122 0.9943943879004282 0.6504383210223528 0.9926099206273903 0.6486538537493148 0.9912715701726118 0.6455310360214983 0.9917176869908713 0.6415159846571628 0.9930560374456497 0.6388392837476058 0.9961788551734663 0.6375009332928273 0.9979633224465043 0.6370548164745677 1 0.6366086996563083 1 0.6388392837476058 1 0.6504383210223528
0 0.9872565188082763 0.6647140592066568 0.9854720515352383 0.6620373582970999 0.9850259347169787 0.6589145405692833 0.9872565188082763 0.6540072555684289 0.9899332197178333 0.6522227882953908 0.9930560374456496 0.6535611387501694 0.9935021542639092 0.6602528910240619 0.9935021542639092 0.6642679423883974 0.9921638038091307 0.6656062928431759
0 0.9720885469874532 0.7057568064865309 0.9761035983517887 0.6972805869396004 0.9819031169891622 0.6995111710308979 0.9827953506256814 0.7048645728500119 0.9801186497161243 0.7097718578508665 0.9783341824430862 0.7093257410326069
0 0.547385336004408 0.8427146696921979 0.5398013500939964 0.8422685528739384 0.539355233275737 0.8364690342365648 0.5424780510035535 0.8342384501452673 0.5460469855496295 0.8342384501452673 0.5478314528226675 0.8386996183278623
0 0.6151950923798521 0.910524426067642 0.6116261578337762 0.9047249074302685 0.6129645082885546 0.9020482065207115 0.6134106251068142 0.8975870383381165 0.6160873260163712 0.8935719869737809 0.6174256764711497 0.8935719869737809 0.6192101437441877 0.8935719869737809 0.6201023773807067 0.8975870383381165 0.6201023773807067 0.9016020897024519 0.6178717932894092 0.9065093747033065
0 0.6562378396597264 0.8792962487894769 0.6499922042040933 0.8770656646981794 0.6464232696580172 0.874835080606882 0.6437465687484603 0.8730506133338439 0.6392854005658652 0.8694816787877679 0.6410698678389033 0.8650205106051729 0.6441926855667197 0.8618976928773564 0.6468693864762768 0.8592209919677994 0.6504383210223528 0.8583287583312804 0.6522227882953908 0.8583287583312804 0.6566839564779858 0.8614515760590968 0.6602528910240619 0.8659127442416918 0.6606990078423214 0.8717122628790654 0.6602528910240618 0.8770656646981794
0 0.7004034046674169 0.9640584442587821 0.6999572878491576 0.9676273788048582 0.6954961196665624 0.9716424301691937 0.6910349514839675 0.9703040797144151 0.6879121337561509 0.9676273788048582 0.6870199001196319 0.9649506778953011 0.6865737833013723 0.9618278601674847 0.689696601029189 0.9587050424396683 0.6914810683022269 0.9573666919848898 0.694157769211784 0.9573666919848898 0.6968344701213409 0.9578128088031492 0.6995111710308979 0.9600433928944467
0 0.711110208305645 0.9694118460778962 0.7044184560317525 0.9680734956231178 0.7004034046674169 0.9645045610770417 0.6999572878491575 0.9631662106222633 0.699511171030898 0.9591511592579278 0.699511171030898 0.9555822247118517 0.7021878719404551 0.9555822247118517 0.7057568064865309 0.9582589256214087 0.709325741032607 0.9613817433492252 0.7115563251239045 0.9631662106222632 0.7133407923969426 0.9667351451683392
0 0.69772670375786 0.9421987201640666 0.694157769211784 0.9435370706188452 0.6892504842109294 0.9430909538005856 0.6865737833013723 0.9426448369823262 0.6825587319370368 0.9408603697092882 0.6798820310274798 0.9381836687997311 0.6780975637544419 0.9363992015266931 0.6776514469361824 0.9355069678901742 0.678097563754442 0.9328302669806171 0.6816664983005178 0.93015356607106 0.6856815496648534 0.9292613324345411 0.6888043673926699 0.93015356607106 0.6923733019387459 0.9328302669806171 0.6946038860300434 0.9332763837988767 0.69772670375786 0.9372914351632121
0 0.6968344701213409 0.9292613324345411 0.6968344701213409 0.9194467624328322 0.6972805869396004 0.9163239447050155 0.6981728205761195 0.9145394774319775 0.7026339887587145 0.9127550101589397 0.7070951569413095 0.9136472437954586 0.7106640914873854 0.9163239447050155 0.7106640914873855 0.9230156969789081 0.7053106896682714 0.9283690987980222 0.7039723392134929 0.9292613324345411 0.6995111710308979 0.9283690987980222
0 0.8297772819626723 1 0.8333462165087484 0.9930560374456496 0.8351306837817863 0.9903793365360929 0.8373612678730837 0.9877026356265358 0.8404840856009004 0.9881487524447954 0.8422685528739383 0.9894871028995738 0.8422685528739384 0.9903793365360928 0.8436069033287168 0.9935021542639093 0.8436069033287168 0.9957327383552068 0.8422685528739382 0.9993016729012828 0.8400379687826407 1 0.8302233987809318 1
0 0.8605593424225779 1 0.8596671087860588 0.9908254533543521 0.8618976928773564 0.9890409860813143 0.8672510946964704 0.9885948692630548 0.8690355619695084 0.9881487524447953 0.8726044965155845 0.9885948692630548 0.8734967301521034 0.9935021542639093 0.8717122628790653 0.9984094392647638 0.8703739124242869 1
0 0.896248687883338 0.9819031169891622 0.8900030524277048 0.9819031169891622 0.8850957674268504 0.9801186497161242 0.8810807160625149 0.9783341824430862 0.8779578983346985 0.9769958319883076 0.8770656646981795 0.9761035983517886 0.8752811974251414 0.9725346638057129 0.8748350806068819 0.9689657292596366 0.8761734310616603 0.9680734956231177 0.8810807160625148 0.9671812619865987 0.8846496506085909 0.9676273788048583 0.8904491692459644 0.9703040797144153 0.8926797533372619 0.9711963133509343 0.8962486878833379 0.9711963133509343 0.8984792719746355 0.9743191310787508 0.898033155156376 0.9801186497161243
0 0.9479982388014403 0.9645045610770416 0.9462137715284021 0.962273976985744 0.9453215378918831 0.9587050424396683 0.9448754210736237 0.9533516406205542 0.9462137715284021 0.9475521219831806 0.9488904724379592 0.9471060051649212 0.9511210565292566 0.9475521219831806 0.9529055238022947 0.950674939710997 0.9537977574388137 0.9542438742570731 0.9529055238022947 0.9609356265309656 0.9506749397109971 0.9649506778953012
0 0.8449452537834954 0.9868104019900167 0.8404840856009004 0.9823492338074216 0.8386996183278623 0.9778880656248266 0.8382535015096029 0.9765497151700483 0.8373612678730837 0.9729807806239722 0.8386996183278623 0.9676273788048583 0.8404840856009003 0.9631662106222633 0.8453913706017547 0.9622739769857442 0.8471758378747928 0.9640584442587823 0.8485141883295714 0.9689657292596368 0.8489603051478309 0.9747652478970104 0.8485141883295714 0.9796725328978648
0 0.9020482065207114 0.9511210565292566 0.8989253887928951 0.9506749397109971 0.896248687883338 0.948890472437959 0.8944642206103001 0.9471060051649212 0.893571986973781 0.9453215378918833 0.8931258701555214 0.9435370706188451 0.8940181037920404 0.9404142528910285 0.8962486878833379 0.9368453183449525 0.9011559728841925 0.9363992015266931 0.9033865569754901 0.9381836687997311 0.9042787906120089 0.9417526033458071 0.906063257885047 0.9457676547101426 0.906063257885047 0.9488904724379592
0 0.8913414028824835 0.9564744583483706 0.8886647019729264 0.9618278601674846 0.8850957674268505 0.9609356265309656 0.881972949699034 0.957812808803149 0.880188482425996 0.9551361078935923 0.8779578983346984 0.9524594069840351 0.8770656646981795 0.9502288228927377 0.8788501319712174 0.9475521219831806 0.8810807160625149 0.9466598883466616 0.8850957674268505 0.9457676547101426 0.8886647019729265 0.9466598883466615 0.890895286064224 0.9479982388014401 0.8931258701555215 0.9515671733475161 0.893571986973781 0.953351640620554
0 0.9649506778953012 0.8404840856009004 0.9609356265309655 0.8391457351461218 0.9595972760761872 0.8378073846913434 0.9578128088031492 0.8355768006000459 0.9573666919848898 0.8311156324174509 0.9587050424396683 0.8275466978713748 0.9613817433492253 0.8253161137800773 0.9636123274405228 0.8235316465070392 0.9694118460778962 0.8230855296887798 0.9716424301691937 0.8248699969618178 0.9716424301691937 0.8302233987809318 0.9716424301691937 0.8346845669635268 0.9698579628961557 0.8395918519643814 0.9671812619865987 0.8413763192374193
0 0.9836875842622002 0.8395918519643814 0.9823492338074218 0.8382535015096029 0.9814570001709028 0.8355768006000458 0.9805647665343837 0.8333462165087483 0.9805647665343836 0.8302233987809319 0.9823492338074217 0.8271005810531153 0.9836875842622002 0.8239777633252988 0.9872565188082761 0.8239777633252988 0.9890409860813142 0.8253161137800773 0.9881487524447952 0.8315617492357104 0.9859181683534977 0.8364690342365648
0 0.9935021542639093 0.8556520574217233 0.9890409860813143 0.8520831228756474 0.9877026356265357 0.8489603051478309 0.9890409860813143 0.8462836042382738 0.9908254533543522 0.8444991369652358 0.9948405047186877 0.8444991369652358 0.996624971991726 0.8453913706017548 0.9979633224465043 0.8494064219660903 0.9979633224465043 0.8516370060573878 0.9966249719917258 0.8547598237852043
0 0.9698579628961557 0.896248687883338 0.9671812619865987 0.8922336365190024 0.9671812619865988 0.887326351518148 0.9671812619865988 0.8824190665172935 0.9707501965326747 0.8792962487894769 0.9743191310787507 0.8819729496990338 0.9752113647152698 0.8913414028824834 0.9743191310787508 0.8958025710650784
0 0.9305996828893195 0.9158778278867561 0.9261385147067247 0.9176622951597939 0.9243540474336865 0.916770061523275 0.9207851128876106 0.915877827886756 0.9172161783415346 0.913201126977199 0.9167700615232751 0.9105244260676421 0.9198928792510915 0.9069554915215661 0.9230156969789081 0.9047249074302686 0.9292613324345411 0.9065093747033066 0.9314919165258386 0.9074016083398255 0.9319380333440981 0.9118627765224205
0 0.9502288228927376 0.904278790612009 0.9444293042553641 0.9065093747033065 0.9368453183449527 0.9074016083398255 0.9328302669806172 0.9074016083398255 0.9297074492528005 0.9065093747033066 0.9288152156162816 0.905171024248528 0.9270307483432437 0.9038326737937494 0.9270307483432435 0.9024943233389711 0.9270307483432435 0.900709856065933 0.927476865161503 0.898925388792895 0.929261332434541 0.8975870383381166 0.9332763837988765 0.8966948047015975 0.9359530847084335 0.8966948047015975 0.941752603345807 0.8958025710650785 0.9493365892562186 0.8984792719746355
0 0.8253161137800773 0.8895569356094455 0.8204088287792228 0.8926797533372619 0.8168398942331467 0.8913414028824835 0.8155015437783684 0.888218585154667 0.8146093101418492 0.884649650608591 0.8146093101418492 0.8810807160625149 0.8186243615061848 0.8797423656077364 0.8226394128705203 0.8797423656077364 0.8253161137800773 0.881972949699034 0.8262083474165962 0.8850957674268505
0 0.8440530201469763 0.8757273142434009 0.8409302024191598 0.8743889637886224 0.8404840856009003 0.8721583796973249 0.8400379687826407 0.8694816787877679 0.8413763192374193 0.8672510946964704 0.8440530201469763 0.8654666274234324 0.8471758378747928 0.8654666274234324 0.8485141883295714 0.868589445151249 0.8485141883295714 0.8734967301521035
0 0.866804977878211 0.8663588610599514 0.8717122628790653 0.8654666274234324 0.8730506133338439 0.8650205106051729 0.8748350806068819 0.8632360433321349 0.8766195478799199 0.8627899265138753 0.8779578983346985 0.8596671087860589 0.8775117815164389 0.8578826415130208 0.873942846970363 0.8560981742399829 0.870373912424287 0.8601132256043184 0.8690355619695085 0.8614515760590968
0 0.9024943233389711 0.8569904078765018 0.898033155156376 0.8569904078765019 0.896248687883338 0.8547598237852044 0.8949103374285594 0.8516370060573879 0.8949103374285594 0.8471758378747928 0.898925388792895 0.8444991369652359 0.9038326737937495 0.8444991369652359 0.9047249074302686 0.8485141883295714 0.9038326737937495 0.8543137069669449
0 0.6615912414788403 0.7896267683193171 0.6589145405692833 0.7878423010462792 0.6571300732962453 0.7847194833184628 0.6575761901145047 0.7811505487723867 0.6598067742058022 0.7780277310445702 0.6611451246605808 0.7775816142263106 0.6651601760249164 0.7775816142263106 0.6682829937527328 0.7789199646810891 0.6687291105709924 0.7838272496819437 0.6660524096614354 0.7887345346827983
0 0.716463610124759 0.752152955585519 0.7115563251239045 0.753045189222038 0.7088796242143476 0.7530451892220382 0.7066490401230501 0.7521529555855192 0.7057568064865309 0.7490301378577026 0.70664904012305 0.746799553766405 0.710217974669126 0.7450150864933671 0.714679142851721 0.7450150864933671 0.7173558437612779 0.745907320129886 0.7186941942160565 0.7485840210394431
0 0.7316315819455821 0.8489603051478308 0.7276165305812465 0.8458374874200143 0.7244937128534301 0.8418224360556789 0.7267242969447275 0.8378073846913434 0.729847114672544 0.8355768006000459 0.7352005164916581 0.8360229174183054 0.7360927501281771 0.8373612678730838 0.7374311005829556 0.8418224360556789 0.7365388669464366 0.8449452537834954
0 0.757506357404633 0.8195165951427037 0.7508146051307405 0.8186243615061848 0.7494762546759621 0.8119326092322923 0.7508146051307405 0.8070253242314377 0.757506357404633 0.8088097915044757 0.76018305831419 0.8092559083227352 0.7624136424054875 0.8146093101418492
0 0.7985491046845072 0.7766893805897915 0.7931957028653932 0.7811505487723867 0.7873961842280197 0.7815966655906462 0.7842733665002032 0.7815966655906461 0.7815966655906461 0.7802583151358676 0.7847194833184626 0.7762432637715322 0.7869500674097601 0.7749049133167537 0.7918573524106147 0.7735665628619751 0.7940879365019122 0.7717820955889371 0.7981029878662477 0.7713359787706777 0.8007796887758047 0.7731204460437157
0 0.7450150864933671 0.7717820955889372 0.7432306192203291 0.7691053946793802 0.7427845024020696 0.7668748105880827 0.7423383855838099 0.7655364601333041 0.7423383855838099 0.7606291751324497 0.7436767360385885 0.7570602405863736 0.7481379042211835 0.7570602405863736 0.7508146051307405 0.7597369414959306 0.7525990724037785 0.7633058760420066 0.7517068387672596 0.7713359787706776
0 0.7160174933064996 0.7084335073960879 0.7124485587604235 0.703080105576974 0.7097718578508665 0.699511171030898 0.710217974669126 0.6937116523935244 0.7151252596699805 0.690588834665708 0.7195864278525754 0.694157769211784 0.7227092455803921 0.6981728205761195 0.7227092455803921 0.703972339213493 0.719140311034316 0.7070951569413095
0 0.7726743292254562 0.8056869737766593 0.7650903433150446 0.8056869737766592 0.7650903433150447 0.7989952215027667 0.770889861952418 0.7989952215027667 0.7740126796802347 0.8012258055940642
0 0.8391457351461218 0.8159476605966278 0.8436069033287169 0.8137170765053303 0.8431607865104573 0.8088097915044759 0.8382535015096028 0.8074714410496973 0.8364690342365648 0.8083636746862163 0.8369151510548243 0.8132709596870707
0 0.8699277956060274 0.8382535015096026 0.8641282769686539 0.8355768006000459 0.8618976928773564 0.8293311651444129 0.865912744241692 0.8253161137800773 0.8717122628790653 0.8271005810531153 0.875727314243401 0.8297772819626723 0.873942846970363 0.8337923333270079
0 0.9319380333440981 0.8239777633252987 0.9270307483432435 0.8253161137800773 0.922123463342389 0.8235316465070392 0.9190006456145725 0.8221932960522609 0.917662295159794 0.8190704783244442 0.917662295159794 0.8163937774148873 0.916770061523275 0.8128248428688113 0.9185545287963129 0.8101481419592542 0.92123122970587 0.8070253242314378 0.9252462810702055 0.8061330905949187 0.93015356607106 0.8047947401401403 0.9332763837988765 0.8047947401401403 0.9363992015266931 0.8070253242314378 0.9386297856179906 0.8097020251409948 0.9408603697092881 0.8128248428688113 0.9413064865275476 0.8172860110514064 0.939968136072769 0.8213010624157419
0 0.928369098798022 0.8034563896853617 0.9212312297058701 0.7998874551392857 0.9203389960693511 0.7940879365019122 0.9225695801606485 0.7869500674097601 0.9288152156162814 0.7865039505915007 0.9328302669806171 0.7873961842280197 0.9355069678901742 0.7891806515010578 0.9395220192545095 0.7936418196836528 0.9399681360727691 0.7981029878662478 0.9386297856179906 0.8012258055940643 0.9350608510719146 0.8047947401401402
0 0.8721583796973249 0.8030102728671021 0.870373912424287 0.7963185205932097 0.870373912424287 0.7923034692288742 0.8730506133338439 0.7873961842280197 0.8766195478799198 0.7851656001367222 0.880188482425996 0.7856117169549817 0.880188482425996 0.7905190019558362 0.8775117815164389 0.8025641560488428
0 0.7682131610428611 0.7508146051307405 0.7659825769515637 0.7463534369481456 0.7650903433150447 0.7418922687655505 0.7646442264967851 0.7392155678559936 0.7641981096785256 0.7365388669464366 0.7633058760420066 0.7329699324003606 0.7699976283158991 0.7276165305812465 0.7717820955889372 0.729847114672544 0.7749049133167536 0.735200516491658 0.7757971469532727 0.741446151947291 0.7722282124071966 0.7476917874029241
0 0.8244238801435583 0.736984983764696 0.8208549455974823 0.734308282855139 0.8199627119609633 0.7302932314908036 0.8217471792340012 0.7267242969447275 0.8257622305983368 0.725385946489949 0.8279928146896343 0.7271704137629871 0.8284389315078937 0.728954881036025 0.8284389315078937 0.7347543996733985
0 0.8440530201469763 0.7253859464899489 0.8369151510548243 0.7222631287621325 0.8360229174183054 0.7160174933064996 0.8382535015096029 0.711110208305645 0.8418224360556789 0.70664904012305 0.8444991369652358 0.7035262223952334 0.8489603051478308 0.7044184560317525 0.8502986556026094 0.707541273759569 0.8520831228756474 0.7106640914873854 0.8520831228756474 0.716463610124759 0.8489603051478309 0.723601479216911
0 0.8681433283329895 0.6959422364848219 0.8645743937869135 0.6932655355752648 0.8636821601503945 0.689696601029189 0.8636821601503945 0.6856815496648534 0.8654666274234324 0.682558731937037 0.8685894451512489 0.6807742646639989 0.8708200292425464 0.6821126151187774 0.8734967301521035 0.6847893160283345 0.8734967301521035 0.6910349514839674 0.871266146060806 0.6937116523935245
0 0.9805647665343837 0.7343082828551389 0.9774419488065672 0.7276165305812465 0.9778880656248269 0.7231553623986515 0.9774419488065673 0.720032544670835 0.9801186497161244 0.7151252596699804 0.9823492338074218 0.713786909215202 0.9854720515352381 0.714679142851721 0.9881487524447953 0.7182480773977971 0.9881487524447953 0.721817011943873 0.9854720515352382 0.7285087642177656 0.9850259347169787 0.729847114672544
0 0.6865737833013723 0.8534214733304258 0.6838970823918155 0.8440530201469764 0.6879121337561509 0.8369151510548243 0.6910349514839675 0.8373612678730838 0.6937116523935245 0.8382535015096029 0.693265535575265 0.8467297210565333
0 0.9074016083398255 0.7936418196836527 0.9038326737937495 0.7900728851375767 0.9024943233389711 0.7833811328636842 0.9065093747033065 0.7802583151358676 0.911416659704161 0.7815966655906462 0.9145394774319776 0.7842733665002033 0.9145394774319776 0.7891806515010578
0 0.73341604921862 0.7927495860471336 0.7294009978542845 0.7963185205932097 0.72449371285343 0.7976568710479882 0.720924778307354 0.7963185205932097 0.720924778307354 0.7931957028653932 0.7240475960351705 0.7887345346827982 0.7271704137629871 0.7878423010462792 0.7302932314908035 0.7891806515010578
0 0.8391457351461218 0.8534214733304258 0.8306695155991914 0.8574365246947614 0.8266544642348558 0.8560981742399829 0.8257622305983368 0.8471758378747928 0.8306695155991914 0.8440530201469764 0.8369151510548244 0.8427146696921978 0.8395918519643815 0.8462836042382738
0 0.8552059406034638 0.7771354974080511 0.853421473330426 0.7717820955889372 0.8543137069669449 0.7677670442246016 0.8583287583312804 0.7668748105880827 0.8610054592408374 0.7686592778611206 0.8601132256043185 0.7735665628619752
0 0.8279928146896343 0.7088796242143474 0.8186243615061848 0.70664904012305 0.8150554269601088 0.6999572878491575 0.8190704783244442 0.6959422364848219 0.8248699969618178 0.6986189373943789 0.8302233987809318 0.7026339887587144
0 0.8944642206103 0.6441926855667197 0.890895286064224 0.6379470501110868 0.893571986973781 0.6334858819284918 0.8975870383381165 0.6330397651102323 0.900709856065933 0.6352703492015298 0.900709856065933 0.6406237510206438
0 0.6459771528397578 0.7155713764882399 0.6366086996563083 0.7178019605795375 0.6348242323832702 0.7142330260334615 0.6357164660197893 0.707541273759569 0.6419621014754222 0.7048645728500119 0.6446388023849793 0.7084335073960879
0 0.7481379042211835 0.6557917228414667 0.7525990724037785 0.6531150219319097 0.7557218901315952 0.6490999705675743 0.7557218901315951 0.6450849192032388 0.7521529555855191 0.6459771528397578 0.7463534369481455 0.6526689051136503
0 0.6294708305641563 0.6807742646639988 0.6259018960180802 0.673636395571847 0.6285785969276372 0.6682829937527328 0.6343781155650108 0.6691752273892518 0.6366086996563083 0.6772053301179228 0.6334858819284918 0.6825587319370369
0 0.7865039505915007 0.9158778278867561 0.7838272496819437 0.910524426067642 0.7865039505915008 0.9056171410667875 0.7896267683193172 0.904278790612009 0.7918573524106147 0.9091860756128636 0.7918573524106147 0.9127550101589397 0.7900728851375767 0.9145394774319776
0 0.898925388792895 0.5576460228243765 0.906063257885047 0.551846504187003 0.9145394774319775 0.5509542705504841 0.9172161783415345 0.5451547519131105 0.9163239447050155 0.540247466912256 0.9109705428859015 0.539355233275737 0.9078477251580851 0.5402474669122561 0.904278790612009 0.5415858173670345 0.9024943233389711 0.5438164014583321 0.899817622429414 0.5491698032774461 0.8993715056111545 0.5545232050965601
0 0.9109705428859014 0.6812203814822584 0.9091860756128636 0.6865737833013723 0.9047249074302686 0.6883582505744104 0.9020482065207114 0.6874660169378914 0.900709856065933 0.6838970823918153 0.9024943233389711 0.6816664983005178 0.9091860756128636 0.6798820310274799
0 0.38276823006665206 0.05933353682851366 0.37786094506579754 0.06334858819284918 0.37295366006494307 0.06111800410155166 0.3733997768832025 0.05576460228243765 0.37875317870231656 0.05353401819114016 0.3836604637031711 0.05576460228243767
0 0.42737991189260216 0.01962914000341804 0.4340716641664947 0.017398555912120542 0.4371944818943112 0.015614088639082539 0.43585613143953267 0.010260686819968523 0.42782602871086167 0.012045154093006535 0.4255954446195642 0.015614088639082549
0 0.754829656495076 0.1472185500256354 0.754829656495076 0.14008068093348341 0.7575063574046331 0.1360656295691479 0.7615214087689687 0.1387423304787049 0.7597369414959306 0.1449879659343379
0 0.9511210565292567 0.8806345992442554 0.9448754210736237 0.8824190665172935 0.9386297856179905 0.881972949699034 0.9332763837988766 0.8797423656077364 0.9297074492528006 0.8743889637886224 0.9297074492528006 0.8694816787877679 0.9337225006171361 0.8645743937869134 0.9413064865275477 0.8632360433321349 0.9502288228927377 0.8654666274234324 0.9506749397109971 0.8654666274234324 0.9537977574388137 0.8681433283329895 0.9546899910753327 0.873942846970363
0 0.716463610124759 0.14677243320737587 0.712002441942164 0.1463263163891164 0.7106640914873854 0.14320349866129994 0.711110208305645 0.13874233047870488 0.7160174933064996 0.13918844729696436 0.719140311034316 0.14097291457000238
0 0.8668598639196217 0.7625836664230563 0.8638360279604284 0.7529095983608409 0.8652411081439576 0.7451820412541595 0.8708612402133974 0.7353469750045558 0.8743737991737125 0.7339419689092742 0.8792914383175571 0.7367519810998373 0.8778864524663665 0.7444795382065188 0.8764813722828372 0.7529095983608409 0.8722663203969268 0.7592321493722407
0 0.9827393619785435 0.9711667629291156 0.9790491127132979 0.9650661554794425 0.977644126862107 0.9580411250030347 0.9853718320406717 0.9552310656472062 0.989586883926582 0.9559335922774796 0.9888843910009868 0.9629586227538875
0 0.633555807827659 0.9472183333302718 0.6305998867523082 0.9390734719688353 0.637625099005277 0.9348584536829907 0.6418401508911875 0.9383709453385618 0.6425427381491214 0.9439910168849535
0 0.985056951939722 0.03486041861302701 0.9776441268621072 0.036512314899772136 0.9699164216835431 0.035809811852131355 0.9664037683908893 0.03299978787025183 0.9664037683908893 0.025974745602527608 0.9713214075347336 0.02105720068640935 0.9804541928968271 0.02246221857300729 0.9888843910009869 0.02667724865016838
0 0.7687485555630678 0.3662757830615435 0.7605657946043722 0.36879725869575586 0.7535406766837418 0.36668972597020083 0.7500280233910881 0.36106970158907453 0.7514331035746173 0.35404467111266663 0.7577557285696525 0.34982960566155635 0.7647809408226214 0.34701959347099326 0.7696985799664661 0.34842459956627475 0.7725086460011856 0.35334214448239304
0 0.7942420451360306 0.7448154767206883 0.7879640563583143 0.7375221776474437 0.7837489101400653 0.7311996266360439 0.78304641721447 0.7241745961596359 0.7851539903235945 0.7206620573387992 0.7907741223930342 0.7234720695293625 0.7949892686112833 0.7276871349804727 0.7992043204971938 0.7340096859918726 0.8027169737898479 0.7396297103729988 0.8020143865319136 0.7466547408494066
0 0.9309798528455584 0.6721976579370973 0.9235501906121569 0.6693792169478581 0.9179299642103786 0.6679741636873111 0.9144174052500634 0.6630566659364583 0.9193350443939078 0.6546265821995033 0.9284677354236628 0.6546265821995033 0.9354929476766316 0.6616516598411768
0 0.8073750549160418 0.6590646481570861 0.8055270398245675 0.6511140433786666 0.8062295327501628 0.6454940189975404 0.8097420917104782 0.6433864862719852 0.8153623181122566 0.6483040311881035 0.8160648110378519 0.6546265821995033 0.8118496648196027 0.65813912102034
0 0.6930406168312389 0.3902242126603874 0.6846938230022583 0.38697211923885033 0.6825862498931338 0.37783955603688735 0.686098808853449 0.36940948409124874 0.6917190352552273 0.3680044779959672 0.6952315942155425 0.3722195080731283 0.697339167324667 0.3771370529892466 0.6938265140320132 0.3883771253341319 0.6917190352552273 0.39188966415496856
0 0.907803953233774 0.25425893493791907 0.900367075076464 0.2556262207861326 0.8961519288582147 0.24860116672709198 0.89685442178381 0.2415761126680514 0.8996644878185299 0.23244354946608842 0.9031771411111839 0.23174104641844764 0.9087972731806236 0.2366585795432495 0.9130123250665341 0.24227862750700857
0 0.2357028644920272 0.9217248437573091 0.22454411841488345 0.9207857732040432 0.2224365453057589 0.9130582160973619 0.2273541844496033 0.9081406711812436 0.23578442971993224 0.90743814455097 0.2407020216976074 0.9137606955623698
0 0.046433017662454855 0.8429267850772422 0.041186743655379596 0.8357826450305479 0.04048422714669962 0.8273525848762258 0.04540186629054406 0.8245425491030299 0.05172453845174846 0.8280550879238666 0.05383208797778835 0.8364851480781887 0.05242705496042841 0.8428076990895885
0 0.7339847061453912 0.7471330666818667 0.733870120108364 0.737431911786612 0.733870120108364 0.7282993485846491 0.7380852663266132 0.7205717914779678 0.743705398396053 0.7233818036685309 0.7444078913216484 0.737431911786612 0.7430029054704578 0.746564474988575
0 0.9889196018750194 0.794257395892495 0.9797516056388933 0.7943348473065779 0.9734289806438581 0.791524811533382 0.9762390466785782 0.785202260521982 0.9825616716736132 0.7837972544267005 0.9853718320406717 0.7837972544267005 0.9902893768521773 0.7837972544267005 0.9930995372192359 0.7852022605219819 0.9930995372192357 0.7901198054381002
0 0.8568169740878484 0.9271325536667254 0.846975631752109 0.9313233425012879 0.84276048553386 0.9313233425012879 0.8413554996826694 0.9264057975851696 0.84276048553386 0.9172732343832065 0.8490832048612337 0.9158682282879251 0.854000844005078 0.9172732343832066 0.8575134029653931 0.9207857732040433
0 0.299822853417964 0.2426709851320269 0.2940934650219624 0.23742878788217212 0.29268843200460243 0.23040373382313153 0.2940934650219624 0.22337870334672366 0.2997135970914021 0.22267617671645012 0.3053337763270112 0.22337870334672366 0.30814384236173104 0.23602378178689054 0.3074413022699664 0.24304883584593112
0 0.9904646618491383 0.14919485669782992 0.9867768178918623 0.13626804244767313 0.9923969499613019 0.12573047315042862 1 0.1264329761980694 1 0.13697054549531393 0.9952070159960219 0.14610313227990968
0 0.7115813365206664 0.07966715786247677 0.7015542192105776 0.07800526913679082 0.6966366743990717 0.0695752089824686 0.703661792319702 0.06465766406635037 0.7099845116470759 0.061847651875787196 0.7163071366421109 0.0632526579710688 0.7198197899347646 0.06957520898246863
0 0.6536415874912054 0.5462752700464022 0.649567856069752 0.5394157286469232 0.6516754291788764 0.5302831654449602 0.6558905753971256 0.5232581113859196 0.6643207735012852 0.5295806623973194 0.6657258536848144 0.5373082195040008 0.6601056272830361 0.5450357766106821
0 0.1854884153331611 0.7278198170053798 0.18028546045262206 0.7353469750045558 0.17536782130877762 0.7374544841474782 0.16974764207316856 0.7304294300884375 0.17185521518229313 0.7234043760293969 0.17958292036085743 0.7234043760293969
0 0.6161890184077383 0.2266082030069627 0.6225957249632956 0.21967284787385505 0.6204600844215962 0.21273749274074755 0.6161890184077383 0.2042016751712786 0.614053377866039 0.21753890691314412 0.615655000737543 0.22554121909495087
0 0.14478018507653626 0.8994498981922733 0.15063352113958253 0.8968696528277932 0.15437078455278605 0.8920682655187091 0.1538368744173612 0.8851329103856016 0.14582849122291455 0.8883338352583243
0 0.09194484822060313 0.9804640813713708 0.09831191400581128 0.9800939681517091 0.10418473730963636 0.9758260862302872 0.1020491774190148 0.9704911398069158 0.09243906381829359 0.9731586130186014 0.08816791715335787 0.9784935057153477
0 0.9461161273915224 0.6793026612925518 0.939728559741546 0.6759056155097592 0.9429319130193247 0.6679032496013275 0.9466691764325283 0.6615013998558821 0.9536097931235106 0.6577669695954971 0.9568131464012891 0.6593674320318585 0.9525419728526606 0.670037271151976
0 0.6969094552210378 0.0945916000868916 0.688798431060568 0.09740424485568833 0.6775866408209577 0.09793775024335048 0.6770528382203032 0.08993541119823112 0.6850612751821351 0.08300005606512362 0.6941374248800461 0.08300005606512356
0 0.7303718352297954 0.4952595712443847 0.7261710651926032 0.48246600735734496 0.7293744184703818 0.47232975421482737 0.7352472148905144 0.46859529709112985 0.7421878315814965 0.47766462004826094 0.7400522985745674 0.4856669590933802