0 0.9765959632440713 0.9999463589897102 0.9704149761349318 0.9951389245714906 0.9704149761349318 0.9889579374623509 0.9759091868986115 0.9868976084259709 0.9814033976622913 0.9868976084259709 0.9820901740077512 0.9923918191896506 0.9820901740077512 0.9965124772624103
0 0.96533203125 0.999755859375 0.96435546875 0.991455078125 0.954345703125 0.98291015625 0.945556640625 0.9853515625 0.9375 0.997802734375 0.937744140625 1
0 0.7286697025330237 0.9690414234440117 0.7259225971511839 0.964233989025792 0.7279829261875638 0.9601133309530322 0.7334771369512436 0.9608001072984922 0.7348506896421635 0.9662943180621719
0 0.7465258875149828 0.9903314901532706 0.7382845713694635 0.9903314901532707 0.7362242423330834 0.984150503044131 0.7430920057876831 0.9834637266986712 0.7465258875149829 0.986897608425971
0 0.365234375 0.999755859375 0.37060546875 0.997314453125 0.37255859375 0.988037109375 0.367919921875 0.9814453125 0.360595703125 0.98046875 0.357421875 0.983642578125 0.35595703125 0.993408203125 0.358154296875 0.998046875
0 0.23144362842000848 1 0.22526264131086882 0.9937653718805707 0.22732297034724872 0.9882711611168908 0.23419073380184838 0.9923918191896507 0.23762461552914826 0.9958257009169506 0.23693783918368827 1
0 0.32278488236618397 0.9978860299533302 0.3234716587116439 0.9841505030441311 0.32690554043894376 0.9717885288258516 0.3296526458207836 0.9676678707530919 0.3358336329299234 0.9697281997894718 0.3413278436936031 0.9738488578622316 0.33926751465722316 0.9814033976622912 0.3330865275480835 0.9903314901532708 0.3262187640934838 0.9944521482260307
0 0.3145435662206644 0.9992595826442501 0.31317001352974444 0.9923918191896506 0.31797744794796423 0.9896447138078108 0.32141132967526403 0.9896447138078108 0.3214113296752641 0.9958257009169506
0 0.07897927972789606 0.9868976084259707 0.07348506896421635 0.9820901740077511 0.06936441089145656 0.9779695159349915 0.07142473992783648 0.9745356342076915 0.07691895069151619 0.9752224105531516 0.08103960876427597 0.9779695159349915 0.08241316145519591 0.9827769503532112
0 0.14216270351021293 0.8550365500976573 0.1387288217829131 0.8516026683703577 0.14216270351021293 0.845421681261218 0.14834369061935265 0.8413010231884582 0.1552114540739523 0.8378671414611584 0.16070566483763205 0.8371803651156984 0.16276599387401194 0.843361352224838 0.15452467772849235 0.8502291156794377 0.14903046696481262 0.8529762210612775
0 0.57763671875 0.985107421875 0.58251953125 0.982666015625 0.58935546875 0.971923828125 0.58984375 0.965087890625 0.585205078125 0.95947265625 0.577880859375 0.962890625 0.56787109375 0.975341796875 0.568359375 0.981689453125
0 0.5130219300585944 0.9793430686259111 0.5082144956403748 0.9765959632440715 0.5047806139130749 0.9745356342076916 0.5047806139130749 0.9697281997894718 0.5068409429494548 0.965607541716712 0.5130219300585945 0.9683546470985519 0.5164558117858944 0.9738488578622316
0 0.5226367988950339 0.9443174750074529 0.5192029171677341 0.9408835932801533 0.5192029171677341 0.9360761588619335 0.5226367988950339 0.9353893825164734 0.5253839042768739 0.9374497115528534
0 0.47730956009467623 0.9731620815167714 0.4773095600946764 0.9669810944076319 0.4786831127855963 0.9601133309530323 0.482116994512896 0.9573662255711923 0.4862376525856559 0.9525587911529727 0.48761120527657575 0.9601133309530322 0.48761120527657575 0.9656075417167119 0.4855508762401959 0.9704149761349317 0.482803770858356 0.9711017524803917
0 0.4718153493309965 0.9518720148075125 0.46700791491277677 0.9511852384620527 0.46426080953093696 0.946377804043833 0.4697550202946167 0.9429439223165332 0.4731889020219165 0.946377804043833
0 0.47387567836737643 0.9086051050435346 0.4752492310582964 0.8976166835161754 0.4800566654765162 0.8934960254434154 0.48623765258565593 0.8928092490979557 0.4855508762401959 0.9010505652434753 0.482116994512896 0.907918328698075 0.4779963364401363 0.9113522104253747
0 0.2774576435658262 0.8914356964070356 0.2740237618385264 0.8859414856433561 0.2740237618385264 0.8770133931523764 0.28020474894766606 0.8728927350796167 0.2877592887477257 0.8722059587341566 0.28775928874772566 0.8790737221887562 0.28363863067496586 0.8859414856433558
0 0.8303126016610987 1 0.8777001694978364 0.9999463589897103 0.8715191823886966 0.9937653718805707 0.863964642588637 0.9910182664987307 0.8577836554794973 0.987584384771431 0.844734904915758 0.9882711611168908 0.8385539178066184 0.9903314901532707 0.8337464833883985 0.9951389245714904
0 0.80146799515178 0.9546191201893524 0.7994076661154004 0.9484381330802127 0.8007812188063204 0.9443174750074531 0.8035283241881602 0.9395100405892334 0.8103960876427598 0.9388232642437735 0.8145167457155196 0.9429439223165332 0.8110828639882197 0.9518720148075127 0.8076489822609199 0.9553058965348125
0 0.376953125 0.811767578125 0.385009765625 0.80859375 0.3916015625 0.802490234375 0.39453125 0.795166015625 0.392333984375 0.7890625 0.385009765625 0.78662109375 0.379150390625 0.787109375 0.3701171875 0.796630859375 0.3662109375 0.807861328125 0.369384765625 0.8115234375
0 0.4237410051487989 0.8777001694978361 0.43060876860339864 0.8735795114250765 0.4354162030216184 0.8742662877705365 0.4312955449488586 0.8818208275705962 0.4244277814942589 0.8880018146797359 0.41824679438511925 0.8893753673706557 0.4161864653487393 0.885941485643356
0 0.61669921875 0.999755859375 0.62158203125 0.990966796875 0.62353515625 0.982666015625 0.62255859375 0.979248046875 0.616455078125 0.9755859375 0.609619140625 0.97705078125 0.595947265625 0.98583984375 0.59228515625 0.989501953125 0.5888671875 0.998779296875
0 0.67138671875 0.978271484375 0.6796875 0.973876953125 0.6884765625 0.956298828125 0.69189453125 0.939697265625 0.6904296875 0.935302734375 0.687255859375 0.93359375 0.67822265625 0.932861328125 0.67724609375 0.942626953125 0.67041015625 0.955810546875 0.666015625 0.971923828125 0.66650390625 0.977294921875
0 0.6757879239326063 0.9889579374623507 0.6730408185507666 0.984150503044131 0.6757879239326064 0.9779695159349915 0.6867763454599659 0.9779695159349915 0.6957044379509455 0.9772827395895314 0.7060060831328451 0.9752224105531515 0.7108135175510647 0.9800298449713711 0.703945754096465 0.9820901740077511 0.6984515433327853 0.9889579374623507 0.6963912142964054 0.9965124772624105 0.6908970035327257 0.9944521482260307 0.6867763454599659 0.9910182664987308 0.6805953583508262 0.9903314901532709
0 0.6005859375 0.971923828125 0.608642578125 0.9697265625 0.61767578125 0.957275390625 0.615966796875 0.95556640625 0.601318359375 0.953125 0.597412109375 0.9541015625 0.5947265625 0.958251953125 0.59521484375 0.967529296875 0.597412109375 0.97119140625
0 0.6077970657320697 0.9360761588619333 0.6029896313138501 0.9305819480982537 0.5995557495865502 0.9209670792618142 0.60367640765931 0.9189067502254342 0.6098573947684498 0.9209670792618143 0.6139780528412095 0.9250877373345741 0.6153516055321294 0.9298951717527938
0 0.6119177238048294 0.9546191201893524 0.6064235130411498 0.9484381330802127 0.6091706184229897 0.9401968169346933 0.6160383818775894 0.9388232642437735 0.6222193689867291 0.9388232642437734 0.624966474368569 0.947751356734753 0.6215325926412691 0.9525587911529727 0.6160383818775894 0.9539323438438927
0 0.6748046875 0.914794921875 0.681640625 0.910400390625 0.681640625 0.906005859375 0.68408203125 0.902099609375 0.68310546875 0.898681640625 0.678955078125 0.89599609375 0.673583984375 0.8955078125 0.662353515625 0.89794921875 0.65869140625 0.903076171875 0.66357421875 0.911376953125
0 0.6194722636048893 0.8859414856433561 0.6126045001502896 0.8804472748796761 0.6112309474593697 0.8715191823886966 0.6174119345685093 0.866024971625017 0.6277135797504089 0.8673985243159368 0.6311474614777086 0.8715191823886966 0.6290871324413287 0.8777001694978364
0 0.6284003560958686 0.8989902362070952 0.6270268034049489 0.8914356964070357 0.6290871324413287 0.8838811566069761 0.6332077905140887 0.8811340512251362 0.6414491066596082 0.8818208275705961 0.6448829883869079 0.8880018146797358 0.644196212041448 0.8921224727524957 0.6380152249323083 0.8955563544797955
0 0.8131431930245995 0.899677012552555 0.8110828639882197 0.8921224727524957 0.8138299693700596 0.8900621437161158 0.8186374037882793 0.8921224727524956 0.8193241801337393 0.8983034598616353
0 0.7815514811334411 0.9147860921526744 0.7822382574789012 0.9072315523526149 0.7870456918971209 0.9031108942798551 0.7911663499698807 0.904484446970775 0.7884192445880408 0.9099786577344547
0 0.9717885288258515 0.9333290534800934 0.9724753051713116 0.9278348427164138 0.9759091868986116 0.9244009609891142 0.9807166213168315 0.9250877373345741 0.9800298449713714 0.9298951717527939
0 0.9333290534800935 0.9381364878983132 0.9367629352073935 0.9347026061710135 0.9415703696256131 0.9244009609891142 0.9443174750074531 0.9195935265708943 0.9518720148075127 0.9182199738799743 0.9594265546075723 0.9175331975345143 0.9635472126803322 0.9223406319527341 0.9601133309530324 0.9312687244437137 0.9525587911529727 0.9381364878983133 0.9436306986619932 0.9395100405892333
0 0.9264612900254938 0.9683546470985517 0.9250877373345741 0.9608001072984922 0.9298951717527938 0.9566794492257324 0.9340158298255535 0.9546191201893526 0.9360761588619336 0.9601133309530323 0.9353893825164736 0.966294318062172
0 0.9154728684981344 0.9717885288258515 0.9079183286980749 0.9704149761349319 0.9051712233162351 0.9649207653712522 0.907918328698075 0.9621736599894122 0.9134125394617547 0.9628604363348722 0.9202803029163542 0.9628604363348722 0.9202803029163542 0.9676678707530919
0 0.8687720770068567 0.9827769503532109 0.8660249716250169 0.9779695159349915 0.8660249716250169 0.9738488578622315 0.8708324060432369 0.9724753051713115 0.8728927350796166 0.9765959632440715
0 0.8777001694978362 0.9587397782621121 0.8715191823886966 0.9553058965348125 0.8701456296977769 0.9532455674984326 0.8715191823886967 0.9491249094256728 0.8783869458432965 0.945004251352913 0.8831943802615162 0.9470645803892929 0.8838811566069761 0.9518720148075126
0 0.862591089897717 0.9697281997894716 0.8591572081704174 0.9662943180621719 0.8619043135522573 0.9608001072984923 0.8660249716250169 0.9594265546075723 0.8680853006613969 0.965607541716712
0 0.841987799533918 0.9793430686259111 0.8364935887702384 0.9731620815167716 0.8406142468429982 0.966294318062172 0.8454216812612181 0.9635472126803322 0.8488555629885178 0.965607541716712 0.8536629974067377 0.965607541716712 0.8557233264431175 0.9697281997894718 0.8557233264431175 0.9765959632440715 0.8495423393339779 0.9807166213168312
0 0.844048128570298 0.9511852384620525 0.846795233952138 0.9388232642437733 0.8516026683703578 0.9326422771346337 0.8577836554794974 0.9285216190618738 0.864651418934097 0.9312687244437137 0.8653381952795571 0.9360761588619335 0.8584704318249573 0.9422571459710731 0.8536629974067376 0.9484381330802129 0.8433613522248381 0.9525587911529727
0 0.8728927350796165 0.9292083954073336 0.8708324060432369 0.9230274082981942 0.8701456296977768 0.9140993158072146 0.8742662877705366 0.9140993158072146 0.8797604985342163 0.9175331975345143 0.8797604985342162 0.9237141846436541
0 0.9003637888980152 0.923027408298194 0.8996770125525553 0.9175331975345143 0.9017373415889353 0.9134125394617545 0.905171223316235 0.906544776007155 0.9099786577344549 0.9044844469707751 0.907918328698075 0.9140993158072146 0.9058579996616951 0.9209670792618142
0 0.7897927972789607 0.8529762210612775 0.7870456918971209 0.844048128570298 0.7904795736244207 0.8358068124247784 0.7959737843881005 0.8296258253156388 0.7987208897699404 0.8351200360793185 0.7973473370790205 0.8426745758793781 0.7973473370790205 0.8509158920248977
0 0.8708324060432366 0.8557233264431172 0.8687720770068568 0.8454216812612181 0.8722059587341567 0.8419877995339181 0.8756398404614565 0.8461084576066779 0.8763266168069165 0.8509158920248976
0 0.8378671414611583 0.8928092490979554 0.8378671414611584 0.8831943802615161 0.8392406941520782 0.8742662877705365 0.8433613522248382 0.8680853006613969 0.8488555629885178 0.8777001694978364 0.8495423393339778 0.885254709297896 0.846108457606678 0.8900621437161158
0 0.89990234375 0.851318359375 0.91455078125 0.840576171875 0.9189453125 0.831787109375 0.9189453125 0.818603515625 0.913330078125 0.80908203125 0.909912109375 0.80859375 0.90576171875 0.811767578125 0.89208984375 0.839599609375 0.892578125 0.850341796875
0 0.9903314901532707 0.8454216812612179 0.9903314901532709 0.8378671414611585 0.9923918191896509 0.8316861543520186 0.9992595826442504 0.8337464833883985 0.9992595826442505 0.8413010231884581
0 0.7588878617332622 0.9326422771346334 0.7499597692422827 0.9298951717527938 0.7458391111695231 0.9244009609891141 0.7451523348240631 0.9175331975345143 0.7499597692422827 0.9147860921526745 0.7609481907696423 0.9147860921526746 0.7691895069151617 0.9195935265708943 0.7685027305697018 0.926461290025494
0 0.7279829261875637 0.8948695781343353 0.7197416100420444 0.8983034598616353 0.7121870702419847 0.8996770125525553 0.705319306787385 0.8955563544797955 0.7046325304419249 0.8886885910251958 0.7094399648601446 0.8825076039160562 0.7163077283147443 0.8811340512251362 0.7238622681148039 0.8859414856433561
0 0.7327903606057835 0.9113522104253745 0.7293564788784836 0.9037976706253152 0.7272961498421039 0.8948695781343354 0.7293564788784839 0.8907489200615757 0.7375977950240034 0.8934960254434156 0.7430920057876831 0.8983034598616353 0.7506465455877428 0.9010505652434753 0.7513333219332027 0.9058579996616949 0.7451523348240631 0.9072315523526149 0.7382845713694635 0.9079183286980749
0 0.8522894447158176 0.8364935887702383 0.8488555629885179 0.8330597070429385 0.8495423393339779 0.8261919435883389 0.8564101027885774 0.824131614551959 0.8591572081704172 0.8303126016610987
0 0.04395368610943781 0.9175331975345142 0.0363991463093782 0.9147860921526746 0.03502559361845825 0.9099786577344549 0.039833028036678014 0.9058579996616951 0.046014015145817724 0.907918328698075 0.047387567836737664 0.9140993158072146
0 0.04051980438213798 0.8701456296977765 0.04258013341851789 0.8625910898977172 0.04601401514581773 0.8550365500976576 0.05150822590949744 0.8550365500976576 0.05219500225495741 0.863277866243177 0.04807434418219762 0.8708324060432369
0 0.01991651401833901 0.8481687866430576 0.011675197872819433 0.844048128570298 0.011675197872819426 0.8364935887702385 0.02129006670925895 0.8316861543520186 0.024723948436558767 0.8385539178066184
0 0.1181640625 0.824462890625 0.125 0.819091796875 0.12548828125 0.815185546875 0.123779296875 0.81298828125 0.114013671875 0.81298828125 0.1103515625 0.815673828125 0.11279296875 0.821533203125
0 0.12224618949187392 0.8090225349518396 0.11125776796451448 0.8103960876427596 0.10370322816445485 0.8083357586063799 0.10507678085537478 0.8028415478427 0.10507678085537478 0.7952870080426405 0.11125776796451448 0.7925399026608007 0.12018586045549404 0.7946002316971805 0.12636684756463373 0.8000944424608603 0.1291139529464736 0.80421510053362
0 0.22045520689264902 0.8103960876427596 0.2170213251653492 0.80352832418816 0.22045520689264902 0.7911663499698806 0.22869652303816862 0.7877324682425808 0.23487751014730834 0.784985362860741 0.24037172091098802 0.7897927972789607 0.2383113918746082 0.7987208897699403 0.2348775101473084 0.80421510053362 0.22869652303816868 0.8069622059154599
0 0.20849609375 0.795166015625 0.21240234375 0.790771484375 0.21630859375 0.778076171875 0.2158203125 0.774658203125 0.212158203125 0.77197265625 0.20361328125 0.776611328125 0.197265625 0.788330078125 0.197265625 0.792236328125 0.199462890625 0.79443359375
0 0.3234716587116439 0.7836118101698208 0.3214113296752641 0.7774308230606812 0.3234716587116439 0.7712498359515417 0.3296526458207836 0.7705630596060816 0.32896586947532364 0.7815514811334411
0 0.51904296875 0.758544921875 0.533447265625 0.75634765625 0.55029296875 0.741943359375 0.5546875 0.727783203125 0.552978515625 0.716796875 0.541259765625 0.71240234375 0.525634765625 0.7197265625 0.515625 0.727294921875 0.50830078125 0.740966796875 0.5078125 0.746337890625 0.5107421875 0.754638671875 0.514404296875 0.7578125
0 0.68798828125 0.833251953125 0.69091796875 0.829345703125 0.68896484375 0.816162109375 0.678955078125 0.81591796875 0.67529296875 0.823486328125 0.6767578125 0.827880859375
0 0.736328125 0.820068359375 0.745361328125 0.81640625 0.74755859375 0.812255859375 0.7451171875 0.800048828125 0.741455078125 0.79638671875 0.7333984375 0.801025390625 0.7275390625 0.813232421875 0.7275390625 0.817626953125 0.729736328125 0.8203125
0 0.9621736599894121 0.7788043757516011 0.9628604363348723 0.7733101649879216 0.966294318062172 0.7664424015333219 0.9704149761349318 0.7485862165513628 0.9704149761349317 0.7396581240603832 0.9752224105531516 0.7382845713694632 0.9820901740077511 0.7403449004058431 0.9841505030441311 0.7465258875149828 0.9800298449713714 0.7609481907696422 0.9765959632440715 0.7698762832606216 0.9704149761349319 0.7760572703697614
0 1 0.7884192445880407 0.9944521482260306 0.7856721392062009 0.9896447138078108 0.7815514811334411 0.9910182664987308 0.7774308230606815 0.9944521482260307 0.7753704940243014 1 0.7746837176788416
0 0.95751953125 0.822998046875 0.969970703125 0.822265625 0.9775390625 0.819580078125 0.9775390625 0.810791015625 0.9736328125 0.800537109375 0.964111328125 0.80029296875 0.9580078125 0.791259765625 0.952880859375 0.7880859375 0.941650390625 0.78662109375 0.931396484375 0.78955078125 0.927734375 0.796630859375 0.931640625 0.803466796875 0.9453125 0.815185546875 0.949951171875 0.822265625
0 0.8145167457155194 0.8097093112972997 0.8117696403336796 0.80352832418816 0.8165770747518994 0.7973473370790203 0.824818390897419 0.7952870080426404 0.8289390489701788 0.7980341134244804 0.8213845091701193 0.8076489822609199
0 0.853515625 0.792236328125 0.868408203125 0.78955078125 0.86962890625 0.783447265625 0.867431640625 0.7802734375 0.854736328125 0.77294921875 0.843505859375 0.7705078125 0.837890625 0.777099609375 0.837890625 0.784912109375 0.846923828125 0.7919921875
0 0.8783869458432962 0.8083357586063797 0.8749530641159966 0.8000944424608603 0.8777001694978365 0.7911663499698807 0.8886885910251958 0.7863589155516608 0.8969299071707155 0.7877324682425808 0.8914356964070357 0.7946002316971805 0.885254709297896 0.80421510053362
0 0.8962431308252555 0.7753704940243014 0.8914356964070358 0.7739969413333816 0.8831943802615162 0.7746837176788415 0.8783869458432964 0.7719366122970017 0.8811340512251363 0.7678159542242418 0.8859414856433561 0.765068848842402 0.8962431308252555 0.7678159542242419
0 0.9195935265708942 0.7575143090423423 0.9189067502254343 0.7520200982786626 0.9202803029163542 0.745839111169523 0.9264612900254939 0.744465558478603 0.9298951717527938 0.7499597692422827 0.927148066370954 0.7540804273150425
0 0.5137087064040544 0.8564101027885773 0.5102748246767547 0.8488555629885177 0.5075277192949148 0.8419877995339182 0.5061541666039948 0.8364935887702384 0.5109616010222147 0.8323729306974786 0.5205764698586541 0.8323729306974786 0.524010351585954 0.8378671414611584 0.5295045623496337 0.8433613522248381 0.5253839042768739 0.8509158920248977
0 0.5246971279314139 0.8344332597338584 0.5219500225495741 0.8282522726247189 0.524697127931414 0.823444838206499 0.5295045623496336 0.824818390897419 0.5308781150405536 0.8275654962792589
0 0.525390625 0.824462890625 0.5302734375 0.822509765625 0.533203125 0.810302734375 0.527587890625 0.80322265625 0.521240234375 0.80224609375 0.51416015625 0.806884765625 0.51416015625 0.817138671875 0.518310546875 0.82373046875
0 0.5762053538409113 0.8316861543520186 0.5734582484590716 0.8220712855155792 0.5762053538409113 0.8165770747518994 0.5796392355682112 0.8090225349518398 0.5858202226773508 0.8131431930245996 0.5871937753682709 0.8179506274428193 0.5865069990228109 0.8275654962792589
0 0.4560546875 0.834716796875 0.462890625 0.830810546875 0.46435546875 0.823486328125 0.459716796875 0.81884765625 0.450927734375 0.818359375 0.447265625 0.821044921875 0.4462890625 0.831298828125 0.450927734375 0.8349609375
0 0.63720703125 0.817138671875 0.64013671875 0.815673828125 0.64111328125 0.811279296875 0.636962890625 0.8046875 0.628662109375 0.80078125 0.61962890625 0.803955078125 0.619873046875 0.80908203125 0.634521484375 0.8173828125
0 0.66796875 0.755615234375 0.67578125 0.751708984375 0.67724609375 0.744873046875 0.674560546875 0.73828125 0.667236328125 0.74072265625 0.6611328125 0.748779296875 0.66357421875 0.753662109375
0 0.7726233886424615 0.7355374659876234 0.765755625187862 0.7355374659876234 0.7650688488424021 0.7307300315694036 0.7691895069151619 0.7279829261875639 0.7739969413333815 0.7300432552239435
0 0.8461084576066779 0.745152334824063 0.8399274704975382 0.7403449004058433 0.8406142468429982 0.7355374659876234 0.847482010297598 0.7321035842603236 0.8509158920248977 0.7375977950240034
0 0.59716796875 0.808837890625 0.601318359375 0.80810546875 0.60546875 0.803466796875 0.607177734375 0.7919921875 0.599365234375 0.79052734375 0.59326171875 0.794677734375 0.591796875 0.803955078125 0.593994140625 0.80810546875
0 0.6544978572233474 0.8673985243159368 0.6531243045324276 0.8584704318249574 0.6593052916415673 0.8522894447158176 0.6661730550961669 0.8522894447158176 0.6661730550961669 0.8584704318249573 0.6627391733688671 0.864651418934097
0 0.42919921875 0.777587890625 0.433837890625 0.7763671875 0.4365234375 0.772216796875 0.434326171875 0.767578125 0.427490234375 0.76513671875 0.42333984375 0.768310546875 0.4228515625 0.773681640625
0 0.4404296875 0.808349609375 0.45947265625 0.792724609375 0.458984375 0.784912109375 0.454833984375 0.77783203125 0.451416015625 0.77685546875 0.435302734375 0.78271484375 0.426025390625 0.78759765625 0.42236328125 0.792236328125 0.421875 0.796142578125 0.424560546875 0.80126953125 0.435302734375 0.80859375
0 0.4951171875 0.791748046875 0.505859375 0.784423828125 0.5078125 0.776123046875 0.486083984375 0.76708984375 0.48193359375 0.772705078125 0.48291015625 0.783935546875 0.489990234375 0.791015625
0 0.57275390625 0.743896484375 0.57763671875 0.738037109375 0.5771484375 0.734130859375 0.572509765625 0.72802734375 0.565185546875 0.72705078125 0.5615234375 0.732177734375 0.5625 0.741455078125 0.566650390625 0.744140625
0 0.59814453125 0.769287109375 0.604248046875 0.767578125 0.60791015625 0.761474609375 0.604248046875 0.75 0.599853515625 0.75048828125 0.591796875 0.757568359375 0.5908203125 0.760498046875 0.591796875 0.767333984375
0 0.62158203125 0.789306640625 0.62744140625 0.785888671875 0.62939453125 0.781005859375 0.62890625 0.777587890625 0.623779296875 0.77197265625 0.615966796875 0.7734375 0.61279296875 0.779541015625 0.6142578125 0.785888671875 0.618896484375 0.78955078125
0 0.6279296875 0.780517578125 0.643798828125 0.77294921875 0.6474609375 0.768798828125 0.6474609375 0.764892578125 0.636474609375 0.75634765625 0.630615234375 0.75732421875 0.62451171875 0.764892578125 0.6240234375 0.772705078125
0 0.8715191823886965 0.7588878617332622 0.8660249716250169 0.7513333219332027 0.863277866243177 0.7410316767513032 0.8687720770068568 0.7327903606057835 0.8770133931523764 0.7307300315694036 0.8811340512251362 0.7417184530967631 0.8777001694978364 0.7533936509695824
0 0.8804472748796761 0.7362242423330834 0.8770133931523764 0.7327903606057835 0.8777001694978364 0.7266093734966439 0.8825076039160562 0.721801939078424 0.885941485643356 0.7211151627329642 0.8907489200615757 0.7266093734966439 0.8873150383342759 0.7334771369512436
0 0.8969299071707153 0.721801939078424 0.8880018146797358 0.7238622681148039 0.8811340512251363 0.7204283863875043 0.8797604985342163 0.7142473992783644 0.8804472748796763 0.7115002938965246 0.887315038334276 0.7101267412056047 0.8928092490979558 0.7080664121692247 0.8996770125525554 0.7039457540964651 0.905171223316235 0.7073796358237648 0.905857999661695 0.7149341756238246
0 0.94775390625 0.714599609375 0.95556640625 0.709716796875 0.96044921875 0.696533203125 0.96044921875 0.686279296875 0.953369140625 0.6796875 0.937255859375 0.6845703125 0.92919921875 0.697021484375 0.930908203125 0.70361328125 0.936279296875 0.70654296875 0.942138671875 0.7138671875
0 0.3466796875 0.754150390625 0.349853515625 0.75341796875 0.3525390625 0.749755859375 0.3525390625 0.745361328125 0.349365234375 0.74169921875 0.343017578125 0.7431640625 0.3388671875 0.749267578125 0.339599609375 0.75341796875
0 0.37744140625 0.767333984375 0.383544921875 0.7646484375 0.39013671875 0.754638671875 0.392578125 0.744384765625 0.387939453125 0.740234375 0.383544921875 0.73974609375 0.376708984375 0.74267578125 0.37109375 0.749755859375 0.36962890625 0.762451171875 0.372802734375 0.7666015625
0 0.3779296875 0.723388671875 0.388671875 0.720458984375 0.390625 0.709228515625 0.388427734375 0.70556640625 0.381103515625 0.70703125 0.3759765625 0.713623046875 0.3740234375 0.721923828125
0 0.330078125 0.735107421875 0.340576171875 0.73193359375 0.35107421875 0.725830078125 0.3525390625 0.720458984375 0.347412109375 0.7138671875 0.334228515625 0.7109375 0.3212890625 0.720947265625 0.31982421875 0.726806640625 0.32177734375 0.732666015625 0.324951171875 0.7353515625
0 0.35302734375 0.681884765625 0.358642578125 0.6796875 0.3671875 0.669189453125 0.3671875 0.662841796875 0.360595703125 0.658203125 0.351806640625 0.65869140625 0.34619140625 0.666748046875 0.3466796875 0.678955078125 0.349365234375 0.68212890625
0 0.373046875 0.569091796875 0.377685546875 0.5673828125 0.38525390625 0.559814453125 0.38818359375 0.553955078125 0.38671875 0.545654296875 0.380615234375 0.54150390625 0.375732421875 0.54150390625 0.364501953125 0.5458984375 0.359375 0.555908203125 0.35888671875 0.560791015625 0.363037109375 0.5673828125
0 0.443359375 0.726806640625 0.458251953125 0.7216796875 0.4619140625 0.718017578125 0.4619140625 0.713134765625 0.458740234375 0.7060546875 0.442138671875 0.70849609375 0.4375 0.711181640625 0.43408203125 0.721923828125 0.437255859375 0.72607421875
0 0.47265625 0.719970703125 0.48193359375 0.714111328125 0.4814453125 0.708740234375 0.474853515625 0.7041015625 0.471435546875 0.70556640625 0.466796875 0.712158203125 0.46728515625 0.717529296875
0 0.4990234375 0.693603515625 0.505859375 0.682373046875 0.50634765625 0.678466796875 0.502685546875 0.67578125 0.495361328125 0.67724609375 0.49072265625 0.683349609375 0.4912109375 0.690673828125 0.494384765625 0.693359375
0 0.56689453125 0.715576171875 0.576416015625 0.7109375 0.58056640625 0.702880859375 0.57861328125 0.689697265625 0.575927734375 0.68505859375 0.571044921875 0.6826171875 0.563232421875 0.68359375 0.556640625 0.694091796875 0.55908203125 0.710693359375 0.562744140625 0.71533203125
0 0.5546875 0.671142578125 0.564697265625 0.66943359375 0.57080078125 0.664306640625 0.57177734375 0.658447265625 0.569580078125 0.65478515625 0.564208984375 0.65234375 0.558349609375 0.65234375 0.54931640625 0.655029296875 0.54638671875 0.667236328125 0.549560546875 0.6708984375
0 0.630859375 0.662353515625 0.64697265625 0.651123046875 0.643310546875 0.650390625 0.639892578125 0.6455078125 0.637451171875 0.64501953125 0.631103515625 0.64501953125 0.627197265625 0.6474609375 0.62353515625 0.651611328125 0.62255859375 0.659423828125 0.624755859375 0.66259765625
0 0.5185546875 0.647216796875 0.53173828125 0.637451171875 0.533203125 0.631591796875 0.531005859375 0.62841796875 0.524169921875 0.62744140625 0.518310546875 0.62890625 0.5107421875 0.635498046875 0.51025390625 0.644775390625 0.512939453125 0.64697265625
0 0.44189453125 0.663330078125 0.4453125 0.659912109375 0.44580078125 0.655029296875 0.443603515625 0.64990234375 0.439697265625 0.6494140625 0.435546875 0.653564453125 0.43408203125 0.658935546875 0.435791015625 0.66259765625
0 0.4278616632215587 0.6929573325691055 0.42442778149425886 0.6867763454599658 0.42854843956701866 0.6826556873872061 0.4354162030216184 0.6833424637326659 0.4367897557125383 0.6888366744963457 0.4326690976397785 0.6929573325691055
0 0.75048828125 0.662841796875 0.7568359375 0.658935546875 0.759765625 0.651123046875 0.757080078125 0.6416015625 0.753173828125 0.64111328125 0.749755859375 0.64306640625 0.74755859375 0.647705078125 0.74609375 0.659423828125
0 0.76904296875 0.651611328125 0.774169921875 0.65087890625 0.77783203125 0.647216796875 0.77783203125 0.642822265625 0.773681640625 0.63818359375 0.765625 0.639892578125 0.76513671875 0.649658203125
0 0.80908203125 0.659912109375 0.814697265625 0.65771484375 0.8193359375 0.651611328125 0.8193359375 0.647216796875 0.816162109375 0.64453125 0.807861328125 0.64599609375 0.80419921875 0.650634765625 0.8046875 0.658935546875
0 0.8866282619888158 0.6304606851322486 0.8777001694978364 0.6270268034049489 0.8756398404614565 0.6208458162958091 0.8783869458432965 0.6167251582230494 0.8852547092978961 0.6153516055321294 0.8914356964070357 0.6194722636048893 0.8921224727524958 0.624966474368569
0 0.9353893825164734 0.6696069368234666 0.9333290534800938 0.664112726059787 0.9340158298255536 0.6586185152961073 0.9401968169346933 0.6606788443324871 0.9408835932801533 0.665486278750707
0 0.9484381330802127 0.644196212041448 0.945004251352913 0.6407623303141481 0.9429439223165332 0.6366416722413883 0.9456910276983731 0.6311474614777086 0.9498116857711327 0.6311474614777086 0.9504984621165927 0.6380152249323083
0 0.9587397782621122 0.6297739087867886 0.9559926728802725 0.622906145332189 0.9587397782621124 0.6160383818775894 0.963547212680332 0.6146648291866694 0.9711017524803919 0.6167251582230493 0.9711017524803918 0.622906145332189 0.965607541716712 0.6270268034049489
0 0.9566794492257323 0.6174119345685092 0.9518720148075128 0.6132912764957494 0.9511852384620528 0.6091706184229897 0.9518720148075128 0.6029896313138501 0.9546191201893527 0.6002425259320101 0.9587397782621124 0.6029896313138501 0.9608001072984922 0.6071102893866098 0.9621736599894122 0.6105441711139097 0.9614868836439522 0.6160383818775894
0 0.73583984375 0.614990234375 0.74169921875 0.611572265625 0.7421875 0.604736328125 0.738037109375 0.59912109375 0.733154296875 0.59814453125 0.72705078125 0.602294921875 0.72607421875 0.608642578125 0.729736328125 0.61376953125
0 0.743778782133143 0.581012788259131 0.7382845713694633 0.5768921301863713 0.7396581240603833 0.5713979194226916 0.7444655584786031 0.5652169323135519 0.7485862165513628 0.5707111430772316 0.7485862165513628 0.5755185774954514
0 0.81201171875 0.603271484375 0.816162109375 0.60107421875 0.8193359375 0.595947265625 0.81884765625 0.578857421875 0.816650390625 0.576171875 0.807861328125 0.57470703125 0.794677734375 0.580078125 0.7900390625 0.584228515625 0.7890625 0.592529296875 0.794677734375 0.60009765625
0 0.80859375 0.552978515625 0.8134765625 0.550048828125 0.8134765625 0.545166015625 0.810302734375 0.5419921875 0.803955078125 0.54150390625 0.80078125 0.544189453125 0.7998046875 0.549072265625 0.802978515625 0.552734375
0 0.828125 0.566650390625 0.8349609375 0.561279296875 0.83935546875 0.549560546875 0.837890625 0.541748046875 0.829833984375 0.53662109375 0.823974609375 0.53857421875 0.81787109375 0.545166015625 0.8154296875 0.556884765625 0.8154296875 0.561279296875 0.817626953125 0.5634765625 0.822998046875 0.56640625
0 0.8837890625 0.584228515625 0.891845703125 0.5830078125 0.8984375 0.576904296875 0.89599609375 0.562744140625 0.890380859375 0.5537109375 0.8828125 0.557861328125 0.8720703125 0.572509765625 0.87451171875 0.582275390625 0.878173828125 0.58447265625
0 0.8983034598616352 0.5707111430772316 0.8948695781343355 0.564530155968092 0.8955563544797955 0.5576623925134923 0.8989902362070953 0.5535417344407325 0.9058579996616951 0.5535417344407325 0.9092918813889947 0.5562888398225724 0.9072315523526149 0.5617830505862521
0 0.9267578125 0.586181640625 0.93359375 0.581298828125 0.93896484375 0.572021484375 0.93994140625 0.567626953125 0.937255859375 0.5634765625 0.929931640625 0.5634765625 0.919921875 0.570556640625 0.91943359375 0.577392578125 0.9169921875 0.580810546875
0 0.9566794492257323 0.5528549580952724 0.9518720148075127 0.5507946290588926 0.9518720148075128 0.5446136419497529 0.9559926728802725 0.5411797602224531 0.9587397782621124 0.5363723258042333 0.9628604363348722 0.542553312913373 0.9635472126803322 0.5494210763679728 0.9614868836439523 0.5535417344407325
0 0.9635472126803319 0.5837598936409709 0.9580530019166523 0.582386340950051 0.9573662255711926 0.5755185774954513 0.9621736599894123 0.5727714721136116 0.968354647098552 0.5741450248045314 0.9704149761349318 0.5789524592227513
0 0.294921875 0.668701171875 0.30615234375 0.658935546875 0.30810546875 0.651123046875 0.305419921875 0.64794921875 0.296142578125 0.64990234375 0.2900390625 0.654541015625 0.2880859375 0.663330078125
0 0.2657824456930068 0.6352681195504684 0.26303534031116693 0.6297739087867887 0.2650956693475468 0.6215325926412691 0.2726502091476065 0.624966474368569 0.2753973145294463 0.6325210141686286 0.27265020914760646 0.6373284485868483
0 0.20654296875 0.656005859375 0.214111328125 0.65234375 0.21826171875 0.647705078125 0.2197265625 0.638916015625 0.217041015625 0.63623046875 0.205322265625 0.63623046875 0.19921875 0.642333984375 0.19775390625 0.648193359375 0.19970703125 0.654052734375 0.202880859375 0.65625
0 0.18115234375 0.637451171875 0.1923828125 0.626708984375 0.193359375 0.623779296875 0.188720703125 0.6171875 0.184326171875 0.61767578125 0.17578125 0.629150390625 0.17578125 0.635986328125
0 0.04736328125 0.519775390625 0.055419921875 0.51513671875 0.0615234375 0.508544921875 0.070068359375 0.482421875 0.065185546875 0.482421875 0.058837890625 0.486328125 0.0458984375 0.504150390625 0.04248046875 0.517822265625
0 0.33056640625 0.569091796875 0.33544921875 0.565673828125 0.33544921875 0.559814453125 0.333984375 0.552001953125 0.328369140625 0.5478515625 0.32275390625 0.552001953125 0.31884765625 0.561279296875 0.322509765625 0.56787109375
0 0.33652040927538324 0.5288177860041736 0.32896586947532364 0.5308781150405536 0.3241584350571039 0.5253839042768738 0.3317129748571635 0.5157690354404344 0.3399542910026832 0.5157690354404344 0.34270139638452296 0.5212632462041141
0 0.4765625 0.599365234375 0.4794921875 0.597900390625 0.48046875 0.590087890625 0.478271484375 0.58544921875 0.474365234375 0.5849609375 0.4697265625 0.588623046875 0.4697265625 0.593017578125 0.472900390625 0.5986328125
0 0.5380859375 0.551513671875 0.54150390625 0.549560546875 0.54150390625 0.544677734375 0.539794921875 0.54296875 0.531494140625 0.5419921875 0.52783203125 0.544189453125 0.528564453125 0.5498046875
0 0.5899408807501105 0.5356855494587733 0.5871937753682709 0.5267574569677939 0.5878805517137307 0.5212632462041141 0.5892541044046506 0.5157690354404344 0.5933747624774106 0.5095880483312947 0.6002425259320102 0.5075277192949148 0.6064235130411498 0.5109616010222147 0.6023028549683901 0.5212632462041141 0.5988689732410902 0.5295045623496337 0.5954350915137904 0.5363723258042333
0 0.5988689732410901 0.5487343000225127 0.5974954205501704 0.542553312913373 0.6036764076593101 0.5384326548406133 0.60573673669569 0.542553312913373
0 0.6393887776232281 0.5507946290588925 0.6297739087867887 0.5562888398225724 0.622906145332189 0.5535417344407325 0.622906145332189 0.5487343000225127 0.6290871324413287 0.542553312913373 0.6359548958959284 0.5404929838769932
0 0.6229061453321889 0.5638433796226319 0.6180987109139693 0.5590359452044122 0.6201590399503492 0.5542285107861925 0.6270268034049489 0.5576623925134923
0 0.27197265625 0.485595703125 0.275390625 0.483642578125 0.2802734375 0.475341796875 0.27734375 0.454833984375 0.274658203125 0.4501953125 0.26953125 0.451904296875 0.26318359375 0.470947265625 0.265625 0.481201171875 0.269287109375 0.4853515625
0 0.31494140625 0.443603515625 0.31884765625 0.436767578125 0.315673828125 0.43017578125 0.305908203125 0.42626953125 0.298095703125 0.42626953125 0.29541015625 0.427978515625 0.29443359375 0.432861328125 0.297119140625 0.4365234375 0.306884765625 0.44287109375
0 0.34888238349366263 0.42374100514879887 0.343388172729983 0.41756001803965925 0.343388172729983 0.4120658072759795 0.344074949075443 0.40382449113046 0.3420146200390629 0.39970383305770013 0.35025593618458256 0.4003906094031601 0.35643692329372234 0.40588482016683985 0.35849725233010216 0.4134393599668995 0.35506337060280235 0.41893357073057924
0 0.396484375 0.426513671875 0.4052734375 0.419677734375 0.40576171875 0.415283203125 0.400634765625 0.4091796875 0.393310546875 0.408203125 0.3896484375 0.411865234375 0.38916015625 0.419189453125 0.3916015625 0.425537109375
0 0.4663211385673168 0.4120658072759795 0.462887256840017 0.40863192554867966 0.46220048049455703 0.40176416209408 0.4670079149127768 0.3990170567122402 0.47250212567645655 0.40176416209408006 0.4731889020219165 0.4072583728577598
0 0.4786831127855962 0.4058848201668398 0.4738756783673764 0.40176416209408 0.47387567836737643 0.39764350402132026 0.4779963364401362 0.39558317498494033 0.482803770858356 0.39695672767586027 0.483490547203816 0.40245093843954
0 0.4484649535853577 0.39558317498494033 0.4450310718580579 0.39008896422126066 0.44846495358535776 0.381847648075741 0.4525856116581175 0.38390797711212094 0.4539591643490375 0.3900889642212606
0 0.5732421875 0.455322265625 0.58056640625 0.451904296875 0.58251953125 0.447509765625 0.580810546875 0.44287109375 0.574462890625 0.44287109375 0.5693359375 0.446533203125 0.568359375 0.450927734375
0 0.5720846957681515 0.4697550202946166 0.5617830505862521 0.47112857298553656 0.5542285107861925 0.4718153493309966 0.5549152871316524 0.462887256840017 0.5604094978953321 0.45739304607633724 0.5700243667317717 0.45395916434903744 0.5734582484590716 0.4601401514581771
0 0.6181640625 0.473876953125 0.62109375 0.471435546875 0.62060546875 0.464111328125 0.612060546875 0.45654296875 0.60888671875 0.461181640625 0.61083984375 0.470458984375 0.613525390625 0.4736328125
0 0.63232421875 0.491455078125 0.638671875 0.486572265625 0.64111328125 0.480224609375 0.6396484375 0.473388671875 0.635498046875 0.4716796875 0.630126953125 0.47314453125 0.62548828125 0.478271484375 0.62548828125 0.489990234375
0 0.7492729928968227 0.4532723880035774 0.741718453096763 0.4491517299308177 0.7437787821331431 0.44159719013075804 0.7492729928968228 0.4409104137852981 0.7575143090423423 0.44365751916713797 0.7568275326968823 0.4498385062762777
0 0.8612175372067971 0.4841773235492759 0.8536629974067376 0.482803770858356 0.8509158920248977 0.47593600740375636 0.8564101027885774 0.4711285729855366 0.865338195279557 0.4738756783673765 0.867398524315937 0.4786831127855962
0 0.883194380261516 0.4697550202946166 0.8797604985342162 0.463574033185477 0.8818208275705962 0.4518988353126575 0.8866282619888161 0.4525856116581175 0.886628261988816 0.4608269278036371
0 0.9127257631162945 0.4464046245489778 0.9106654340799147 0.4347294266761584 0.9154728684981345 0.4285484395670187 0.9223406319527343 0.43266909763977845 0.9230274082981941 0.4402236374398381 0.9209670792618142 0.4443442955125979
0 0.984375 0.427978515625 0.99072265625 0.423583984375 0.99462890625 0.415771484375 0.989013671875 0.40576171875 0.984130859375 0.40673828125 0.97998046875 0.411865234375 0.978515625 0.425048828125 0.979736328125 0.427734375
0 0.99267578125 0.389404296875 1 0.388427734375 0.999755859375 0.3759765625 0.9794921875 0.380615234375 0.97900390625 0.385498046875 0.980712890625 0.38818359375
0 0.96142578125 0.402099609375 0.970947265625 0.39794921875 0.98291015625 0.384033203125 0.98388671875 0.380615234375 0.976318359375 0.37890625 0.969482421875 0.3818359375 0.958984375 0.396240234375 0.95849609375 0.400634765625
0 0.80859375 0.382080078125 0.81494140625 0.376220703125 0.81640625 0.368896484375 0.812255859375 0.36181640625 0.805908203125 0.36083984375 0.7978515625 0.366455078125 0.796875 0.373291015625 0.802490234375 0.3818359375
0 0.8671875 0.421630859375 0.870849609375 0.42138671875 0.87451171875 0.416748046875 0.87646484375 0.403564453125 0.872802734375 0.3974609375 0.864990234375 0.3955078125 0.85791015625 0.400634765625 0.85693359375 0.404541015625 0.86279296875 0.417236328125
0 0.87255859375 0.388916015625 0.87744140625 0.381103515625 0.8916015625 0.369384765625 0.885498046875 0.3583984375 0.879150390625 0.359375 0.86328125 0.377197265625 0.86328125 0.384033203125
0 0.8763266168069164 0.34064106734814303 0.8770133931523765 0.33308652754808343 0.8804472748796762 0.3269055404389437 0.885941485643356 0.3275923167844037 0.8859414856433561 0.3337733038935434 0.8831943802615162 0.33995429100268315
0 0.8962431308252553 0.34682205445728276 0.8928092490979557 0.3406410673481431 0.8941828017888757 0.3344600802390034 0.9010505652434752 0.3269055404389437 0.906544776007155 0.3193510006388841 0.9134125394617545 0.31729067160250424 0.9147860921526746 0.32278488236618397 0.9086051050435349 0.3323997512026235 0.904484446970775 0.342014620039063
0 0.7734375 0.332763671875 0.784912109375 0.32861328125 0.79296875 0.321044921875 0.79833984375 0.310791015625 0.796142578125 0.30029296875 0.777587890625 0.30419921875 0.76904296875 0.311279296875 0.76513671875 0.319091796875 0.76513671875 0.324951171875 0.768798828125 0.33203125
0 0.8271484375 0.364013671875 0.8349609375 0.358642578125 0.84423828125 0.341552734375 0.8447265625 0.337158203125 0.839599609375 0.33349609375 0.826904296875 0.3349609375 0.81982421875 0.341552734375 0.81689453125 0.353271484375 0.82080078125 0.361083984375 0.823974609375 0.3642578125
0 0.73583984375 0.361572265625 0.744384765625 0.35791015625 0.748046875 0.353271484375 0.744873046875 0.3466796875 0.735595703125 0.345703125 0.72802734375 0.349853515625 0.7275390625 0.358154296875 0.731201171875 0.361328125
0 0.6730408185507665 0.38528152980304076 0.6675466077870869 0.37978731903936114 0.6689201604780067 0.37154600289384154 0.6716672658598466 0.36399146309378194 0.6805953583508262 0.3653650157847018 0.6826556873872062 0.3729195555847615 0.6826556873872062 0.381847648075741
0 0.6123046875 0.444091796875 0.61474609375 0.440185546875 0.6142578125 0.431396484375 0.604248046875 0.4228515625 0.596923828125 0.42431640625 0.58935546875 0.431396484375 0.5888671875 0.435302734375 0.592529296875 0.44189453125
0 0.6533203125 0.406982421875 0.66064453125 0.404541015625 0.6591796875 0.392822265625 0.647705078125 0.3828125 0.639404296875 0.38330078125 0.63671875 0.391357421875 0.6376953125 0.396240234375 0.646728515625 0.40625
0 0.65283203125 0.379638671875 0.6552734375 0.378173828125 0.65625 0.374267578125 0.65576171875 0.367919921875 0.65869140625 0.354736328125 0.658203125 0.347412109375 0.655517578125 0.3447265625 0.651123046875 0.34521484375 0.6474609375 0.349365234375 0.64404296875 0.364501953125 0.6455078125 0.375732421875 0.648681640625 0.37890625
0 0.5920012097864906 0.3921492932576405 0.5892541044046508 0.38390797711212094 0.5920012097864906 0.37635343731206133 0.5974954205501704 0.3681121211665417 0.6029896313138501 0.3687988975120017 0.6064235130411498 0.38116087173028107 0.60504996035023 0.3935228459485604
0 0.6696069368234666 0.3179774479479642 0.664799502405247 0.3145435662206644 0.663425949714327 0.30904935545698464 0.6696069368234667 0.3035551446933049 0.6744143712416865 0.302868368347845 0.6792218056599062 0.3063022500751448 0.6778482529689863 0.3117964608388245
0 0.5521681817498124 0.36605179213016176 0.5535417344407325 0.3571236996391822 0.5576623925134923 0.3550633706028024 0.5604094978953321 0.3612443577119421 0.5562888398225724 0.3667385684756218
0 0.5652169323135519 0.3475088308027427 0.5617830505862521 0.33789396196630317 0.5604094978953321 0.3275923167844037 0.564530155968092 0.33033942216624357 0.5686508140408516 0.3358336329299233 0.5713979194226916 0.34750883080274275 0.564530155968092 0.3495691598391226
0 0.5782656828772912 0.301494815656925 0.5768921301863713 0.2960006048932453 0.5789524592227513 0.29256672316594545 0.5844466699864311 0.29256672316594545 0.5871937753682709 0.29668738123870525
0 0.6396484375 0.257080078125 0.645263671875 0.25537109375 0.64794921875 0.251220703125 0.6484375 0.223876953125 0.645263671875 0.21875 0.635009765625 0.2138671875 0.63037109375 0.218505859375 0.62841796875 0.233154296875 0.63134765625 0.251220703125 0.634033203125 0.25537109375
0 0.6435546875 0.285400390625 0.650634765625 0.2822265625 0.65673828125 0.274658203125 0.65869140625 0.266845703125 0.656494140625 0.26416015625 0.651123046875 0.26318359375 0.645263671875 0.26513671875 0.63818359375 0.272216796875 0.63818359375 0.281982421875
0 0.68408203125 0.245361328125 0.69677734375 0.235595703125 0.69482421875 0.225830078125 0.690185546875 0.22314453125 0.682861328125 0.22509765625 0.67724609375 0.234619140625 0.67822265625 0.242431640625
0 0.69482421875 0.209716796875 0.7001953125 0.204345703125 0.701171875 0.196533203125 0.69873046875 0.189697265625 0.693603515625 0.1875 0.68701171875 0.194091796875 0.6845703125 0.202392578125 0.690673828125 0.208984375
0 0.45739304607633724 0.3289658694753236 0.45189883531265757 0.3282790931298637 0.45189883531265757 0.32141132967526403 0.45807982242179723 0.322098106020724
0 0.3797873190393611 0.301494815656925 0.37566666096660134 0.29325349951140545 0.3791005426939012 0.2877592887477257 0.3880286351848807 0.28432540702042586 0.3928360696031005 0.28844606509318566 0.3900889642212606 0.2953138285477853
0 0.4154996890032793 0.29187994682048546 0.4113790309305196 0.2877592887477257 0.4113790309305196 0.28363863067496586 0.4161864653487393 0.2788311962567461 0.42168067611241905 0.28226507798404593
0 0.4326171875 0.240966796875 0.4375 0.233642578125 0.435791015625 0.2255859375 0.427978515625 0.2275390625 0.42431640625 0.232666015625 0.42529296875 0.239501953125
0 0.365234375 0.281982421875 0.370849609375 0.27978515625 0.37353515625 0.275146484375 0.3720703125 0.268310546875 0.365966796875 0.263671875 0.362548828125 0.2646484375 0.3564453125 0.273193359375 0.357421875 0.279052734375 0.361083984375 0.28173828125
0 0.3598708050210221 0.25822790589294714 0.3598708050210221 0.25136014243834753 0.3612443577119421 0.24586593167466778 0.3571236996391823 0.24037172091098807 0.3584972523301022 0.23625106283822828 0.3674253448210818 0.23899816822006814 0.3722327792393015 0.2451791553292078 0.3715460028938415 0.24998658974742757 0.36879889751200173 0.25479402416564734
0 0.37497988462114135 0.23281718111092842 0.3694856738574616 0.22869652303816862 0.3674253448210818 0.22526264131086882 0.36261791040286195 0.22388908861994888 0.36055758136648214 0.2177081015108092 0.36467823943924194 0.2156477724744293 0.37223277923930154 0.2149609961289693 0.37566666096660134 0.21770810151080916 0.3784137663484412 0.22251553592902892 0.37841376634844115 0.22938329938362859
0 0.25927734375 0.245849609375 0.265625 0.243408203125 0.26611328125 0.235107421875 0.26416015625 0.231201171875 0.251220703125 0.2197265625 0.243896484375 0.22119140625 0.24267578125 0.225341796875 0.24658203125 0.239013671875 0.251708984375 0.24365234375
0 0.0478515625 0.385009765625 0.05322265625 0.381103515625 0.05224609375 0.373779296875 0.048583984375 0.37158203125 0.043212890625 0.37158203125 0.03857421875 0.374755859375 0.03759765625 0.380615234375 0.042724609375 0.38525390625
0 0.08722059587341566 0.3550633706028023 0.08241316145519592 0.3502559361845826 0.08447349049157582 0.3454485017663628 0.08859414856433562 0.3502559361845826
0 0.04601401514581771 0.301494815656925 0.04738756783673765 0.29256672316594545 0.05356855494587734 0.2884460650931857 0.05768921301863714 0.29256672316594545 0.05562888398225724 0.3001212629660051 0.04532723880035776 0.3063022500751448
0 0.015109079600119247 0.24723948436558768 0.015795855945579213 0.2389981682200681 0.021976843054718906 0.22869652303816865 0.02747105381839863 0.22663619400178872 0.029531382854778535 0.23556428649276828 0.023350395745638845 0.24449237898374782
0 0.189453125 0.273681640625 0.1923828125 0.268798828125 0.19189453125 0.262939453125 0.188232421875 0.259765625 0.180419921875 0.25830078125 0.18115234375 0.271240234375 0.183837890625 0.27392578125
0 0.19367092941971037 0.1243065185282538 0.1950444821106303 0.11606520238273423 0.20122546921977003 0.11057099161905454 0.2053461272925298 0.11331809700089437 0.20465935094706983 0.11812553141911414 0.19985191652885007 0.12430651852825383
0 0.3701171875 0.151123046875 0.37353515625 0.149169921875 0.37060546875 0.137939453125 0.361083984375 0.125 0.355224609375 0.1240234375 0.35400390625 0.125732421875 0.3603515625 0.145751953125 0.364990234375 0.1513671875
0 0.4091796875 0.135009765625 0.41455078125 0.130126953125 0.41455078125 0.123779296875 0.408935546875 0.11669921875 0.398681640625 0.115234375 0.396484375 0.118896484375 0.39990234375 0.128662109375 0.403076171875 0.1328125
0 0.37497988462114135 0.0824131614551959 0.3729195555847615 0.07348506896421635 0.3784137663484412 0.0666173055096167 0.382534424421201 0.07279829261875637 0.38047409538482113 0.080352832418816
0 0.47900390625 0.160400390625 0.484375 0.155029296875 0.4892578125 0.141845703125 0.48681640625 0.126220703125 0.482666015625 0.12451171875 0.4775390625 0.127197265625 0.470703125 0.152587890625 0.47119140625 0.156982421875 0.474853515625 0.16064453125
0 0.4755859375 0.109619140625 0.480712890625 0.1083984375 0.484375 0.104248046875 0.490234375 0.094482421875 0.489013671875 0.09033203125 0.481201171875 0.08984375 0.47265625 0.095947265625 0.47021484375 0.104736328125 0.472412109375 0.10888671875
0 0.5166015625 0.091064453125 0.521240234375 0.08935546875 0.525390625 0.082763671875 0.5244140625 0.077392578125 0.517822265625 0.0712890625 0.51025390625 0.075927734375 0.5078125 0.082763671875 0.5078125 0.086669921875 0.510009765625 0.08935546875
0 0.4889847579674957 0.0762321743460562 0.48898475796749574 0.06661730550961671 0.4951657450766356 0.06318342378231688 0.4992864031493952 0.0741718453096763 0.49653929776755534 0.0762321743460562
0 0.5672772613499317 0.019916514018339007 0.5679640376953918 0.010301645181899508 0.5741450248045316 0.003433881727299845 0.5782656828772913 0.008928092490979575 0.5748318011499914 0.01854296132741909
0 0.7149341756238243 0.03365204092753833 0.7142473992783647 0.022663619400178883 0.7197416100420443 0.014422303254659277 0.7279829261875639 0.015109079600119243 0.7279829261875638 0.02129006670925894 0.7252358208057239 0.029531382854778535
0 0.662052397023407 0.05562888398225724 0.6627391733688671 0.04670079149127771 0.6696069368234667 0.03777269900029814 0.6744143712416865 0.04051980438213802 0.6751011475871465 0.047387567836737685 0.6696069368234668 0.052881778600417415
0 0.61669921875 0.088623046875 0.6220703125 0.085205078125 0.625 0.079345703125 0.6240234375 0.074951171875 0.620361328125 0.072265625 0.614990234375 0.072265625 0.61083984375 0.077392578125 0.6103515625 0.082275390625 0.6123046875 0.086669921875
0 0.5562888398225723 0.24998658974742755 0.5556020634771124 0.24380560263828796 0.5590359452044122 0.24037172091098807 0.563156603277172 0.24105849725644807 0.5610962742407921 0.24861303705650767
0 0.51123046875 0.217529296875 0.513916015625 0.21728515625 0.51708984375 0.212158203125 0.51416015625 0.203857421875 0.510009765625 0.20263671875 0.50390625 0.208251953125 0.50341796875 0.215087890625 0.505615234375 0.2177734375
0 0.55419921875 0.201416015625 0.562744140625 0.19580078125 0.56494140625 0.192138671875 0.5654296875 0.185302734375 0.561767578125 0.18115234375 0.553955078125 0.181640625 0.5498046875 0.187255859375 0.548828125 0.193603515625 0.55029296875 0.198486328125
0 0.74658203125 0.274658203125 0.75 0.273681640625 0.75830078125 0.261962890625 0.75927734375 0.254638671875 0.745361328125 0.2451171875 0.734130859375 0.24365234375 0.72802734375 0.251220703125 0.724609375 0.262939453125 0.729736328125 0.2685546875
0 0.77001953125 0.243896484375 0.779052734375 0.24072265625 0.78515625 0.235595703125 0.78564453125 0.226806640625 0.782470703125 0.22265625 0.775634765625 0.22265625 0.76806640625 0.228271484375 0.7646484375 0.239501953125 0.766845703125 0.2431640625
0 0.7382845713694632 0.0583759893640971 0.7382845713694633 0.05082144956403749 0.7375977950240034 0.0446404624548978 0.745152334824063 0.05013467321857752 0.745839111169523 0.059749542055017035
0 0.8193241801337392 0.08722059587341566 0.8200109564791992 0.07760572703697617 0.825505167242879 0.07142473992783643 0.8344332597338585 0.0686776345459966 0.8371803651156984 0.07829250338243612 0.8330597070429386 0.08447349049157582
0 0.8275654962792588 0.059749542055017035 0.8220712855155792 0.05219500225495741 0.8289390489701789 0.04395368610943783 0.8330597070429387 0.04738756783673764 0.8337464833883986 0.056315660327717204
0 0.8543497737521974 0.09820901740077512 0.8522894447158177 0.09065447760071554 0.8564101027885774 0.08584704318249578 0.8625910898977173 0.08516026683703579 0.8667117479704769 0.08996770125525555 0.8639646425886371 0.09408835932801535 0.8598439845158774 0.09614868836439525
0 0.9312687244437136 0.027471053818398636 0.9250877373345742 0.026097501127478717 0.9250877373345742 0.017856184981959133 0.927148066370954 0.014422303254659284 0.9360761588619335 0.013048750563739369 0.9422571459710732 0.014422303254659277 0.9422571459710732 0.01922973767287904 0.9367629352073935 0.02335039574563884
0 0.9814033976622911 0.05013467321857751 0.9793430686259115 0.04326690976397788 0.9814033976622913 0.037772699000298116 0.984837279389591 0.03296526458207836 0.9875843847714307 0.03159171189115844 0.989644713807811 0.03983302803667804 0.989644713807811 0.04532723880035777 0.9875843847714312 0.05013467321857752
0 0.8742662877705364 0.26303534031116693 0.8756398404614566 0.25548080051110733 0.8790737221887565 0.24311882629282794 0.8811340512251362 0.23556428649276834 0.8852547092978961 0.22938329938362856 0.8928092490979557 0.2307568520745485 0.8983034598616354 0.23350395745638836 0.905171223316235 0.24174527360190795 0.9044844469707751 0.2492998134019676 0.8996770125525554 0.25616757685656727 0.8948695781343357 0.26028823492932707 0.8880018146797359 0.261661787620247 0.8811340512251363 0.261661787620247
0 0.8330078125 0.222900390625 0.846923828125 0.21826171875 0.8515625 0.213623046875 0.8564453125 0.204833984375 0.854736328125 0.2001953125 0.851318359375 0.1982421875 0.846923828125 0.19873046875 0.835205078125 0.201171875 0.8310546875 0.204833984375 0.826171875 0.213623046875 0.82568359375 0.218505859375 0.827880859375 0.22265625
0 0.8667117479704768 0.1950444821106303 0.8660249716250169 0.18817671865603064 0.8715191823886966 0.18268250789235094 0.8804472748796762 0.18268250789235096 0.8770133931523764 0.18955027134695057 0.8715191823886966 0.19573125845609024
0 0.8291015625 0.185302734375 0.835205078125 0.18408203125 0.84033203125 0.176025390625 0.8408203125 0.168212890625 0.837646484375 0.162109375 0.831787109375 0.16357421875 0.8251953125 0.171142578125 0.8232421875 0.180419921875
0 0.7712498359515415 0.16963375732861158 0.7712498359515417 0.160705664837632 0.7739969413333815 0.15315112503757242 0.7760572703697615 0.14903046696481262 0.7842985865152812 0.14490980889205282 0.7870456918971209 0.15658500676487222 0.7822382574789012 0.16207921752855195
0 0.9532455674984325 0.2788311962567461 0.9504984621165927 0.2740237618385264 0.9525587911529726 0.2671559983839267 0.9566794492257326 0.26509566934754686 0.9621736599894123 0.2671559983839268 0.963547212680332 0.2733369854930665
0 0.9340158298255534 0.27402376183852634 0.9298951717527939 0.2678427747293867 0.9367629352073936 0.260975011274787 0.9395100405892333 0.2657824456930068
0 0.974609375 0.218505859375 0.97900390625 0.216552734375 0.98779296875 0.202880859375 0.98828125 0.198486328125 0.985107421875 0.1953125 0.980712890625 0.1953125 0.96826171875 0.204345703125 0.9677734375 0.215087890625
0 0.99755859375 0.188720703125 1 0.187744140625 0.999755859375 0.17041015625 0.98681640625 0.180908203125 0.988037109375 0.1884765625
0 0.91845703125 0.251708984375 0.92578125 0.242919921875 0.92724609375 0.236083984375 0.92724609375 0.226806640625 0.922607421875 0.22119140625 0.9150390625 0.226806640625 0.90966796875 0.236572265625 0.908203125 0.243408203125 0.910400390625 0.248046875
0 0.8859414856433558 0.2307568520745485 0.887315038334276 0.22114198323810905 0.8900621437161157 0.21702132516534922 0.8955563544797956 0.21496099612896932 0.9024241179343951 0.21633454881988928 0.8996770125525554 0.22663619400178875 0.8934960254434157 0.2293832993836286
0 0.9072265625 0.211669921875 0.910400390625 0.21044921875 0.9140625 0.204833984375 0.910888671875 0.19970703125 0.906005859375 0.19970703125 0.900390625 0.208251953125 0.901611328125 0.21044921875
0 0.923714184643654 0.17238086271045144 0.9223406319527342 0.16345277021947185 0.9244009609891142 0.15589823041941228 0.9305819480982539 0.1531511250375724 0.9347026061710135 0.1586453358012521 0.9319555007891737 0.1668866519467717
0 0.9601133309530322 0.1668866519467717 0.949124909425673 0.16551309925585184 0.949124909425673 0.16070566483763202 0.9518720148075128 0.15521145407395232 0.9594265546075724 0.15521145407395234 0.9635472126803322 0.16070566483763205
0 0.9745356342076914 0.12224618949187391 0.966294318062172 0.11949908411003404 0.964920765371252 0.11606520238273421 0.964233989025792 0.10782388623721469 0.964920765371252 0.10095612278261502 0.9697281997894718 0.09408835932801535 0.9759091868986115 0.0906544776007155 0.9786562922804514 0.10232967547353494 0.9772827395895316 0.1112577679645145
0 0.9491249094256727 0.11194454430997444 0.9456910276983731 0.10439000450991485 0.9408835932801533 0.09820901740077513 0.9395100405892333 0.09546191201893528 0.9395100405892333 0.08996770125525554 0.945691027698373 0.0872205958734157 0.9532455674984326 0.09202803029163545 0.9539323438438926 0.09820901740077514 0.9539323438438926 0.10507678085537481
0 0.9305819480982537 0.08447349049157579 0.9340158298255535 0.07760572703697614 0.9388232642437735 0.07279829261875638 0.9415703696256131 0.06867763454599657 0.9504984621165928 0.06043631840047703 0.9580530019166524 0.06180987109139695 0.9539323438438926 0.07417184530967631 0.9498116857711327 0.08035283241881601 0.9429439223165331 0.0844734904915758 0.9395100405892333 0.08859414856433559
0 0.95751953125 0.054931640625 0.95947265625 0.049072265625 0.9580078125 0.039306640625 0.955322265625 0.03662109375 0.948974609375 0.03564453125 0.9443359375 0.043212890625 0.9453125 0.051513671875 0.949462890625 0.05419921875
0 0.8914356964070356 0.05219500225495741 0.887315038334276 0.04532723880035777 0.887315038334276 0.036399146309378204 0.887315038334276 0.03365204092753835 0.8914356964070358 0.031591711891158454 0.8969299071707154 0.03227848823661844 0.9017373415889353 0.039833028036678056 0.9024241179343953 0.045327238800357786 0.8976166835161755 0.052195002254957434
0 0.8097093112972996 0.056315660327717204 0.8035283241881601 0.05356855494587737 0.8007812188063202 0.04944789687311754 0.8000944424608603 0.042580133418517886 0.8055886532245401 0.03296526458207838 0.8152035220609796 0.03296526458207838 0.8186374037882793 0.040519804382137994 0.8172638510973593 0.05219500225495742
0 0.44571784820351784 0.6284003560958688 0.43885008474891823 0.6338945668595485 0.4333558739852385 0.6311474614777086 0.42992199225793865 0.6263400270594889 0.4326690976397785 0.6167251582230493 0.4409104137852981 0.6153516055321294 0.4477781772398977 0.6180987109139693 0.4477781772398977 0.622219368986729
0 0.540164622548436 0.7796898013188248 0.5412423857420109 0.772019956717789 0.5439117751169795 0.7640176176726697 0.5487168050336475 0.7624171552363085 0.5551235115892047 0.7629506606239707 0.5588608825371787 0.7714864513301269 0.5497846253044971 0.7816227581992697
0 0.2865550056399569 0.02502507322657961 0.2774987364151479 0.028670485010529236 0.26949035322070125 0.02280210035777716 0.2678886765818119 0.013199298876296506 0.2748292932727941 0.009464882047567923 0.2823038200992011 0.009464882047567923 0.2865749398804442 0.01426628278830825 0.28977829315822284 0.019067683529048578
0 0.8289977973608705 0.11924809061966041 0.8215364965236512 0.12363155620829297 0.8151297899680938 0.12043063133557028 0.8177993406452181 0.112961743951488 0.8247399573362003 0.10282547737731401 0.8300788436209079 0.10069150955329048 0.8343500171695364 0.10335895590166361 0.835417837440386 0.10869383516675354
0 0.5595375793956114 0.10956161219607266 0.5577930084989439 0.10015801759728463 0.5577930084989439 0.09322267589583333 0.5625980384156118 0.08575381537506363 0.5679370322350898 0.08735427781142499 0.5727420083843726 0.09695707929290562 0.5722080982489478 0.10602641568169299 0.5668693194990106 0.11029432446642742
0 0.5903581925615725 0.19762050695596126 0.5898265950441156 0.18444928996989968 0.5935638584573191 0.17751393483679212 0.601572295419151 0.17644695092478033 0.606377379103204 0.17644695092478033 0.606911289238629 0.18391581144555008 0.601572295419151 0.1919181504906694
0 0.7691177489241463 0.21435169696034004 0.7612065868465111 0.21699212467472645 0.7547997727561834 0.21379119980200373 0.7515964194784047 0.20738932319324585 0.7585370361693868 0.20205443049649963 0.7649438502597147 0.20098744658448792 0.7676132934020684 0.20525535536922235
0 0.33939034249589006 0.33499238278138743 0.3362270769881691 0.3407615868852759 0.32982037043261175 0.345029522533323 0.3223458436062047 0.34556297419436005 0.3207441669673154 0.3375606620125533 0.32448143038051885 0.32529041418269944 0.3292864602971869 0.32529041418269944 0.3340914902138548 0.3290248713063969
0 0.22931672404602932 0.3702159406853428 0.22090603638382617 0.3658355879326456 0.22143989275186574 0.3589002327995381 0.22838050944284796 0.35676626497551456 0.23425335963036553 0.3583667274118759 0.23425335963036564 0.3647685771573213
0 0.9910261637190655 0.4670807249212203 0.9813722598874388 0.46498262593324946 0.9808383497520141 0.4553798244517688 0.9824400801582888 0.44417656053392685 0.9888467867138462 0.44097560879789155 0.9973890262763323 0.44044213027354195 1 0.4431096034852276 1 0.46124819567286457
0 0.5621793462384082 1 0.5644011869909288 0.9898185287356942 0.5708079473138714 0.989285023348032 0.5766807437340038 0.9946199160447783 0.5761469411333495 0.9994213033538623 0.5745452644944601 1
0 0.46267279515973403 0.01621918375059074 0.4512157331609001 0.015468289221923687 0.4464106494768469 0.010133409956833771 0.4506818230254753 0.005865487740443043 0.4570885295810325 0.0031980413920699308 0.46189361326508577 0.004265011872425395