0 0.31103515625 0.972900390625 0.320556640625 0.9697265625 0.328125 0.963134765625 0.330078125 0.956787109375 0.326904296875 0.9521484375 0.323974609375 0.95068359375 0.318115234375 0.9521484375 0.31005859375 0.961181640625 0.30810546875 0.969970703125
0 0.333984375 0.996826171875 0.338623046875 0.99560546875 0.34130859375 0.990966796875 0.3408203125 0.980712890625 0.337158203125 0.9755859375 0.329345703125 0.97802734375 0.32373046875 0.984619140625 0.32470703125 0.990966796875
0 0.51904296875 0.999755859375 0.515625 0.989501953125 0.510986328125 0.98779296875 0.50390625 0.990966796875 0.5 0.999267578125
0 0.21702132516534922 0.9017373415889351 0.22732297034724872 0.8996770125525553 0.23487751014730832 0.8962431308252554 0.2383113918746082 0.8880018146797359 0.23693783918368824 0.8825076039160562 0.2314436284200085 0.8811340512251362 0.22457586496540882 0.8825076039160562 0.21496099612896935 0.8825076039160562 0.2094667853652896 0.885254709297896 0.21084033805620953 0.8921224727524957 0.21427421978350936 0.8996770125525553
0 0.2685546875 0.931884765625 0.270751953125 0.931640625 0.27392578125 0.927001953125 0.27734375 0.913818359375 0.27294921875 0.906005859375 0.266357421875 0.90234375 0.26220703125 0.907470703125 0.26123046875 0.926025390625 0.263427734375 0.9306640625
0 0.30836257911152465 0.9340158298255534 0.30149481565692504 0.9312687244437138 0.2953138285477853 0.9319555007891738 0.29325349951140545 0.9285216190618738 0.29668738123870525 0.9264612900254939 0.30080803931146505 0.9237141846436541 0.30492869738422484 0.924400960989114 0.3083625791115247 0.9264612900254938 0.3083625791115247 0.9285216190618738
0 0.2197265625 0.999755859375 0.22119140625 0.988037109375 0.216552734375 0.98583984375 0.208251953125 0.98681640625 0.200927734375 0.9912109375 0.1982421875 0.998779296875
0 0.2197265625 0.964599609375 0.21826171875 0.948486328125 0.213134765625 0.9453125 0.204345703125 0.94677734375 0.2021484375 0.955810546875 0.20361328125 0.959716796875 0.212646484375 0.96435546875
0 0.16276599387401192 0.9889579374623507 0.1558982304194123 0.9882711611168908 0.15246434869211245 0.9855240557350511 0.15452467772849235 0.9800298449713714 0.15795855945579218 0.9752224105531515 0.16207921752855198 0.9731620815167716 0.1655130992558518 0.9759091868986115 0.16619987560131175 0.9820901740077512
0 0.07691895069151616 0.9992595826442504 0.07279829261875641 0.9951389245714904 0.06730408185507666 0.9910182664987307 0.06318342378231687 0.9889579374623509 0.061809871091396934 0.9855240557350509 0.06318342378231687 0.9814033976622913 0.0686776345459966 0.9800298449713714 0.07623217434605621 0.9834637266986712 0.08035283241881602 0.9896447138078108 0.08309993780065587 0.9971992536078704
0 0.11949908411003406 0.9985728062987902 0.11194454430997444 0.9958257009169506 0.1091974389281346 0.9910182664987306 0.11057099161905454 0.986210832080511 0.11400487334635437 0.9868976084259709 0.11812553141911417 0.9882711611168908 0.12018586045549405 0.9923918191896506 0.1229329658373339 0.9951389245714904
0 0.0961486883643952 0.9779695159349913 0.10164289912807496 0.9731620815167716 0.10713710989175468 0.966294318062172 0.10919743892813458 0.9608001072984923 0.10713710989175468 0.9546191201893526 0.10232967547353491 0.9546191201893526 0.09889579374623508 0.9601133309530323 0.09683546470985518 0.9676678707530919 0.09271480663709543 0.9717885288258516
0 0.14010237447383303 0.9649207653712519 0.13392138736469333 0.9669810944076318 0.1270536239100937 0.9669810944076319 0.12087263680095403 0.965607541716712 0.11812553141911417 0.9608001072984923 0.1194990841100341 0.9566794492257324 0.12430651852825386 0.9539323438438926 0.13048750563739353 0.9553058965348125 0.13598171640107326 0.9566794492257324 0.1394155981283731 0.9587397782621123
0 0.035025593618458264 0.9491249094256726 0.02953138285477854 0.9484381330802129 0.026784277472938673 0.945691027698373 0.02403717209109881 0.9415703696256132 0.026097501127478707 0.9367629352073935 0.03159171189115843 0.9408835932801533 0.03571236996391823 0.9436306986619931
0 0.05150822590949744 0.9614868836439521 0.045327238800357744 0.9635472126803322 0.04189335707305792 0.9614868836439522 0.03845947534575808 0.9580530019166524 0.038459475345758096 0.9498116857711327 0.046014015145817724 0.945004251352913 0.05219500225495741 0.9477513567347529 0.0542553312913373 0.9525587911529727 0.05494210763679727 0.9580530019166524
0 0.05631566032771719 0.9614868836439521 0.0645569764732368 0.9608001072984922 0.07005118723691653 0.9559926728802725 0.07142473992783646 0.9484381330802129 0.062496647436856914 0.9415703696256132 0.054255331291337305 0.947064580389293 0.05494210763679727 0.9518720148075126 0.05494210763679727 0.9573662255711923
0 0.421680676112419 0.9621736599894121 0.4182467943851192 0.9559926728802723 0.4203071234214991 0.9484381330802129 0.42511455783971885 0.9504984621165927 0.42923521591247865 0.9573662255711923 0.4285484395670187 0.963547212680332
0 0.007554539800059625 0.9072315523526148 0 0.8996770125525553 0 0.8797604985342162 5.204170427930421e-18 0.8680853006613969 0.008241316145519595 0.8680853006613967 0.009614868836439527 0.8763266168069164 0.009614868836439524 0.882507603916056 0.011675197872819423 0.8934960254434154 0.011675197872819428 0.9031108942798549
0 0.07485862165513626 0.9395100405892332 0.080352832418816 0.9360761588619334 0.08447349049157579 0.9347026061710135 0.08103960876427596 0.9298951717527938 0.07417184530967631 0.9292083954073338 0.07211151627329643 0.9347026061710135
0 0.16552734375 0.951904296875 0.17822265625 0.933349609375 0.17919921875 0.928955078125 0.176513671875 0.92138671875 0.169189453125 0.923828125 0.160888671875 0.923828125 0.1533203125 0.930419921875 0.15185546875 0.935791015625 0.14697265625 0.941650390625 0.148681640625 0.9501953125 0.154541015625 0.9521484375
0 0.04120658072759795 0.863277866243177 0.03365204092753833 0.8605307608613373 0.0363991463093782 0.8516026683703576 0.041206580727597954 0.8440481285702981 0.04395368610943781 0.8385539178066184 0.04738756783673766 0.8330597070429386 0.05082144956403749 0.8303126016610987 0.054942107636797265 0.8296258253156388 0.05906276570955706 0.8344332597338586 0.05562888398225724 0.8433613522248382 0.051508225909497454 0.846795233952138 0.04670079149127769 0.8502291156794378 0.04464046245489779 0.8536629974067376 0.043953686109437826 0.8570968791340374 0.04670079149127769 0.8619043135522573
0 0.0343388172729983 0.9127257631162945 0.04258013341851788 0.9106654340799147 0.044640462454897785 0.9017373415889351 0.03914625169121806 0.9031108942798551 0.03571236996391823 0.905171223316235
0 0.013735526909199314 0.9250877373345738 0.008928092490979565 0.9271480663709539 0.0020603290363799057 0.9264612900254938 0.0006867763454599628 0.9195935265708943 0.00480743441821976 0.9168464211890544 0.010301645181899487 0.9168464211890545
0 0.06730408185507665 0.901737341588935 0.07485862165513629 0.8989902362070952 0.08172638510973594 0.8921224727524957 0.08035283241881601 0.8873150383342758 0.07554539800059624 0.885941485643356 0.0707379635823765 0.8886885910251958 0.0686776345459966 0.8907489200615757 0.06593052916415673 0.8941828017888755
0 0.3791005426939011 0.9333290534800935 0.3729195555847615 0.9278348427164139 0.3736063319302214 0.9195935265708942 0.37910054269390114 0.9127257631162946 0.38528152980304087 0.9127257631162946 0.38871541153034067 0.9134125394617546 0.3894021878758007 0.9202803029163542 0.3887154115303407 0.9271480663709539 0.3852815298030409 0.9305819480982538
0 0.3715460028938415 0.9587397782621122 0.36742534482108175 0.9546191201893526 0.3701724502029216 0.948438133080213 0.36948567385746167 0.9408835932801531 0.37360633193022147 0.9340158298255536 0.382534424421201 0.9360761588619334 0.3845947534575809 0.942943922316533 0.3804740953848211 0.9504984621165926 0.3763534373120613 0.9566794492257324
0 0.5411797602224531 0.8103960876427596 0.5370591021496933 0.80490187687908 0.5384326548406133 0.7939134553517205 0.544613641949753 0.7911663499698807 0.5487343000225128 0.7952870080426404 0.5501078527134327 0.8007812188063201 0.5480475236770528 0.8090225349518397
0 0.06799085820053662 0.843361352224838 0.05700243667317717 0.8406142468429982 0.05700243667317716 0.8337464833883986 0.05906276570955707 0.8316861543520186 0.06593052916415673 0.8316861543520186 0.07485862165513628 0.8330597070429386 0.07829250338243611 0.8392406941520782 0.07348506896421636 0.8426745758793781
0 0.08859414856433559 0.8351200360793184 0.08035283241881601 0.8323729306974785 0.07691895069151618 0.8261919435883389 0.08172638510973594 0.8206977328246592 0.08996770125525554 0.823444838206499 0.09134125394617548 0.8268787199337989
0 0.1023296754735349 0.8612175372067971 0.09614868836439523 0.8612175372067972 0.09889579374623507 0.8529762210612776 0.10301645181899487 0.8454216812612181 0.10645033354629471 0.847482010297598 0.10782388623721464 0.8536629974067376 0.10782388623721464 0.8584704318249574
0 0.05425533129133729 0.7774308230606812 0.04807434418219761 0.7794911520970613 0.04189335707305793 0.7753704940243014 0.041206580727597954 0.7698762832606216 0.04464046245489778 0.763695296151482 0.05013467321857751 0.763008519806022 0.05494210763679726 0.7671291778787819 0.05700243667317717 0.7719366122970015
0 0.1298828125 0.764892578125 0.13916015625 0.758544921875 0.140625 0.753173828125 0.135498046875 0.7451171875 0.130615234375 0.7412109375 0.125732421875 0.740234375 0.12060546875 0.744384765625 0.11865234375 0.753662109375 0.12158203125 0.760498046875 0.125732421875 0.76416015625
0 0.16413954656493185 0.8928092490979556 0.15315112503757242 0.8934960254434157 0.14422303254659283 0.8873150383342759 0.14559658523751276 0.8783869458432965 0.14971724331027256 0.8735795114250766 0.15864533580125212 0.8804472748796761 0.16482632291039181 0.883881156606976
0 0.15040401965573255 0.864651418934097 0.15383790138303238 0.8577836554794975 0.15864533580125212 0.866024971625017 0.15589823041941225 0.8722059587341566 0.15246434869211242 0.8694588533523167
0 0.14010237447383303 0.8687720770068568 0.1387288217829131 0.8619043135522573 0.14284947985567292 0.8584704318249572 0.14628336158297273 0.8612175372067972 0.14559658523751276 0.8653381952795569
0 0.13186105832831344 0.8783869458432962 0.1236197421827939 0.8783869458432962 0.11743875507365417 0.8749530641159965 0.11812553141911414 0.8673985243159369 0.1249932948737138 0.8619043135522572 0.13117428198285347 0.863964642588637 0.13529494005561327 0.8701456296977768
0 0.20053869287431003 0.8413010231884581 0.19985191652885007 0.8474820102975978 0.19504448211063033 0.847482010297598 0.19298415307425043 0.8419877995339182 0.1957312584560903 0.8392406941520782
0 0.70703125 0.999755859375 0.703369140625 0.9931640625 0.694580078125 0.98828125 0.686767578125 0.98876953125 0.68359375 0.992431640625 0.685302734375 1
0 0.6730408185507665 0.9951389245714903 0.6682333841325468 0.9827769503532111 0.6709804895143867 0.9759091868986115 0.6792218056599063 0.9786562922804514 0.6819689110417462 0.9827769503532111 0.6805953583508262 0.9923918191896507
0 0.6290871324413289 0.9731620815167716 0.623592921677649 0.9690414234440119 0.623592921677649 0.9573662255711924 0.6304606851322487 0.9553058965348126 0.6332077905140886 0.9594265546075724 0.6338945668595486 0.9683546470985519
0 0.843361352224838 1 0.8474820102975981 0.9923918191896506 0.8543497737521976 0.9917050428441907 0.8564101027885774 0.9978860299533303 0.8570968791340375 1
0 0.8756398404614564 0.9978860299533303 0.8742662877705366 0.9910182664987307 0.8735795114250767 0.9834637266986712 0.8797604985342163 0.9820901740077512 0.885941485643356 0.985524055735051 0.8873150383342759 0.9910182664987307 0.8838811566069761 0.9944521482260306
0 0.8962431308252554 0.9793430686259113 0.8969299071707154 0.9697281997894718 0.9037976706253151 0.9628604363348722 0.9092918813889949 0.9614868836439521 0.9106654340799147 0.9669810944076318 0.9079183286980749 0.9745356342076915 0.9031108942798551 0.9765959632440714
0 0.944317475007453 0.9374497115528533 0.9395100405892334 0.9305819480982538 0.9381364878983134 0.9216538556072742 0.9429439223165331 0.9154728684981344 0.9518720148075127 0.9189067502254344 0.9566794492257323 0.9223406319527342 0.9566794492257324 0.9298951717527939 0.9511852384620527 0.9374497115528535
0 0.9147860921526745 0.9278348427164138 0.8948695781343357 0.9271480663709539 0.8962431308252556 0.9189067502254344 0.8983034598616355 0.9154728684981346 0.8983034598616355 0.9086051050435349 0.8969299071707155 0.8976166835161754 0.8996770125525554 0.8873150383342758 0.907918328698075 0.8893753673706558 0.9134125394617547 0.8955563544797955 0.9154728684981345 0.9010505652434753 0.9154728684981345 0.9099786577344547 0.9189067502254343 0.9120389867708347 0.9209670792618142 0.9168464211890544 0.9223406319527342 0.9209670792618142 0.9216538556072742 0.9237141846436541
0 0.9223406319527341 0.8907489200615757 0.9154728684981345 0.8900621437161158 0.9175331975345145 0.8811340512251362 0.9202803029163543 0.8749530641159966 0.9237141846436541 0.8742662877705365 0.9257745136800342 0.8797604985342162 0.925774513680034 0.8845679329524361
0 0.703258977751005 0.9717885288258516 0.6957044379509455 0.9697281997894719 0.6977647669873254 0.9621736599894122 0.7018854250600851 0.9594265546075724 0.703945754096465 0.9649207653712522
0 0.5082144956403747 0.9717885288258516 0.5034070612221551 0.965607541716712 0.5047806139130749 0.9559926728802726 0.5150822590949744 0.945691027698373 0.5226367988950341 0.945691027698373 0.5219500225495741 0.9532455674984326 0.5185161408222743 0.9614868836439522 0.5137087064040545 0.9683546470985518
0 0.5700243667317716 0.941570369625613 0.5631566032771721 0.9415703696256131 0.5590359452044121 0.9374497115528535 0.5590359452044122 0.9333290534800935 0.5631566032771721 0.9319555007891738 0.5679640376953918 0.9305819480982538 0.5707111430772317 0.9319555007891738 0.5734582484590716 0.9340158298255536
0 0.5498046875 0.927978515625 0.55908203125 0.925048828125 0.5625 0.912841796875 0.558837890625 0.90576171875 0.549072265625 0.90185546875 0.54052734375 0.906005859375 0.5380859375 0.914794921875 0.54296875 0.925537109375
0 0.5356855494587733 0.9401968169346931 0.5301913386950937 0.9353893825164736 0.527444233313254 0.9292083954073338 0.5288177860041738 0.9223406319527341 0.5384326548406133 0.9223406319527341 0.542553312913373 0.9271480663709539 0.5425533129133729 0.9326422771346337 0.5411797602224531 0.9360761588619335
0 0.42854843956701866 0.9079183286980748 0.42236745245787904 0.903797670625315 0.42030712342149906 0.8976166835161753 0.4258013341851788 0.8914356964070357 0.43198232129431857 0.8948695781343355 0.43472942667615844 0.9003637888980152 0.43404265033069844 0.9058579996616949
0 0.34544850176636277 0.9347026061710134 0.33858073831176316 0.9340158298255536 0.33171297485716345 0.9360761588619335 0.3262187640934838 0.9340158298255535 0.3262187640934838 0.9278348427164138 0.3275923167844037 0.9216538556072742 0.33102619851170356 0.9202803029163543 0.3365204092753833 0.9216538556072742 0.34338817272998295 0.9244009609891141 0.3454485017663628 0.9264612900254939
0 0.33789396196630317 0.9140993158072144 0.3310261985117036 0.9147860921526746 0.3262187640934838 0.9134125394617547 0.32759231678440376 0.9051712233162351 0.33239975120262355 0.9037976706253151 0.3385807383117632 0.9058579996616949
0 0.3427013963845229 0.9079183286980748 0.34956915983912257 0.905171223316235 0.3502559361845826 0.9017373415889351 0.34682205445728276 0.8976166835161753 0.3399542910026831 0.8996770125525553 0.3378939619663033 0.9024241179343953 0.3372071856208433 0.9072315523526149
0 0.3392675146572231 0.9216538556072741 0.34888238349366274 0.9216538556072742 0.35368981791188236 0.9168464211890544 0.35437659425734247 0.9106654340799147 0.34819560714820275 0.9099786577344546 0.342701396384523 0.9140993158072146 0.33995429100268315 0.9168464211890544
0 0.15478515625 0.796630859375 0.17236328125 0.792236328125 0.1748046875 0.784912109375 0.174072265625 0.7763671875 0.154052734375 0.77392578125 0.148681640625 0.77392578125 0.14599609375 0.776123046875 0.1455078125 0.787841796875 0.153076171875 0.796875
0 0.3207245533298041 0.8838811566069762 0.3145435662206644 0.8886885910251958 0.3076758027660647 0.885254709297896 0.30836257911152465 0.8790737221887562 0.3138567898752044 0.8777001694978364
0 0.5013467321857751 0.8069622059154598 0.4951657450766354 0.80696220591546 0.49104508700387556 0.8014679951517802 0.49035831065841573 0.7946002316971805 0.4979128504584753 0.7891060209335008 0.5047806139130749 0.7918531263153405 0.5068409429494547 0.7994076661154002
0 0.556640625 0.842529296875 0.56494140625 0.837646484375 0.56884765625 0.831298828125 0.569091796875 0.8271484375 0.563232421875 0.826171875 0.556884765625 0.828125 0.5478515625 0.835205078125 0.549072265625 0.84033203125 0.552978515625 0.8427734375
0 0.4834905472038159 0.8962431308252553 0.47318890202191655 0.8928092490979556 0.4752492310582964 0.8859414856433561 0.47936988913105627 0.8838811566069762 0.483490547203816 0.8831943802615161 0.48692442893111587 0.8873150383342759 0.4869244289311158 0.8907489200615758
0 0.5109616010222146 0.8742662877705366 0.5089012719858348 0.8687720770068568 0.5089012719858347 0.8619043135522573 0.5130219300585944 0.8598439845158772 0.5164558117858944 0.8591572081704173 0.5164558117858944 0.8667117479704769 0.5164558117858944 0.8708324060432366
0 0.521263246204114 0.883194380261516 0.5308781150405537 0.8777001694978364 0.5377458784951532 0.8728927350796165 0.5349987731133135 0.8667117479704769 0.5267574569677939 0.8687720770068569 0.5212632462041141 0.8742662877705366
0 0.5906276570955705 0.8866282619888158 0.5858202226773508 0.8838811566069761 0.5865069990228109 0.8783869458432965 0.5899408807501108 0.8770133931523765 0.5961218678592504 0.8818208275705961
0 0.6387020012777682 0.8907489200615757 0.624279698023109 0.8886885910251958 0.623592921677649 0.8797604985342165 0.6277135797504089 0.8777001694978364 0.6345813432050085 0.8783869458432964 0.6387020012777683 0.8818208275705961
0 0.624966474368569 0.8749530641159965 0.6160383818775894 0.8763266168069165 0.6126045001502894 0.8701456296977769 0.6146648291866695 0.863964642588637 0.6215325926412691 0.8625910898977172 0.6263400270594888 0.8653381952795569 0.6284003560958689 0.8701456296977768
0 0.7149341756238244 0.9326422771346335 0.7080664121692247 0.9381364878983134 0.7018854250600851 0.945691027698373 0.6936441089145655 0.947064580389293 0.6854027927690459 0.9450042513529131 0.6908970035327257 0.9395100405892334 0.6929573325691056 0.9319555007891738 0.6957044379509455 0.9250877373345741 0.7011986487146252 0.9209670792618141 0.706692859478305 0.9182199738799743 0.7169945046602044 0.9168464211890545 0.7224887154238843 0.9182199738799743 0.724549044460264 0.9216538556072742 0.7218019390784242 0.9264612900254939
0 0.7458391111695228 0.9628604363348721 0.7389713477149235 0.9587397782621123 0.7341639132967034 0.9546191201893526 0.7341639132967035 0.9491249094256728 0.7341639132967035 0.947064580389293 0.7355374659876235 0.9422571459710731 0.7396581240603832 0.9367629352073934 0.7424052294422231 0.9340158298255536 0.7444655584786031 0.9319555007891737 0.7478994402059028 0.9278348427164139 0.7520200982786627 0.9244009609891142 0.7561407563514225 0.9223406319527341 0.7595746380787222 0.9264612900254939 0.7602614144241823 0.9278348427164138 0.7602614144241823 0.9374497115528534 0.7602614144241823 0.9415703696256132 0.7602614144241823 0.9463778040438329 0.7540804273150425 0.9532455674984326 0.7533936509695826 0.9580530019166524
0 0.7657556251878619 0.9120389867708345 0.7547672036605025 0.9120389867708346 0.7465258875149828 0.9079183286980749 0.7403449004058432 0.9017373415889351 0.7437787821331431 0.8948695781343355 0.7533936509695826 0.8928092490979557 0.7595746380787223 0.8955563544797955 0.764382072496942 0.8983034598616354 0.7733101649879215 0.9024241179343953 0.7733101649879215 0.9092918813889949
0 0.7939134553517204 0.8969299071707153 0.7842985865152811 0.8996770125525553 0.7719366122970016 0.8996770125525553 0.764382072496942 0.8900621437161158 0.768502730569702 0.8804472748796763 0.7746837176788416 0.8763266168069164 0.7842985865152812 0.8783869458432964 0.7952870080426404 0.8797604985342162 0.7994076661154004 0.8900621437161158 0.7994076661154004 0.8955563544797955
0 0.7238622681148039 0.9072315523526148 0.7163077283147444 0.905171223316235 0.7142473992783647 0.8976166835161754 0.7183680573511244 0.8948695781343354 0.7224887154238843 0.8955563544797955 0.7252358208057239 0.9010505652434753
0 0.703258977751005 0.861904313552257 0.6998250960237051 0.8529762210612775 0.7011986487146251 0.847482010297598 0.7046325304419249 0.847482010297598 0.7073796358237648 0.8536629974067376 0.7073796358237648 0.8584704318249573
0 0.8330597070429385 0.9140993158072144 0.8261919435883389 0.9134125394617547 0.823444838206499 0.9065447760071549 0.8282522726247189 0.905171223316235 0.8337464833883986 0.9065447760071549
0 0.8474820102975978 0.9051712233162349 0.8509158920248977 0.8989902362070954 0.847482010297598 0.8948695781343354 0.8385539178066184 0.9017373415889351 0.8399274704975382 0.9058579996616949 0.8440481285702981 0.9086051050435349
0 0.8172638510973593 0.8989902362070952 0.8117696403336797 0.8955563544797954 0.8138299693700595 0.8893753673706558 0.8193241801337393 0.8845679329524361 0.823444838206499 0.8900621437161158 0.8213845091701193 0.8955563544797955
0 0.9621736599894121 0.8570968791340372 0.9532455674984327 0.8584704318249573 0.9484381330802129 0.8564101027885774 0.9491249094256728 0.8502291156794378 0.9546191201893526 0.8467952339521378 0.9608001072984923 0.8474820102975978
0 0.9820901740077511 0.8516026683703575 0.9786562922804514 0.8440481285702981 0.9793430686259113 0.8364935887702384 0.9827769503532111 0.8309993780065588 0.9868976084259709 0.8364935887702385 0.9868976084259709 0.8433613522248381 0.9868976084259709 0.8502291156794377
0 0.8351200360793184 0.883194380261516 0.8282522726247189 0.8818208275705961 0.824131614551959 0.8790737221887563 0.824131614551959 0.8722059587341566 0.824818390897419 0.8694588533523167 0.8261919435883389 0.866024971625017 0.8296258253156388 0.8660249716250169 0.8330597070429386 0.8673985243159368 0.8351200360793185 0.8694588533523167 0.8378671414611584 0.8701456296977768 0.8385539178066185 0.8756398404614565
0 0.844048128570298 0.883194380261516 0.8378671414611584 0.8783869458432962 0.8378671414611585 0.8735795114250766 0.8406142468429983 0.8687720770068568 0.8426745758793782 0.8667117479704768 0.8461084576066781 0.8660249716250169 0.8509158920248977 0.8680853006613968 0.8516026683703577 0.8708324060432366 0.8516026683703577 0.8749530641159964 0.8488555629885178 0.8783869458432962
0 0.8543497737521974 0.885254709297896 0.8522894447158178 0.8790737221887562 0.8543497737521977 0.8756398404614565 0.8577836554794973 0.8742662877705365 0.8598439845158774 0.8749530641159965 0.8598439845158774 0.8797604985342162
0 0.81689453125 0.829833984375 0.82275390625 0.826416015625 0.83203125 0.811767578125 0.8330078125 0.803466796875 0.83203125 0.800537109375 0.827880859375 0.7978515625 0.819091796875 0.798828125 0.807861328125 0.8046875 0.8017578125 0.817138671875 0.80126953125 0.822998046875 0.804443359375 0.8271484375 0.809326171875 0.82958984375
0 0.8392406941520782 0.8467952339521378 0.8282522726247188 0.844734904915758 0.824131614551959 0.8399274704975384 0.8227580618610392 0.8309993780065588 0.8268787199337989 0.8261919435883389 0.8316861543520186 0.8213845091701193 0.8413010231884582 0.8296258253156388 0.8454216812612179 0.8385539178066184 0.844048128570298 0.8433613522248382
0 0.77392578125 0.833740234375 0.778076171875 0.83251953125 0.78125 0.827880859375 0.78125 0.821044921875 0.777099609375 0.81494140625 0.771728515625 0.8154296875 0.767578125 0.819580078125 0.76904296875 0.830810546875
0 0.25342047147472735 0.8296258253156387 0.24655270802012771 0.8200109564791992 0.2492998134019676 0.8158902984064395 0.2541072478201874 0.8200109564791993 0.25822790589294714 0.825505167242879 0.25822790589294714 0.8289390489701788
0 0.280891525293126 0.8000944424608601 0.2740237618385264 0.7952870080426404 0.2788311962567462 0.7891060209335008 0.2856989597113458 0.7911663499698807 0.28569895971134573 0.7946002316971805
0 0.41206580727597947 0.8049018768790799 0.4079451492032197 0.8131431930245996 0.40107738574862006 0.8179506274428193 0.4010773857486201 0.80558865322454 0.40657159651229985 0.8000944424608601
0 0.4658203125 0.732177734375 0.4736328125 0.729736328125 0.474609375 0.722900390625 0.4716796875 0.712646484375 0.467529296875 0.70947265625 0.454833984375 0.71337890625 0.453125 0.717041015625 0.45556640625 0.728271484375 0.459716796875 0.7314453125
0 0.20122546921977 0.7994076661154002 0.19298415307425043 0.8000944424608603 0.1895502713469506 0.7966605607335604 0.19435770576517036 0.7884192445880407 0.20191224556522996 0.7877324682425809 0.2039725746016099 0.7911663499698807
0 0.22938329938362859 0.7774308230606812 0.22388908861994888 0.7746837176788415 0.22320231227448892 0.7685027305697018 0.22663619400178875 0.763695296151482 0.23144362842000854 0.7664424015333218 0.23556428649276834 0.7712498359515416 0.2341907338018484 0.7739969413333815
0 0.34228515625 0.762939453125 0.34521484375 0.759033203125 0.3447265625 0.755126953125 0.337646484375 0.75 0.330810546875 0.75 0.32861328125 0.754638671875 0.32958984375 0.759033203125 0.337158203125 0.76318359375
0 0.8660249716250169 0.8131431930245995 0.8584704318249573 0.8090225349518398 0.8550365500976576 0.8000944424608603 0.8543497737521976 0.7918531263153405 0.8557233264431175 0.784298586515281 0.8591572081704174 0.7794911520970613 0.8708324060432368 0.7815514811334412 0.8797604985342162 0.786358915551661 0.8852547092978961 0.7966605607335604 0.8845679329524361 0.80696220591546 0.8777001694978364 0.8103960876427598 0.8722059587341566 0.8124564166791397
0 0.8715191823886966 0.8248183908974189 0.8667117479704768 0.8213845091701192 0.865338195279557 0.8165770747518993 0.8687720770068569 0.8131431930245996 0.8749530641159965 0.8124564166791395 0.8770133931523765 0.8200109564791991
0 0.8680853006613968 0.8474820102975977 0.8667117479704768 0.8378671414611583 0.8646514189340971 0.8316861543520186 0.868085300661397 0.8289390489701789 0.8735795114250765 0.8323729306974786 0.8763266168069166 0.8371803651156984 0.8756398404614566 0.8419877995339182 0.8728927350796167 0.8433613522248381
0 0.7156209519692843 0.8117696403336796 0.7094399648601449 0.8110828639882197 0.7087531885146848 0.8049018768790801 0.7121870702419847 0.7994076661154004 0.7183680573511243 0.7994076661154004 0.7211151627329642 0.8049018768790801 0.7211151627329642 0.80627542957
0 0.6867763454599658 0.7946002316971804 0.6792218056599063 0.7904795736244208 0.6730408185507667 0.7891060209335007 0.6751011475871465 0.7801779284425212 0.6792218056599063 0.7746837176788415 0.684716016423586 0.7746837176788416 0.6895234508418058 0.7788043757516014 0.6895234508418058 0.7877324682425809
0 0.3646782394392419 0.7286697025330238 0.35987080502102214 0.723175491769344 0.3536898179118825 0.7169945046602043 0.3536898179118825 0.7115002938965246 0.3578104759846422 0.7108135175510646 0.361931134057402 0.7142473992783644 0.36811212116654174 0.723175491769344
0 0.9175331975345143 0.8303126016610987 0.9113522104253747 0.8261919435883389 0.9106654340799148 0.8200109564791992 0.9154728684981346 0.8131431930245996 0.9216538556072742 0.8103960876427598 0.9257745136800339 0.8124564166791397 0.927148066370954 0.8165770747518994 0.926461290025494 0.824131614551959 0.9230274082981943 0.8282522726247189
0 0.9086051050435348 0.8206977328246592 0.9017373415889351 0.8193241801337392 0.8996770125525554 0.8158902984064395 0.8983034598616354 0.8097093112972997 0.9010505652434753 0.8049018768790801 0.906544776007155 0.8035283241881601 0.9099786577344547 0.8042151005336201 0.9113522104253748 0.8090225349518398 0.9113522104253748 0.8152035220609796
0 0.9477513567347527 0.7939134553517204 0.9422571459710731 0.7994076661154002 0.9353893825164735 0.8028415478427 0.9292083954073339 0.7987208897699403 0.9298951717527939 0.7884192445880408 0.9367629352073936 0.7829250338243612 0.9470645803892931 0.7877324682425809
0 0.9779695159349914 0.8110828639882196 0.9704149761349318 0.8076489822609199 0.9704149761349318 0.7987208897699403 0.9745356342076916 0.7959737843881005 0.9800298449713715 0.7946002316971805 0.9855240557350511 0.7952870080426404 0.9855240557350511 0.8014679951517801
0 0.9779695159349914 0.7849853628607408 0.9772827395895314 0.7774308230606813 0.9779695159349915 0.7691895069151619 0.9807166213168312 0.7657556251878619 0.987584384771431 0.7630085198060221 0.9923918191896506 0.7657556251878619 0.9937653718805707 0.7712498359515416 0.9910182664987308 0.7760572703697615 0.987584384771431 0.7808647047879811 0.984837279389591 0.7849853628607409
0 0.7142473992783644 0.7966605607335603 0.7087531885146848 0.7904795736244207 0.7053193067873851 0.782925033824361 0.704632530441925 0.7726233886424616 0.7080664121692248 0.7698762832606217 0.7183680573511242 0.7733101649879215 0.7218019390784243 0.7733101649879215 0.726609373496644 0.7733101649879215 0.7300432552239436 0.7746837176788415 0.7307300315694037 0.7760572703697615 0.7272961498421039 0.7863589155516608 0.723862268114804 0.7925399026608005 0.7204283863875043 0.7980341134244804
0 0.7060060831328449 0.7698762832606216 0.7005118723691652 0.7630085198060221 0.7039457540964651 0.7520200982786627 0.7094399648601448 0.7527068746241226 0.7128738465874446 0.7568275326968824 0.7121870702419847 0.764382072496942
0 0.7149341756238244 0.7712498359515416 0.7128738465874446 0.763695296151482 0.7149341756238246 0.7588878617332623 0.7183680573511244 0.7582010853878023 0.7224887154238842 0.7582010853878023 0.723175491769344 0.7602614144241822 0.725235820805724 0.7643820724969419 0.7245490444602641 0.7691895069151617 0.7218019390784243 0.7719366122970017
0 0.7485862165513627 0.7753704940243014 0.7444655584786031 0.7719366122970017 0.7444655584786031 0.7678159542242418 0.7472126638604429 0.7623217434605623 0.7533936509695827 0.7623217434605623 0.7568275326968824 0.767815954224242 0.7533936509695826 0.7719366122970017
0 0.7293564788784836 0.7746837176788415 0.724549044460264 0.7698762832606219 0.725235820805724 0.7630085198060221 0.7307300315694037 0.762321743460562 0.7355374659876235 0.763695296151482 0.7382845713694633 0.7691895069151617 0.7403449004058432 0.7733101649879215 0.7403449004058432 0.7781175994061412 0.7341639132967035 0.7781175994061413
0 0.25537109375 0.746337890625 0.26318359375 0.737548828125 0.26416015625 0.733642578125 0.2607421875 0.726318359375 0.255126953125 0.7236328125 0.2470703125 0.729736328125 0.24609375 0.739013671875 0.248779296875 0.74560546875
0 0.30355514469330486 0.7863589155516608 0.2960006048932453 0.7801779284425212 0.2953138285477853 0.7705630596060817 0.3049286973842248 0.7678159542242418 0.3117964608388245 0.7746837176788415 0.3083625791115247 0.7815514811334411
0 0.29187994682048546 0.7691895069151617 0.2911931704750255 0.7602614144241822 0.2973741575841652 0.7568275326968825 0.302868368347845 0.7568275326968823 0.30355514469330486 0.763695296151482
0 0.80908203125 0.763916015625 0.812744140625 0.76318359375 0.81787109375 0.757568359375 0.818359375 0.752197265625 0.815673828125 0.74462890625 0.811767578125 0.744140625 0.80810546875 0.748779296875 0.80615234375 0.758056640625 0.80712890625 0.762939453125
0 0.8818208275705961 0.7746837176788415 0.8797604985342163 0.7671291778787819 0.8838811566069761 0.7595746380787223 0.8948695781343355 0.7568275326968824 0.8962431308252554 0.7609481907696423 0.8893753673706557 0.7719366122970017
0 0.9381364878983133 0.7547672036605024 0.9340158298255536 0.7465258875149829 0.9395100405892334 0.7403449004058432 0.9436306986619932 0.7375977950240034 0.9477513567347529 0.7369110186785435 0.9532455674984327 0.7403449004058433 0.9539323438438927 0.7444655584786031 0.9491249094256728 0.7513333219332028 0.9436306986619931 0.7527068746241227
0 0.9189067502254342 0.7417184530967631 0.9099786577344549 0.7375977950240034 0.9086051050435349 0.7334771369512435 0.9120389867708347 0.7286697025330238 0.9216538556072742 0.723175491769344 0.9264612900254938 0.7293564788784836 0.925774513680034 0.7355374659876235
0 0.9381364878983133 0.7011986487146251 0.9326422771346337 0.6984515433327854 0.9250877373345741 0.6963912142964054 0.9278348427164139 0.6908970035327257 0.9326422771346337 0.6860895691145059 0.9381364878983134 0.6860895691145059 0.9436306986619932 0.6922705562236456 0.9436306986619932 0.6998250960237052
0 0.8941828017888754 0.7190548336965842 0.886628261988816 0.7176812810056644 0.8790737221887565 0.7135606229329046 0.8818208275705963 0.706692859478305 0.8866282619888161 0.701885425060085 0.8941828017888757 0.6970779906418654 0.8983034598616354 0.6950176616054855 0.905171223316235 0.6977647669873253 0.9092918813889949 0.703258977751005 0.905857999661695 0.7135606229329046 0.9003637888980153 0.7190548336965843
0 0.8914356964070356 0.7355374659876234 0.8845679329524361 0.7314168079148637 0.8818208275705962 0.724549044460264 0.8852547092978962 0.7197416100420443 0.8907489200615759 0.7183680573511243 0.8983034598616354 0.7190548336965843 0.9003637888980153 0.725922597151184 0.8976166835161755 0.7314168079148637
0 0.8406142468429981 0.7293564788784836 0.8399274704975382 0.722488715423884 0.8413010231884583 0.7149341756238246 0.846108457606678 0.7094399648601448 0.8488555629885178 0.7135606229329046 0.846108457606678 0.7224887154238842 0.846108457606678 0.7293564788784838
0 0.2513601424383475 0.7121870702419846 0.2492998134019676 0.7011986487146252 0.25479402416564734 0.6860895691145059 0.26028823492932707 0.6860895691145059 0.25891468223840713 0.6970779906418654 0.2575411295474872 0.704632530441925
0 0.561096274240792 0.7272961498421038 0.5521681817498126 0.7266093734966439 0.5480475236770528 0.724549044460264 0.5473607473315927 0.7190548336965843 0.5521681817498125 0.7163077283147443 0.5583491688589521 0.7169945046602043 0.5631566032771721 0.7197416100420442
0 0.5789524592227512 0.7341639132967035 0.5748318011499914 0.7307300315694036 0.5762053538409114 0.7272961498421038 0.5796392355682113 0.7252358208057239 0.5837598936409709 0.7238622681148039 0.5865069990228109 0.724549044460264 0.586506999022811 0.7307300315694036 0.5844466699864311 0.7334771369512435
0 0.6332077905140885 0.7458391111695228 0.6256532507140291 0.7437787821331431 0.6215325926412691 0.7403449004058432 0.6215325926412691 0.7355374659876235 0.6297739087867887 0.7348506896421634 0.6338945668595486 0.7341639132967035 0.6366416722413883 0.7369110186785434
0 0.6922705562236455 0.7396581240603832 0.6881498981508857 0.7348506896421635 0.6895234508418058 0.7279829261875639 0.6922705562236456 0.724549044460264 0.6957044379509455 0.7252358208057239 0.6977647669873253 0.7321035842603236
0 0.7822382574789011 0.7005118723691651 0.7753704940243016 0.6984515433327854 0.7719366122970016 0.6915837798781856 0.7739969413333816 0.684029240078126 0.7801779284425212 0.6847160164235859 0.7829250338243611 0.6908970035327257
0 0.72998046875 0.679443359375 0.7392578125 0.672119140625 0.74169921875 0.657958984375 0.737548828125 0.65234375 0.721435546875 0.6455078125 0.71826171875 0.648681640625 0.7158203125 0.667724609375 0.722900390625 0.67822265625
0 0.763695296151482 0.6483168701142077 0.7588878617332623 0.6462565410778279 0.7561407563514224 0.6428226593505281 0.7609481907696423 0.6380152249323083 0.7671291778787819 0.6414491066596082
0 0.7403449004058431 0.6387020012777682 0.7348506896421635 0.6414491066596082 0.7272961498421039 0.6400755539686882 0.7231754917693439 0.6338945668595485 0.7272961498421039 0.6256532507140289 0.7375977950240034 0.624966474368569 0.7410316767513031 0.6256532507140289 0.7424052294422231 0.6311474614777086
0 0.8241316145519589 0.6126045001502894 0.8200109564791994 0.60230285496839 0.824818390897419 0.5920012097864905 0.8316861543520186 0.5885673280591908 0.8371803651156984 0.5906276570955706 0.8378671414611584 0.6009293022774701 0.8323729306974786 0.6105441711139097 0.8289390489701788 0.6132912764957494
0 0.9189067502254342 0.6490036464596676 0.9140993158072146 0.6462565410778278 0.9147860921526746 0.6393887776232282 0.9182199738799743 0.6359548958959285 0.9223406319527342 0.6373284485868483 0.9230274082981941 0.6448829883869079
0 0.561783050586252 0.6950176616054853 0.5576623925134924 0.6902102271872657 0.5597227215498721 0.6847160164235859 0.5645301559680919 0.6812821346962861 0.5700243667317717 0.6805953583508262 0.5720846957681516 0.684029240078126 0.5720846957681516 0.6908970035327258 0.5693375903863117 0.6943308852600255
0 0.5466739709861328 0.6771614766235262 0.5398062075315332 0.6771614766235263 0.5398062075315332 0.6702937131689266 0.544613641949753 0.6675466077870869 0.5487343000225128 0.6661730550961669 0.5528549580952726 0.6689201604780067 0.5528549580952726 0.6709804895143867
0 0.5885673280591907 0.6373284485868482 0.5816995646045912 0.6366416722413883 0.5768921301863714 0.6325210141686286 0.5748318011499914 0.6284003560958688 0.5775789065318313 0.622219368986729 0.5810127882591312 0.6146648291866694 0.584446669986431 0.6098573947684498 0.5913144334410306 0.6098573947684498 0.6002425259320102 0.6160383818775894 0.5995557495865502 0.6277135797504089 0.5947483151683305 0.6345813432050085
0 0.00048828125 0.693115234375 0.0068359375 0.687744140625 0.00830078125 0.683837890625 0.00732421875 0.670654296875 0.004150390625 0.66748046875 0 0.668212890625
0 0.04395368610943781 0.6641127260597869 0.04051980438213798 0.6599920679870273 0.043266909763977845 0.6524375281869677 0.04876112052765759 0.6524375281869677 0.049447896873117556 0.6593052916415671
0 0.06730408185507665 0.6215325926412689 0.0624966474368569 0.6194722636048893 0.06387020012777682 0.6126045001502896 0.07211151627329641 0.6146648291866694 0.07211151627329643 0.6187854872594292
0 0.007554539800059625 0.5981821968956302 0.002060329036379902 0.5920012097864906 0.006180987109139693 0.584446669986431 0.008928092490979554 0.5768921301863713 0.01510907960011925 0.5775789065318313 0.016482632291039183 0.5851334463318909 0.015795855945579217 0.5933747624774105 0.014422303254659282 0.5954350915137905
0 0.11949908411003406 0.48623765258565577 0.11331809700089435 0.48761120527657575 0.10439000450991481 0.4862376525856558 0.10095612278261498 0.483490547203816 0.10164289912807495 0.47524923105829636 0.10713710989175468 0.47181534933099656 0.11606520238273424 0.4690682439491567 0.11949908411003407 0.47593600740375636
0 0.15246434869211242 0.5906276570955705 0.14971724331027256 0.5865069990228109 0.14834369061935265 0.5782656828772912 0.15109079600119252 0.5748318011499913 0.15589823041941225 0.5741450248045314 0.15864533580125212 0.5803260119136712 0.15795855945579218 0.5871937753682708
0 0.21015356171074956 0.60230285496839 0.20740645632890972 0.5968086442047104 0.20671967998344973 0.5892541044046508 0.21084033805620955 0.582386340950051 0.21633454881988928 0.5865069990228109 0.21427421978350938 0.5974954205501704
0 0.20671967998344973 0.6854027927690458 0.20465935094706986 0.6799085820053663 0.2032857982561499 0.6702937131689266 0.20397257460160986 0.6599920679870273 0.2074064563289097 0.6593052916415673 0.2115271144016695 0.6627391733688671 0.2135874434380494 0.6709804895143867 0.21496099612896932 0.6785350293144463 0.2135874434380494 0.684029240078126
0 0.24517915532920778 0.6744143712416864 0.24037172091098807 0.6696069368234667 0.23899816822006814 0.664112726059787 0.23899816822006814 0.6551846335688074 0.24243204994736794 0.6490036464596678 0.24792626071104762 0.6483168701142077 0.25136014243834753 0.6496904228051277 0.25479402416564734 0.6538110808778874 0.25548080051110733 0.6599920679870273 0.2541072478201874 0.665486278750707 0.25136014243834753 0.6696069368234667
0 0.263671875 0.634033203125 0.270751953125 0.63232421875 0.27099609375 0.628662109375 0.262939453125 0.61474609375 0.253173828125 0.611328125 0.244140625 0.615966796875 0.2421875 0.619873046875 0.246337890625 0.62548828125
0 0.2431188262928279 0.6407623303141481 0.23693783918368821 0.6435094356959881 0.2335039574563884 0.6380152249323083 0.2383113918746082 0.6338945668595485 0.24311882629282794 0.6338945668595485
0 0.27471053818398633 0.5988689732410901 0.26852955107484666 0.6002425259320101 0.26440889300208686 0.5981821968956302 0.26509566934754686 0.5940615388228705 0.2719634328021465 0.5920012097864906 0.2760840908749063 0.5940615388228705
0 0.33377330389354337 0.6407623303141481 0.3262187640934838 0.6332077905140885 0.3255319877480239 0.6263400270594889 0.3330865275480835 0.6284003560958689 0.3399542910026831 0.6325210141686286 0.33995429100268315 0.6380152249323083
0 0.37704021365752133 0.644196212041448 0.3852815298030409 0.6414491066596082 0.3894021878758006 0.6345813432050085 0.38665508249396074 0.6297739087867886 0.3797873190393611 0.6284003560958688 0.3742931082756814 0.6332077905140885 0.3742931082756814 0.6380152249323083
0 0.41069225458505954 0.6565581862597272 0.40588482016683985 0.6490036464596678 0.40657159651229985 0.6448829883869079 0.40725837285775984 0.6393887776232283 0.41069225458505965 0.6352681195504684 0.4120658072759796 0.6332077905140885 0.41756001803965925 0.6338945668595484 0.41756001803965925 0.6373284485868482 0.4154996890032793 0.6414491066596081 0.4154996890032793 0.6517507518415075 0.4154996890032793 0.6579317389506473
0 0.4972260741130152 0.6517507518415075 0.49173186334933555 0.6517507518415075 0.49035831065841573 0.6428226593505282 0.49447896873117547 0.6373284485868483 0.49928640314939515 0.6366416722413883 0.5061541666039949 0.6407623303141481 0.5054673902585349 0.6490036464596678
0 0.5109616010222146 0.6352681195504684 0.5116483773676745 0.6270268034049489 0.5123351537131344 0.6160383818775894 0.5212632462041141 0.6187854872594293 0.5192029171677341 0.6222193689867291 0.5192029171677341 0.6318342378231687
0 0.53759765625 0.647216796875 0.54248046875 0.642333984375 0.54248046875 0.634521484375 0.536865234375 0.6318359375 0.529541015625 0.6328125 0.52734375 0.637451171875 0.5283203125 0.644775390625 0.531982421875 0.6474609375
0 0.5654296875 0.648193359375 0.56884765625 0.639404296875 0.56689453125 0.627685546875 0.564208984375 0.62548828125 0.561279296875 0.6259765625 0.55712890625 0.631103515625 0.5556640625 0.643310546875 0.557861328125 0.6474609375
0 0.6393887776232281 0.6332077905140885 0.6373284485868483 0.6277135797504088 0.6393887776232282 0.6194722636048893 0.6448829883869079 0.6146648291866694 0.6483168701142078 0.6167251582230493 0.6476300937687477 0.6256532507140289 0.6455697647323678 0.6318342378231686
0 0.6591796875 0.618896484375 0.6650390625 0.612060546875 0.662841796875 0.607421875 0.657470703125 0.60595703125 0.65283203125 0.608642578125 0.65185546875 0.613525390625 0.654052734375 0.61767578125
0 0.7053193067873849 0.5940615388228704 0.6998250960237052 0.5954350915137905 0.6929573325691056 0.5940615388228705 0.6950176616054855 0.5892541044046506 0.6984515433327854 0.5844466699864309 0.7011986487146252 0.583073117295511 0.704632530441925 0.5871937753682708
0 0.5995557495865501 0.5679640376953917 0.5878805517137309 0.5748318011499914 0.5782656828772913 0.5782656828772912 0.5734582484590716 0.5679640376953917 0.5762053538409114 0.5535417344407325 0.583759893640971 0.5480475236770528 0.5885673280591908 0.5487343000225127 0.5926879861319506 0.5549152871316525 0.5968086442047104 0.5597227215498721
0 0.5576171875 0.578857421875 0.5654296875 0.574951171875 0.56689453125 0.569091796875 0.562255859375 0.564453125 0.552978515625 0.5634765625 0.5498046875 0.569091796875 0.552734375 0.575927734375
0 0.8131431930245995 0.5899408807501106 0.8021547714972401 0.5906276570955706 0.7987208897699404 0.5858202226773509 0.7987208897699404 0.5803260119136712 0.8007812188063202 0.5775789065318313 0.8083357586063799 0.5789524592227513 0.8131431930245996 0.5823863409500512
0 0.7849853628607409 0.5940615388228705 0.7760572703697614 0.5947483151683304 0.7726233886424616 0.5913144334410307 0.7746837176788415 0.5865069990228109 0.7801779284425212 0.5851334463318909 0.7842985865152811 0.5851334463318909
0 0.6881498981508857 0.563156603277172 0.6826556873872061 0.5583491688589521 0.6867763454599658 0.5507946290588926 0.6943308852600255 0.5466739709861328 0.6970779906418654 0.5514814054043526 0.6936441089145655 0.5576623925134923
0 0.6517507518415075 0.5528549580952724 0.6496904228051278 0.5459871946406729 0.6496904228051278 0.5363723258042333 0.6558714099142674 0.5356855494587733 0.6599920679870274 0.5404929838769932 0.6586185152961073 0.5466739709861328
0 0.70654296875 0.512939453125 0.71044921875 0.510498046875 0.71435546875 0.502685546875 0.710693359375 0.4970703125 0.706298828125 0.49853515625 0.701171875 0.506103515625 0.70166015625 0.511962890625
0 0.7396581240603831 0.5494210763679727 0.7341639132967035 0.5473607473315929 0.7341639132967035 0.5411797602224531 0.7389713477149233 0.5363723258042334 0.7424052294422231 0.5370591021496933 0.745839111169523 0.5404929838769932 0.745152334824063 0.5446136419497529
0 0.784298586515281 0.5137087064040544 0.7801779284425212 0.5102748246767547 0.7801779284425212 0.5027202848766951 0.7836118101698211 0.4992864031493952 0.7884192445880408 0.5054673902585349 0.7891060209335008 0.5095880483312947
0 0.7973473370790203 0.5329384440769335 0.80627542957 0.5315648913860136 0.8138299693700596 0.5274442333132539 0.8172638510973594 0.5219500225495741 0.8042151005336202 0.5192029171677341 0.7952870080426405 0.5246971279314139
0 0.7822382574789011 0.5384326548406132 0.7829250338243611 0.5322516677314735 0.7836118101698211 0.5267574569677937 0.7877324682425808 0.5164558117858943 0.7932266790062608 0.5198896935131943 0.7952870080426404 0.5260706806223339 0.7932266790062606 0.5349987731133135 0.7911663499698807 0.5384326548406133
0 0.7719366122970015 0.5487343000225127 0.765755625187862 0.5459871946406729 0.767815954224242 0.5384326548406132 0.7705630596060818 0.5363723258042333 0.7753704940243015 0.5398062075315331
0 0.8941828017888754 0.5150822590949743 0.8907489200615758 0.5095880483312947 0.8900621437161159 0.5034070612221551 0.8893753673706558 0.4931054160402555 0.8928092490979557 0.48761120527657575 0.8976166835161754 0.4931054160402555 0.9017373415889351 0.5013467321857751 0.9037976706253151 0.5047806139130748 0.9003637888980154 0.5123351537131344
0 0.9264612900254938 0.5727714721136115 0.9237141846436542 0.565216932313552 0.926461290025494 0.5562888398225724 0.9312687244437138 0.5514814054043526 0.9360761588619336 0.5562888398225724 0.9360761588619335 0.5610962742407921 0.9333290534800937 0.563843379622632
0 0.9587397782621122 0.561096274240792 0.9518720148075127 0.5604094978953322 0.9518720148075127 0.5556020634771124 0.9546191201893526 0.5521681817498125 0.9594265546075723 0.5501078527134327 0.9628604363348722 0.5507946290588926 0.9649207653712522 0.5562888398225724
0 0.9731620815167715 0.5576623925134923 0.9717885288258516 0.5514814054043526 0.9752224105531517 0.5473607473315929 0.9800298449713715 0.543926865604293 0.9827769503532112 0.5487343000225127 0.9820901740077512 0.5535417344407325
0 0.24365234375 0.552490234375 0.248046875 0.549072265625 0.24951171875 0.543701171875 0.237060546875 0.53466796875 0.231689453125 0.53515625 0.22998046875 0.540283203125 0.2314453125 0.550537109375 0.234130859375 0.55224609375
0 0.3193510006388841 0.5315648913860136 0.31110968449336457 0.5301913386950936 0.30561547372968484 0.5267574569677937 0.302868368347845 0.5198896935131943 0.3104229081479046 0.5178293644768143 0.3166038952570443 0.5185161408222743 0.3200377769843441 0.5260706806223339
0 0.3571236996391822 0.5020335085312351 0.3543765942573424 0.49653929776755534 0.3591840286755622 0.4889847579674957 0.361931134057402 0.4937921923857155
0 0.416015625 0.473876953125 0.426025390625 0.47119140625 0.43212890625 0.459716796875 0.431640625 0.455322265625 0.423583984375 0.4482421875 0.415283203125 0.45166015625 0.41015625 0.459228515625 0.41015625 0.470458984375
0 0.442283966476218 0.501346732185775 0.43610297936707826 0.4979128504584753 0.4347294266761584 0.4937921923857155 0.4367897557125383 0.4869244289311158 0.44159719013075804 0.48417732354927595 0.44709140089443783 0.48417732354927595 0.4484649535853577 0.4896715343129557 0.4470914008944378 0.49653929776755534
0 0.50048828125 0.527099609375 0.505126953125 0.52587890625 0.505859375 0.521728515625 0.50244140625 0.512451171875 0.498291015625 0.5107421875 0.49072265625 0.514892578125 0.4892578125 0.522705078125 0.492919921875 0.52685546875
0 0.54736328125 0.518798828125 0.55078125 0.515869140625 0.55126953125 0.510009765625 0.5498046875 0.506591796875 0.545166015625 0.50341796875 0.5380859375 0.507568359375 0.537109375 0.513916015625 0.541259765625 0.51904296875
0 0.58544921875 0.508056640625 0.5888671875 0.506591796875 0.58935546875 0.485595703125 0.584716796875 0.47802734375 0.579833984375 0.47802734375 0.572265625 0.482666015625 0.5712890625 0.487060546875 0.5751953125 0.494384765625 0.57666015625 0.502197265625
0 0.5926879861319505 0.5185161408222743 0.5920012097864906 0.5109616010222147 0.5968086442047102 0.5054673902585349 0.6016160786229301 0.5006599558403151 0.6036764076593101 0.5068409429494548 0.6036764076593101 0.5109616010222147 0.5988689732410902 0.5137087064040544
0 0.6318359375 0.503662109375 0.63671875 0.500244140625 0.638671875 0.490478515625 0.638671875 0.486572265625 0.634033203125 0.4833984375 0.62841796875 0.485595703125 0.62548828125 0.494873046875 0.626953125 0.501708984375
0 0.6696069368234666 0.4518988353126575 0.664799502405247 0.4464046245489778 0.6675466077870869 0.44022363743983817 0.6730408185507666 0.44022363743983817 0.6757879239326064 0.44365751916713797
0 0.8447265625 0.490966796875 0.851318359375 0.4892578125 0.8564453125 0.482177734375 0.8583984375 0.468017578125 0.856201171875 0.4658203125 0.843994140625 0.46533203125 0.83544921875 0.471435546875 0.83349609375 0.481201171875 0.83447265625 0.486572265625 0.838623046875 0.49072265625
0 0.8212890625 0.476806640625 0.83154296875 0.465576171875 0.83251953125 0.462158203125 0.830322265625 0.458984375 0.823974609375 0.45947265625 0.8154296875 0.464599609375 0.81591796875 0.473876953125 0.818115234375 0.4765625
0 0.76416015625 0.480224609375 0.76904296875 0.477294921875 0.77099609375 0.471923828125 0.77001953125 0.468017578125 0.766357421875 0.4658203125 0.761474609375 0.466796875 0.75732421875 0.473876953125 0.759033203125 0.47998046875
0 0.88427734375 0.491455078125 0.887939453125 0.49072265625 0.89013671875 0.487548828125 0.8876953125 0.479248046875 0.885009765625 0.4755859375 0.878662109375 0.47216796875 0.874755859375 0.4736328125 0.87255859375 0.479248046875 0.8740234375 0.487548828125
0 0.9408835932801531 0.4374765320579982 0.9347026061710135 0.43404265033069844 0.9353893825164735 0.4278616632215587 0.9408835932801533 0.4264881105306388 0.9443174750074532 0.4312955449488586
0 0.2472394843655877 0.5123351537131344 0.241745273601908 0.5082144956403747 0.241745273601908 0.503407061222155 0.2451791553292078 0.4985996268039352 0.24998658974742757 0.4985996268039352 0.2541072478201874 0.5006599558403151 0.25548080051110733 0.5068409429494548
0 0.2589146822384071 0.503407061222155 0.26028823492932707 0.4985996268039352 0.26440889300208686 0.4937921923857154 0.2685295510748467 0.4917318633493356 0.27196343280214647 0.4951657450766354 0.2671559983839267 0.5027202848766951
0 0.14971724331027256 0.4766227837492163 0.1476569142738927 0.47181534933099656 0.14903046696481262 0.46426080953093696 0.15177757234665246 0.46014015145817716 0.15727178311033221 0.4587665987672572 0.16207921752855195 0.4649475858763969 0.16070566483763207 0.47250212567645655 0.15727178311033224 0.4745624547128364
0 0.1826171875 0.487548828125 0.1865234375 0.485107421875 0.1875 0.482177734375 0.185546875 0.475341796875 0.180419921875 0.4716796875 0.17578125 0.477294921875 0.1748046875 0.485107421875 0.177001953125 0.48779296875
0 0.022663619400178876 0.4848640998947359 0.01648263229103919 0.48349054720381596 0.01648263229103919 0.47662278374921635 0.02403717209109882 0.4752492310582964 0.027471053818398636 0.4779963364401363 0.028844606509318575 0.4814302181674361
0 0.017856184981959122 0.4374765320579983 0.02060329036379898 0.4267202409353966 0.024723948436558774 0.4287805699717765 0.026097501127478703 0.43496155708091616 0.023350395745638845 0.439082215153676
0 0.1337890625 0.430419921875 0.140380859375 0.42822265625 0.14453125 0.419677734375 0.14404296875 0.415283203125 0.135986328125 0.4091796875 0.132568359375 0.40966796875 0.12744140625 0.414306640625 0.12451171875 0.422607421875 0.126220703125 0.4296875
0 0.037772699000298116 0.3770402136575212 0.032278488236618406 0.3742931082756814 0.03502559361845827 0.3694856738574617 0.041206580727597954 0.3646782394392419 0.04807434418219762 0.36330468674832195 0.04876112052765759 0.37017245020292155 0.043953686109437826 0.3729195555847614
0 0.1469701379284327 0.3694856738574616 0.14422303254659283 0.360557581366482 0.14559658523751276 0.3543765942573424 0.15040401965573252 0.3543765942573424 0.15383790138303238 0.35987080502102214 0.1552114540739523 0.3653650157847019
0 0.7925399026608005 0.421680676112419 0.7870456918971209 0.4196203470760392 0.7904795736244208 0.4127525836214396 0.7966605607335604 0.41137903093051953 0.8007812188063204 0.4134393599668994 0.7980341134244804 0.4196203470760391
0 0.8172638510973593 0.3598708050210221 0.8117696403336796 0.35437659425734236 0.8103960876427597 0.3468220544572828 0.8103960876427597 0.3378939619663032 0.8165770747518994 0.3344600802390034 0.8213845091701191 0.3378939619663032 0.8234448382064992 0.3413278436936031 0.8206977328246593 0.35575014694826235
0 0.7403449004058431 0.3736063319302214 0.7293564788784838 0.3756666609666013 0.7266093734966439 0.3687988975120017 0.7341639132967035 0.36399146309378194 0.7410316767513032 0.3660517921301618
0 0.6737275948962265 0.3722327792393015 0.6702937131689266 0.36193113405740196 0.6716672658598466 0.3509427125300426 0.6764747002780663 0.3468220544572828 0.6799085820053662 0.3468220544572828 0.6847160164235859 0.35162948887550255 0.6854027927690459 0.35918402867556215 0.6826556873872061 0.3660517921301618 0.6812821346962862 0.36948567385746167
0 0.6325210141686285 0.41275258362143946 0.6208458162958091 0.4106922545850596 0.6146648291866694 0.4086319255486797 0.6132912764957495 0.40313771478500005 0.6174119345685094 0.3990170567122402 0.6222193689867291 0.3983302803667803 0.6263400270594889 0.39901705671224025 0.6318342378231686 0.4017641620940801 0.6338945668595486 0.40313771478500005 0.6366416722413883 0.4058848201668399 0.6380152249323083 0.4127525836214396
0 0.6373284485868482 0.3845947534575809 0.6297739087867886 0.3839079771121209 0.6304606851322487 0.3729195555847615 0.6366416722413883 0.3687988975120017 0.6400755539686883 0.3708592265483816 0.6414491066596082 0.37772699000298127
0 0.58984375 0.418701171875 0.5947265625 0.414794921875 0.59765625 0.408447265625 0.59765625 0.400634765625 0.593994140625 0.39794921875 0.586669921875 0.40087890625 0.58251953125 0.407958984375 0.5830078125 0.416259765625 0.586669921875 0.4189453125
0 0.49585252142209546 0.41275258362143946 0.48417732354927595 0.41206580727597947 0.47524923105829636 0.40382449113045993 0.48211699451289614 0.39558317498494033 0.48967153431295574 0.3948963986394804 0.49653929776755534 0.39833028036678025 0.5006599558403152 0.40176416209408006 0.5020335085312351 0.40931870189413966
0 0.2630353403111669 0.42511455783971885 0.2582279058929472 0.4175600180396592 0.26440889300208686 0.41275258362143946 0.26921632742030666 0.4127525836214395 0.2712766564566865 0.41893357073057913
0 0.8907489200615757 0.3536898179118824 0.883881156606976 0.3495691598391226 0.8873150383342759 0.3406410673481431 0.8962431308252555 0.33995429100268315 0.8983034598616354 0.3461352781118228
0 0.9298951717527937 0.3523162652209625 0.9237141846436541 0.34750883080274275 0.9237141846436541 0.3399542910026832 0.9278348427164139 0.33789396196630317 0.9326422771346335 0.3399542910026831 0.9367629352073935 0.3454485017663628 0.9353893825164735 0.3495691598391226
0 0.9532455674984325 0.3056154737296848 0.9532455674984327 0.29668738123870525 0.9587397782621123 0.29325349951140534 0.9635472126803323 0.2960006048932452 0.9635472126803323 0.3021815920023849 0.9608001072984924 0.30698902642060477
0 0.1449098088920528 0.3152303425661243 0.140789150819293 0.31110968449336457 0.1435362562011329 0.30561547372968484 0.1490304669648126 0.30355514469330497 0.15246434869211242 0.3083625791115247 0.15040401965573252 0.3124832371842845
0 0.5521681817498125 0.37154600289384154 0.5583491688589522 0.36673856847562175 0.5590359452044121 0.361244357711942 0.5528549580952725 0.361931134057402 0.5487343000225128 0.3681121211665417
0 0.98486328125 0.158447265625 1 0.152587890625 0.999755859375 0.1240234375 0.988037109375 0.1328125 0.978515625 0.144775390625 0.97802734375 0.154541015625 0.980224609375 0.15771484375
0 0.986328125 0.259033203125 0.9912109375 0.255126953125 0.99267578125 0.247314453125 0.989990234375 0.24267578125 0.984619140625 0.2412109375 0.97998046875 0.245849609375 0.9775390625 0.252197265625 0.980712890625 0.25830078125
0 0.92431640625 0.259033203125 0.932861328125 0.25537109375 0.9384765625 0.247802734375 0.93701171875 0.236083984375 0.929443359375 0.22900390625 0.926025390625 0.228515625 0.916259765625 0.232421875 0.9091796875 0.242919921875 0.90966796875 0.247314453125 0.9150390625 0.255126953125 0.920654296875 0.25927734375
0 0.3330865275480834 0.3530030415664224 0.3289658694753236 0.3488823834936627 0.32896586947532364 0.3454485017663629 0.3323997512026235 0.34338817272998284 0.3358336329299233 0.34132784369360303 0.342014620039063 0.34270139638452296 0.342014620039063 0.3475088308027427 0.33858073831176316 0.3530030415664224
0 0.045327238800357744 0.3063022500751448 0.037085922654838156 0.3056154737296848 0.03433881727299829 0.2987477102750852 0.03708592265483815 0.2905063941295656 0.04258013341851788 0.28775928874772577 0.04807434418219761 0.2850121833658859 0.05288177860041736 0.28569895971134585 0.053568554945877325 0.2925667231659455 0.05013467321857751 0.3008080393114651
0 0.0762321743460562 0.3111096844933645 0.07005118723691653 0.3056154737296848 0.06593052916415673 0.2966873812387053 0.06799085820053663 0.2884460650931857 0.0727982926187564 0.28295185432950604 0.07966605607335604 0.282265077984046 0.08378671414611584 0.2829518543295059 0.0865338195279557 0.2898196177841056 0.0885941485643356 0.2973741575841652 0.0885941485643356 0.3028683683478449 0.08516026683703577 0.3097361318024446 0.08241316145519591 0.3152303425661243
0 0.3392675146572231 0.31317001352974444 0.33583363292992335 0.30698902642060477 0.3385807383117632 0.3028683683478449 0.343388172729983 0.30355514469330497 0.3461352781118228 0.30698902642060477 0.34476172542090294 0.31110968449336457
0 0.06593052916415672 0.26646922203846674 0.06112309474593698 0.26852955107484666 0.0542553312913373 0.26921632742030666 0.05494210763679727 0.263035340311167 0.060436318400477 0.261661787620247
0 0.0824131614551959 0.2774576435658262 0.07691895069151618 0.2733369854930664 0.0762321743460562 0.2685295510748467 0.0782925033824361 0.26440889300208686 0.08447349049157579 0.2664692220384668 0.08584704318249574 0.2719634328021465
0 0.369140625 0.344970703125 0.374267578125 0.34228515625 0.376953125 0.337646484375 0.37744140625 0.329345703125 0.375244140625 0.326171875 0.367431640625 0.326171875 0.36279296875 0.331787109375 0.36279296875 0.341064453125 0.364990234375 0.34423828125
0 0.3145435662206643 0.33446008023900337 0.30424192103876485 0.3310261985117036 0.2987477102750852 0.32347165871164396 0.302868368347845 0.31523034256612437 0.30698902642060477 0.31797744794796423 0.3104229081479046 0.32415843505710396 0.31523034256612437 0.3262187640934838 0.32209810602072403 0.33239975120262355
0 0.26990310376576654 0.3076758027660647 0.2657824456930068 0.30424192103876485 0.26509566934754686 0.2966873812387053 0.2726502091476065 0.2925667231659455 0.2747105381839864 0.2925667231659455 0.27745764356582625 0.3008080393114651 0.27333698549306645 0.3042419210387649
0 0.05768921301863712 0.21702132516534922 0.05562888398225723 0.2101535617107496 0.05700243667317717 0.20191224556523 0.05700243667317717 0.19298415307425043 0.061809871091396934 0.19161060038333055 0.07005118723691652 0.19573125845609035 0.07348506896421637 0.2005386928743101 0.07211151627329644 0.2080932326743697 0.06661730550961671 0.21290066709258948
0 0.035025593618458264 0.2232023122744889 0.02953138285477854 0.2232023122744889 0.026097501127478707 0.21908165420172912 0.02884460650931857 0.21427421978350933 0.03159171189115843 0.21015356171074961 0.03571236996391823 0.20740645632890967 0.038459475345758096 0.20809323267436963 0.04189335707305793 0.21015356171074956 0.040519804382137994 0.21839487785626915
0 0.1023296754735349 0.23281718111092842 0.09889579374623511 0.2273229703472487 0.10370322816445485 0.21976843054718914 0.10851066258267464 0.21839487785626915 0.11194454430997444 0.22114198323810905 0.11263132065543441 0.22526264131086884 0.10919743892813459 0.23075685207454857
0 0.12911395294647357 0.23144362842000848 0.12430651852825383 0.22869652303816862 0.12361974218279387 0.22045520689264908 0.13117428198285347 0.21633454881988923 0.140789150819293 0.21976843054718911 0.1366684927465332 0.2280097466927087
0 0.18199573154689094 0.2190816542017291 0.1785618498195911 0.2156477724744293 0.18199573154689094 0.2094667853652896 0.1847428369287308 0.2067196799834497 0.18817671865603064 0.21015356171074953 0.18817671865603064 0.21564777247442926
0 0.2589146822384071 0.261661787620247 0.2499865897474276 0.26097501127478706 0.2465527080201277 0.2589146822384072 0.2451791553292078 0.2513601424383475 0.2451791553292078 0.24311882629282794 0.2492998134019676 0.241058497256448 0.25273369512926747 0.24037172091098807 0.25479402416564734 0.24792626071104767 0.2582279058929472 0.2527336951292674 0.262348563965707 0.2575411295474872
0 0.563156603277172 0.33720718562084323 0.5459871946406728 0.33446008023900337 0.544613641949753 0.32759231678440376 0.5466739709861329 0.3186642242934242 0.5507946290588926 0.3166038952570443 0.5604094978953322 0.32209810602072403 0.565216932313552 0.3303394221662436
0 0.5604094978953321 0.30904935545698464 0.5569756161680324 0.302181592002385 0.5604094978953322 0.2987477102750852 0.5652169323135519 0.29806093392962524 0.565216932313552 0.3049286973842249
0 0.6194722636048892 0.2905063941295655 0.6160383818775894 0.283638630674966 0.6180987109139693 0.2795179726022062 0.622219368986729 0.2781444199112862 0.6270268034049489 0.2774576435658262 0.6284003560958689 0.2836386306749659 0.623592921677649 0.28844606509318566
0 0.08584704318249572 0.1826825078923509 0.08103960876427596 0.18199573154689094 0.07897927972789608 0.1737544154013714 0.08035283241881601 0.16757342829223168 0.08722059587341567 0.1668866519467717 0.08928092490979558 0.16826020463769165 0.09065447760071552 0.1751279680922913
0 0.08790737221887562 0.16139244118309198 0.07829250338243612 0.15864533580125215 0.07623217434605621 0.15246434869211245 0.07966605607335604 0.1476569142738927 0.08241316145519591 0.14628336158297275 0.09202803029163543 0.14284947985567292 0.0968354647098552 0.14284947985567292 0.0968354647098552 0.15040401965573255 0.09546191201893528 0.15658500676487225 0.09408835932801535 0.16070566483763205
0 0.08103960876427597 0.11194454430997444 0.0727982926187564 0.11194454430997444 0.0707379635823765 0.10851066258267464 0.06936441089145656 0.10439000450991481 0.07623217434605621 0.09752224105531516 0.08241316145519591 0.09683546470985521 0.08516026683703577 0.09820901740077513 0.08722059587341567 0.1050767808553748
0 0.08928092490979556 0.1332346110192334 0.08309993780065589 0.12842717660101363 0.08447349049157582 0.12224618949187394 0.08996770125525554 0.11743875507365417 0.09614868836439522 0.1153784260372743 0.10026934643715502 0.11949908411003406 0.09889579374623508 0.12361974218279385 0.09408835932801533 0.12774040025555367
0 0.1490304669648126 0.12636684756463373 0.14422303254659283 0.12842717660101366 0.1387288217829131 0.1284271766010136 0.13941559812837306 0.12155941314641396 0.1449098088920528 0.12018586045549406
0 0.2355642864927683 0.08722059587341568 0.22869652303816868 0.08928092490979557 0.21839487785626913 0.08790737221887562 0.21427421978350938 0.08447349049157582 0.2190816542017291 0.07348506896421636 0.22594941765632878 0.07142473992783646 0.2314436284200085 0.07348506896421636 0.23625106283822822 0.07760572703697616
0 0.0439453125 0.010498046875 0.048095703125 0 0.0283203125 0.000244140625 0.033447265625 0.0078125
0 0.08722059587341566 0.05288177860041737 0.0824131614551959 0.04532723880035776 0.08516026683703577 0.03777269900029813 0.08996770125525555 0.034338817272998284 0.09408835932801533 0.04189335707305793 0.09202803029163542 0.05356855494587736
0 0.10301645181899487 0.03639914630937818 0.09408835932801533 0.03296526458207835 0.09408835932801533 0.022663619400178914 0.10095612278261498 0.017169408636499153 0.10439000450991481 0.021976843054718934 0.10576355720083473 0.030904935545698467
0 0.16345277021947188 0.04120658072759795 0.161392441183092 0.030904935545698453 0.16345277021947194 0.026784277472938663 0.1675734282922317 0.027471053818398608 0.1689469809831516 0.0357123699639182 0.16826020463769167 0.04051980438213797
0 0.15177757234665246 0.027471053818398622 0.1366684927465332 0.024037172091098798 0.13392138736469336 0.017169408636499163 0.13804204543745316 0.010301645181899504 0.1435362562011329 0.004120658072759832 0.15109079600119252 0.003433881727299831 0.1572717831103322 0.003433881727299831 0.15933211214671208 0.013735526909199325 0.15658500676487222 0.027471053818398622
0 0.3289658694753236 0.08928092490979556 0.3207245533298041 0.07897927972789608 0.3248452114025639 0.06661730550961673 0.3275923167844037 0.059749542055017035 0.3351468565844634 0.0570024366731772 0.34407494907544295 0.06249664743685694 0.3495691598391227 0.0673040818550767 0.3495691598391226 0.07760572703697617 0.3440749490754429 0.0851602668370358 0.3323997512026235 0.08928092490979556
0 0.2925667231659454 0.10232967547353494 0.2898196177841056 0.09546191201893527 0.2939402758568654 0.08790737221887567 0.2980609339296252 0.08447349049157585 0.30149481565692504 0.0789792797278961 0.3049286973842248 0.07417184530967635 0.31317001352974444 0.07417184530967637 0.31729067160250424 0.07897927972789609 0.31866422429342417 0.08309993780065589 0.31866422429342417 0.09065447760071552 0.3145435662206644 0.09614868836439525 0.3083625791115247 0.09820901740077514 0.2994344866205451 0.10026934643715504
0 0.301494815656925 0.013048750563739359 0.2925667231659454 0.015795855945579234 0.2836386306749659 0.017856184981959136 0.2760840908749063 0.01716940863649915 0.27333698549306645 0.009614868836439517 0.28844606509318566 0.0034338817272998486 0.3001212629660051 0.005494210763679732
0 0.31660389525704424 0.01648263229103919 0.30904935545698464 0.016482632291039204 0.3042419210387649 0.008928092490979568 0.3035551446933049 0.0027471053818398927 0.30904935545698464 0 0.3159171189115843 0 0.31935100063888416 0.004807434418219771 0.31935100063888416 0.009614868836439534
0 0.2767708672203662 0.15383790138303235 0.2719634328021465 0.14971724331027259 0.2740237618385264 0.14147592716475305 0.27745764356582625 0.13529494005561327 0.28432540702042586 0.1373552690919932 0.28432540702042586 0.141475927164753 0.2836386306749659 0.14834369061935265
0 0.3557501469482623 0.19916514018339007 0.3502559361845826 0.1957312584560903 0.3516294888755025 0.1874899423105707 0.35643692329372223 0.18611638961965082 0.362617910402862 0.1888634950014907 0.3612443577119421 0.1929841530742505
0 0.41275258362143946 0.20191224556522994 0.4079451492032198 0.19779158749247017 0.4120658072759796 0.19435770576517036 0.41687324169419926 0.19161060038333055 0.4203071234214992 0.19573125845609035 0.4175600180396593 0.19985191652885015
0 0.4388500847489181 0.10645033354629471 0.4312955449488586 0.10507678085537481 0.43129554494885863 0.09889579374623511 0.43541620302161843 0.09408835932801538 0.4409104137852981 0.09683546470985518
0 0.48388671875 0.105712890625 0.49609375 0.099853515625 0.491943359375 0.091796875 0.482177734375 0.0908203125 0.47705078125 0.094482421875 0.47607421875 0.102783203125 0.478271484375 0.10546875
0 0.4972260741130152 0.17993540251051102 0.4896715343129558 0.1785618498195911 0.4834905472038159 0.17444119174683137 0.4869244289311158 0.16482632291039184 0.49310541604025554 0.16551309925585184 0.49859962680393527 0.16963375732861163 0.4985996268039353 0.17444119174683143
0 0.5281310096587137 0.1881767186560306 0.5274442333132539 0.1785618498195911 0.5288177860041737 0.17306763905591144 0.5329384440769336 0.16894698098315164 0.5377458784951533 0.17306763905591144 0.5384326548406133 0.17993540251051104 0.5363723258042334 0.1888634950014906 0.5315648913860136 0.19298415307425043
0 0.4896715343129556 0.24861303705650764 0.48280377085835596 0.2513601424383476 0.47799633644013634 0.24792626071104773 0.48211699451289614 0.24037172091098813 0.4862376525856559 0.242432049947368
0 0.49516574507663536 0.23831139187460812 0.49516574507663536 0.23144362842000848 0.4985996268039352 0.22594941765632875 0.5027202848766951 0.2273229703472487 0.49997317949485526 0.23487751014730834
0 0.5240103515859539 0.27058988011122653 0.5192029171677341 0.26303534031116693 0.521950022549574 0.25685435320202726 0.5274442333132539 0.2596014585838672 0.5288177860041737 0.26921632742030666
0 0.5349987731133133 0.25273369512926747 0.5363723258042334 0.24311882629282788 0.5404929838769932 0.2376246155291482 0.5466739709861329 0.2403717209109881 0.5480475236770528 0.24723948436558776 0.5398062075315332 0.25342047147472746
0 0.5507946290588925 0.2582279058929472 0.542553312913373 0.25822790589294725 0.5453004182952129 0.24998658974742766 0.5528549580952725 0.24861303705650767 0.5569756161680323 0.2534204714747274
0 0.5597227215498721 0.2513601424383475 0.5556020634771124 0.24449237898374793 0.5597227215498722 0.22869652303816862 0.5665904850044717 0.22869652303816856 0.5679640376953918 0.2383113918746081 0.565903708659012 0.24723948436558768
0 0.7884192445880407 0.281578301638586 0.7801779284425213 0.2836386306749659 0.7719366122970015 0.2788311962567462 0.7746837176788415 0.2712766564566866 0.7863589155516609 0.2719634328021465
0 0.8165770747518993 0.27539731452944627 0.8103960876427597 0.2699031037657666 0.80833575860638 0.26303534031116693 0.80696220591546 0.25616757685656727 0.8117696403336797 0.2458659316746678 0.8186374037882794 0.24723948436558774 0.8227580618610392 0.2582279058929472 0.824131614551959 0.26646922203846674
0 0.8358068124247784 0.2506733660928875 0.825505167242879 0.24792626071104762 0.8227580618610392 0.24380560263828788 0.8227580618610392 0.2362510628382283 0.8303126016610987 0.23625106283822828 0.8364935887702385 0.23899816822006814
0 0.7300432552239436 0.24998658974742757 0.723175491769344 0.24929981340196766 0.7218019390784242 0.241745273601908 0.7293564788784838 0.24174527360190806
0 0.6744143712416865 0.2286965230381686 0.666173055096167 0.22251553592902895 0.6668598314416269 0.21358744343804942 0.6723540422053066 0.20946678536528962 0.6826556873872061 0.21084033805620955 0.6819689110417462 0.2197684305471891 0.6819689110417462 0.22594941765632875
0 0.6586185152961072 0.21084033805620953 0.6517507518415077 0.20946678536528962 0.6503771991505877 0.20122546921976997 0.6593052916415673 0.20259902191068996
0 0.6352681195504684 0.2472394843655877 0.6318342378231685 0.24037172091098807 0.6338945668595486 0.22663619400178875 0.6428226593505281 0.22663619400178875 0.6462565410778278 0.2335039574563884 0.6441962120414481 0.24243204994736794
0 0.6462565410778278 0.22938329938362859 0.6414491066596082 0.22320231227448895 0.6441962120414481 0.21427421978350936 0.6496904228051278 0.21221389074712949 0.6531243045324275 0.22114198323810902 0.6510639754960477 0.2293832993836286
0 0.662052397023407 0.24517915532920778 0.6531243045324275 0.24792626071104773 0.6448829883869079 0.24449237898374793 0.6455697647323678 0.23556428649276834 0.6524375281869675 0.23144362842000854 0.6593052916415671 0.2341907338018484 0.6627391733688671 0.2383113918746082
0 0.5920012097864905 0.19367092941971034 0.5858202226773509 0.18817671865603064 0.5899408807501108 0.17993540251051104 0.5947483151683304 0.17924862616505105 0.6002425259320102 0.18268250789235085 0.6009293022774702 0.18748994231057065
0 0.581699564604591 0.18542961327419075 0.5762053538409114 0.17650152078321124 0.5775789065318313 0.1675734282922317 0.5878805517137309 0.17100731001953146 0.5968086442047104 0.17512796809229125 0.5974954205501704 0.17856184981959106 0.5885673280591908 0.1840560605832708
0 0.561096274240792 0.14903046696481256 0.5624698269317121 0.14078915081929305 0.5679640376953917 0.14216270351021293 0.5679640376953918 0.14834369061935265
0 0.5762053538409113 0.12224618949187391 0.5652169323135519 0.12224618949187391 0.5638433796226319 0.11675197872819416 0.5707111430772317 0.10782388623721467 0.5768921301863713 0.10851066258267462 0.5789524592227513 0.11331809700089436
0 0.5734582484590715 0.08103960876427596 0.5659037086590119 0.08103960876427602 0.5583491688589522 0.07554539800059626 0.5604094978953322 0.06867763454599661 0.5679640376953918 0.06524375281869677 0.5720846957681516 0.06867763454599657
0 0.5514814054043525 0.07485862165513626 0.543926865604293 0.0727982926187564 0.543926865604293 0.06387020012777685 0.5514814054043526 0.06043631840047704 0.5569756161680324 0.06318342378231687 0.5569756161680323 0.06936441089145653
0 0.5343119967678533 0.04944789687311754 0.5288177860041737 0.04670079149127771 0.5281310096587137 0.040519804382138 0.5322516677314735 0.038459475345758096 0.5363723258042334 0.04189335707305792
0 0.5082144956403748 0.06524375281869679 0.503407061222155 0.06112309474593697 0.5013467321857752 0.05150822590949743 0.5047806139130749 0.04258013341851789 0.5116483773676747 0.04189335707305793 0.5164558117858944 0.049447896873117535 0.5157690354404344 0.0563156603277172
0 0.6234157762132837 0.14958118469513773 0.616660496904471 0.14716858494199034 0.6171430168551005 0.1355881061268829 0.6234157762132837 0.13414054627499447 0.6272759358183195 0.13607062607751239 0.6267934158676901 0.14330842533695454
0 0.5906044195704794 0.022195917728955926 0.5857792200641845 0.013510558617625353 0.587226779916073 0.007237799259442158 0.5906044195704793 0.0033776396544063433 0.5930170193236267 0.002412599753147386 0.5988072587311805 0.003860159605035822 0.6017023784349572 0.0057902394075537225 0.6017023784349573 0.011580478815107438 0.5997722986324394 0.017370718222661154 0.597359698879292 0.022195917728955926
0 0.5688910217921529 0.01592315837077273 0.5621357424833402 0.00868535911133058 0.5616532225327108 0 0.576128821051595 0 0.5804715006072603 0.0014475598518884393 0.5785414208047424 0.01206299876573692 0.5737162212984476 0.018335758123920125
0 0.6301710555220963 0.007720319210071623 0.6369263348309091 0.00048251995062947167 0.6214856964107658 0 0.6248633360651722 0.005790239407553726
0 0.6586397326092355 0.05114711476672452 0.6533320131523113 0.05259467461861296 0.6475417737447575 0.05211215466798348 0.6417515343372038 0.05211215466798348 0.6398214545346859 0.04632191526042974 0.6417515343372038 0.041014195803505515 0.6528494932016817 0.03860159605035813 0.656227132856088 0.04149671575413498 0.6571921727573471 0.04487435540854132
0 0.6697376914737134 0.04294427560602342 0.6634649321155303 0.039084116000987615 0.6605698124117534 0.03474143644532231 0.6644299720167892 0.027986157136509635 0.669255171523084 0.027021117235250677 0.6731153311281197 0.02991623693902755 0.6745628909800083 0.03667151624784021
0 0.6422340542878333 0.014958118469513774 0.6407864944359448 0.022195917728955926 0.6398214545346859 0.02364347758084434 0.6364438148802796 0.026538597284621206 0.6292060156208374 0.02557355738336225 0.6311360954233554 0.01544063842014324 0.6330661752258733 0.01061543891384847 0.637891374732168 0.010615438913848481
0 0.7618990020439436 0.007720319210071623 0.7561087626363897 0.013993078568254817 0.7503185232288361 0.01640567832140221 0.743080723969394 0.01592315837077273 0.7406681242162465 0.009167879061960059 0.7488709633769477 0.0014475598518884324 0.7575563224882782 0.0004825199506294821
0 0.65625 0.139892578125 0.662353515625 0.138671875 0.66650390625 0.130126953125 0.666015625 0.120849609375 0.659912109375 0.1171875 0.656005859375 0.1181640625 0.65234375 0.122314453125 0.64892578125 0.132568359375 0.6494140625 0.137451171875
0 0.6364438148802796 0.1708120625228347 0.6340312151271323 0.16357426326339256 0.6349962550283911 0.1544063842014325 0.6412690143865744 0.15488890415206197 0.6422340542878333 0.15826654380646832 0.6422340542878333 0.16405678321402203
0 0.71533203125 0.197021484375 0.718017578125 0.19677734375 0.7236328125 0.188720703125 0.72314453125 0.180908203125 0.718017578125 0.17626953125 0.711669921875 0.1787109375 0.70751953125 0.184326171875 0.70947265625 0.190673828125
0 0.7638290818464615 0.2137563381288581 0.7590038823401667 0.21423885807948756 0.752248603031354 0.2113437383757107 0.7536961628832424 0.19976325956060326 0.7594864022907961 0.19783317975808534 0.7657591616489794 0.19928073960997375 0.7676892414514971 0.2050709790175275
0 0.7657591616489794 0.06562271328560881 0.7609339621426845 0.060797513779314055 0.761416482093314 0.05452475442113086 0.7672067215008678 0.05114711476672451 0.771549401056533 0.05259467461861295 0.7696193212540151 0.06272759358183194
0 0.7739620008096804 0.06562271328560881 0.7710668811059036 0.05983247387805511 0.7729969609084215 0.05259467461861296 0.7763746005628278 0.04680443521105923 0.7845774397235288 0.04487435540854132 0.7903676791310825 0.04487435540854132 0.7971229584398953 0.050182074865465554 0.7913327190323415 0.05597231427301928 0.7855424796247877 0.06128003372994352 0.7768571205134571 0.06321011353246142
0 0.7971229584398953 0.08878367091582368 0.791815238982971 0.08588855121204683 0.7894026392298237 0.08202839160701103 0.7908501990817122 0.07479059234756882 0.7951928786373774 0.0738255524463099 0.7971229584398953 0.0776857120513457 0.7976054783905246 0.08395847140952889
0 0.8458574734534724 0.07141295269316253 0.8381371542434007 0.06803531303875618 0.835242034539624 0.059832473878055084 0.835242034539624 0.05114711476672451 0.8376546342927713 0.04728695516168871 0.8468225133547314 0.049217034964206624 0.854542832564803 0.051147114766724525 0.8569554323179505 0.0559723142730193 0.8530952727129146 0.06707027313749726 0.8492351131078788 0.07141295269316254
0 0.8762562303431294 0.0472869551616887 0.8757737103925 0.0410141958035055 0.8743261505406115 0.033776396544063364 0.8772212702443885 0.028951197037768592 0.8820464697506831 0.028951197037768592 0.88494158945446 0.033293876593433885 0.885906629355719 0.035223956395951786 0.88494158945446 0.04053167585287602 0.8830115096519421 0.04439183545791184 0.8820464697506831 0.045839395309800274
0 0.89453125 0.074462890625 0.90234375 0.068603515625 0.9052734375 0.061279296875 0.90478515625 0.054931640625 0.902099609375 0.0517578125 0.898193359375 0.05078125 0.89013671875 0.056396484375 0.8857421875 0.066650390625 0.887451171875 0.07275390625
0 0.8680533911824284 0.0989165898790427 0.863710711626763 0.09505643027400687 0.8641932315773926 0.0868535911133058 0.868535911133058 0.08588855121204683 0.871913550787464 0.08974871081708263 0.874808670491241 0.09409139037274791 0.8728785906887231 0.09698651007652478
0 0.8820464697506831 0.09457391032337739 0.8772212702443883 0.09119627066897108 0.8767387502937589 0.08540603126141735 0.8786688300962768 0.08154587165638152 0.883976549553201 0.08299343150826996 0.8849415894544601 0.08637107116267631 0.8849415894544599 0.09023123076771211
0 0.9746903002715426 0.0289511970377686 0.9713126606171363 0.021230877827696983 0.9746903002715426 0.015440638420143257 0.9809630596297259 0.013510558617625349 0.9848232192347617 0.016405678321402217 0.9828931394322438 0.023643477580844355 0.979998019728467 0.02750363718588017
0 0.9751728202221721 0.06948287289064461 0.9698651007652479 0.06562271328560881 0.9751728202221722 0.05452475442113086 0.9799980197284669 0.05452475442113084 0.9804805396790963 0.058384914026166676 0.9795154997778374 0.06465767338434987
0 0.7918152389829711 0.15151126449765567 0.7778221604147162 0.15681898395457988 0.7701018412046446 0.15537142410269145 0.7628640419452024 0.15344134430017353 0.7570738025376487 0.14716858494199034 0.7599689222414256 0.1399307856825482 0.7720319210071624 0.1380007058800303 0.7783046803653457 0.13896574578128923 0.7865075195260468 0.14041330563317767 0.7922977589336007 0.14668606499136086
0 0.7754095606615689 0.12062998765736913 0.7710668811059036 0.11532226820044489 0.7710668811059036 0.10953202879289117 0.7701018412046445 0.10325926943470799 0.7749270407109394 0.09795154997778374 0.7826473599210109 0.0989165898790427 0.7836123998222699 0.09939910982967218 0.7889201192791941 0.10422430933596694 0.7874725594273058 0.10953202879289117 0.7821648399703814 0.11628730810170385 0.781682320019752 0.1172523480029628
0 0.7898851591804532 0.12400762731177548 0.7850599596741584 0.11918242780548072 0.7879550793779353 0.11242714849666804 0.79278027888423 0.10711942903974378 0.7966404384892658 0.10856698889163222 0.8000180781436721 0.11628730810170385 0.7971229584398952 0.12014746770673965
0 0.7922977589336005 0.1418608654850661 0.7840949197728995 0.13703566597877137 0.7787872003159753 0.13028038666995867 0.7773396404640869 0.12449014726240498 0.7840949197728995 0.12062998765736915 0.7927802788842301 0.1196649477561102 0.7990530382424131 0.12256006745988707 0.7976054783905248 0.12883282681807026 0.7966404384892658 0.1341405462749945
0 0.8202839160701101 0.14234338543569558 0.814011156711927 0.14282590538632506 0.8058083175512258 0.14475598518884297 0.8029131978474491 0.1341405462749945 0.8072558774031142 0.1297978667193292 0.8144936766625565 0.12979786671932922 0.8236615557245164 0.13510558617625343 0.8241440756751459 0.1380007058800303
0 0.7985705182917837 0.22485429699333606 0.7980879983411542 0.21616893788200553 0.7995355581930427 0.20748357877067486 0.8043607576993375 0.2021758593137507 0.8082209173043732 0.20265837926438018 0.8106335170575206 0.20603601891878653 0.8125635968600385 0.20941365857319283 0.8106335170575206 0.21568641793137605 0.8053257976005964 0.22147665733892974 0.8043607576993375 0.22195917728955922
0 0.8096684771562617 0.22967949649963085 0.8082209173043732 0.2248542969933361 0.8125635968600385 0.2171339777832645 0.815941236514445 0.216651457832635 0.8164237564650743 0.22340673714144765 0.8154587165638154 0.22774941669711296
0 0.833311954737106 0.1968681398568264 0.8231790357738871 0.19542058000493795 0.8193188761688512 0.18480514109108948 0.8231790357738871 0.1804624615354242 0.8313818749345881 0.17949742163416527 0.8352420345396239 0.1848051410910895 0.8357245544902534 0.19107790044927273
0 0.85595703125 0.223876953125 0.861328125 0.219970703125 0.8642578125 0.213623046875 0.86328125 0.209228515625 0.859130859375 0.2060546875 0.853271484375 0.20751953125 0.8466796875 0.215576171875 0.84716796875 0.219970703125 0.851318359375 0.22412109375
0 0.9076200271340453 0.16550434306591044 0.9003822278746032 0.165021823115281 0.8974871081708263 0.15971410365835673 0.895074508417679 0.15295882434954408 0.8984521480720853 0.15006370464576724 0.9032773475783801 0.1510287445470262 0.9090675869859339 0.15537142410269147 0.9095501069365632 0.1611616635102452
0 0.8834940296025717 0.18866530069612536 0.8820464697506831 0.18046246153542428 0.886871669256978 0.17322466227598207 0.8945919884670495 0.17563726202912947 0.8916968687632726 0.1833575812392011 0.8883192291088663 0.18818278074549585
0 0.8584029921698388 0.15151126449765567 0.8540603126141735 0.15585394405332093 0.8502001530091376 0.1563364640039504 0.8487525931572493 0.1563364640039504 0.8473050333053609 0.15247630439891457 0.8468225133547314 0.14765110489261982 0.8487525931572493 0.1442734652382135 0.8530952727129146 0.14234338543569558 0.8579204722192093 0.14234338543569558 0.8593680320710977 0.14668606499136086
0 0.9192005059491528 0.21809901768452342 0.915340346344117 0.21375633812885814 0.9177529460972643 0.20410593911626862 0.9225781456035591 0.20314089921500966 0.926438305208595 0.20555349896815706 0.9249907453567066 0.21182625832634022
0 0.9428439835299973 0.1872177408442369 0.9375362640730729 0.1862527009429779 0.9336761044680371 0.18432262114046005 0.9327110645667781 0.17901490168353582 0.9336761044680371 0.1746722221278705 0.9433265034806266 0.17322466227598207 0.9510468226906983 0.17660230193038842 0.9486342229375508 0.18142750143668318
0 0.9631098214564353 0.22485429699333606 0.9563545421476225 0.22871445659837186 0.9510468226906984 0.22726689674648343 0.9462216231844035 0.21616893788200556 0.9442915433818856 0.2079660987213043 0.9442915433818856 0.2041059391162686 0.9467041431350329 0.2002457795112328 0.9481517029869214 0.19928073960997375 0.9515293426413277 0.19783317975808534 0.9534594224438456 0.19783317975808534 0.9568370620982519 0.20024577951123274 0.9592496618513994 0.20458845906689804 0.9616622616045467 0.20844861867193382 0.9626273015058057 0.2132738181782286 0.9645573813083236 0.2180990176845234
0 0.8297784245407667 1 0.8202075148866673 0.9808713808072661 0.8152898757428226 0.9808713808072661 0.8117772224501689 0.9857889257233844 0.8082646634898537 1
0 0.3956165718133394 0.9989778424632569 0.4029114352441938 0.9850864462583764 0.4064240413706783 0.9893014645442211 0.40712653429627355 1
0 0.6080623182546961 0.8568323248443128 0.6017241967777417 0.8537179754447926 0.5925914114156481 0.8523129693495111 0.5946989845247727 0.8445854122428297 0.6024266897033369 0.843882885612556 0.6080468217727767 0.8473954244333929
0 0.05493084752010911 0.14919485669782992 0.04884203004759487 0.15699083627424767 0.03830425883431068 0.16471839338092906 0.02987403714706638 0.16331336370301477 0.029171520638386406 0.1548833035486926 0.03549419279959079 0.1450482372990888 0.04884203004759487 0.13591567409712582 0.05586721871747923 0.13942818933532974 0.056569735226159205 0.1485607525372927
0 0.7679760255760083 0.3786362628544952 0.7689236446714369 0.3705298035446321 0.7710312177805614 0.3684223179843425 0.7759488569244057 0.36771979135406896 0.7787589229591257 0.3691247974493505 0.7787589229591256 0.37474486899574233 0.7738412838152814 0.3789598872815871 0.7696261375970322 0.3782573606513135
0 0.6582767674135623 0.8382916051548852 0.6509004938838474 0.8389653406964379 0.6452803618144076 0.8340477957803196 0.6494955080326568 0.8277252919341853 0.6586281990624118 0.8291302980294668
0 0.981966831991484 0.9611238730973425 0.9824893236365181 0.947853666820251 0.985299389671238 0.9436386485344062 0.9895144415571484 0.9471511401899774 0.9909195217406777 0.957688709487222 0.9867043755224285 0.9654162665939034
0 0.11596071649780795 0.07657703791423887 0.11206872807655407 0.06847516927991558 0.11487879411127391 0.06074762396455058 0.12120144268939365 0.06355763615511373 0.1226064757067536 0.0691776723275564 0.12330901579851823 0.07409521724367463
0 0.815872884773696 0.0611264381730493 0.8117772224501689 0.06779523859314089 0.8019420384948186 0.06849774164078172 0.7998344653856942 0.06568772945021856 0.8047521045295385 0.0614726875817411
0 0.7594781957183541 0.08198474782365522 0.7506581682795883 0.08603779263620076 0.7471455149869345 0.08463278654091919 0.7471455149869345 0.07831025911215213 0.749955675353993 0.07409521724367467 0.7569807932746234 0.0769052294342378
0 0.3817110320462688 0.30988109400620156 0.37270310745553176 0.30873191905204705 0.3691905484952166 0.30311189467092065 0.37621571358201633 0.3017068885756392 0.38324092583498537 0.3031118946709207
0 0.4442859609980866 0.6057600790499821 0.4380373550105308 0.6023339443842081 0.4380373550105308 0.5974164466333552 0.4387398951022955 0.592498901717237 0.4415499611370154 0.5903913689916819 0.4450625672635 0.5889863628964004 0.4506826993329397 0.5903913689916819 0.4541953054594242 0.5946063872775266 0.45349276536765953 0.6002264588239185 0.45279027244206416 0.6037389504794896
0 0.30523056332738036 0.41185505229805286 0.29542605566988855 0.4091450402998058 0.29612859576165323 0.4007149801454836 0.30174872783109297 0.3986074710025613 0.308773940084062 0.40282248928840597 0.3108814660270172 0.40984754334744655
0 0.4666893306228115 0.35082518332035395 0.4654355695983037 0.34451457125579144 0.4682456827991929 0.33959702633967315 0.4724607818512727 0.33819202024439166 0.47878345401247707 0.3410020324349548 0.4780809139207125 0.3487295895416362 0.47527084788599255 0.351539625314832
0 0.7386198860677481 0.1870488260637444 0.7394178098083702 0.17595846572581436 0.7387153168827748 0.17033841776205533 0.7450380362101485 0.16752840557149223 0.7506581682795883 0.17033841776205536 0.7506581682795884 0.1780659748687368 0.7492530880960592 0.18368602283249583
0 0.2519259942202763 0.17546087625785217 0.24484472554642284 0.1738509565828921 0.24203465951170292 0.16823090861913298 0.24414223262082752 0.16331336370301472 0.2504649047820319 0.16401586675065552 0.25608503685147166 0.16963591471441453
0 0.015531818180075683 0.1909114759990418 0.005285888594013473 0.1879010647009733 0.004583372085333503 0.18087601064193265 0.005988405102693439 0.17666096877345516 0.0130135937725778 0.1787684779163775 0.015121143298617707 0.18509102892777735
0 0.5864314786170307 0.20636207574023135 0.5848637062370837 0.201248646188781 0.5813511472767685 0.19633112485529539 0.5855662934950177 0.19352108908209953 0.5904839326388621 0.19352108908209953 0.593293998673582 0.20054614314114017 0.5946989845247727 0.2082737002478216 0.5911864255644574 0.21529875430686218
0 0.9657437022632349 0.3763186728933168 0.96562883309586 0.3656348781546454 0.9712489651653 0.35860980051297203 0.9761666043091443 0.3593123271432456 0.9796792576017982 0.3621223393338088 0.9796792576017982 0.36914736981021656 0.9761666043091444 0.37406491472633485
0 0.19089612524257743 0.6899658476394652 0.18302308411790824 0.6893994605615262 0.17599791903110856 0.6837794361804002 0.17529537893934394 0.6760518790737187 0.17599791903110856 0.6711343341576004 0.1823205911923129 0.6697293280623189 0.18934575627911257 0.6718368136226085 0.19285836240559714 0.6774568851690002 0.19215582231383255 0.6851844422756816
0 0.873812633803157 0.14996738668488938 0.8750039440622128 0.1401532647438366 0.8799215832060572 0.1352357434103511 0.8869467954590262 0.1359382464579919 0.8897568614937461 0.1436658035646733 0.8876492883846216 0.14928582794579953 0.8813265690572479 0.15279836676663633
0 0.33844935277093796 0.21022472567552875 0.3312545155279903 0.2110837124383847 0.3263368763841458 0.2082737002478216 0.32563438345855056 0.19914113704585856 0.3326595485453503 0.19703362790293624 0.33898222070655465 0.20335615533170331
0 0.6760449571159303 0.75717595651364 0.676191182528665 0.7511973450541114 0.6775961683798557 0.7434697879474301 0.6811088216725094 0.7448747940427116 0.6839188877072293 0.7462798001379931 0.6832163947816339 0.751899871684385 0.6832163947816339 0.7554123633399561
0 0.540079679393462 0.8127981155819225 0.5356874091309779 0.8220826716095602 0.5293647841359428 0.819975138884005 0.5258522251756276 0.816462623645801 0.5293647841359428 0.811545078729683 0.5342824232797873 0.8087350665391196
0 0.10437276669191578 0.11906618720251022 0.09731583422810537 0.11905555378848148 0.09450574461030085 0.11694802106292636 0.09591077762766079 0.10289793652747788 0.09942338375414528 0.09727788856371886 0.10504353940666969 0.09727788856371887 0.10855612195006956 0.09868289465900042 0.10644857242402964 0.10922046395624495
0 0.10128264674367786 0.09511775760366636 0.10153093328018517 0.0874428223141151 0.1078536054413896 0.08603779263620073 0.11136618798478941 0.08814532536175589 0.11066367147610948 0.09376534974288216 0.10855612195006957 0.09798039161135963
0 0.9670339132793894 0.2504014522411992 0.9607111939520157 0.2433763981821586 0.9621162741355448 0.23354130834992204 0.9628187670611403 0.22300373905267754 0.9677364062049847 0.22089622990975513 0.9705464722397046 0.22932629006407731 0.9733565382744244 0.24197139208687699
0 0.6474613475947296 0.7664463163583537 0.6445778688888123 0.7582224226957848 0.6466853476655983 0.7533048777796666 0.6501980009582523 0.7547098838749482 0.6544130528441626 0.7589249021607929 0.6544130528441626 0.7624374409816296
0 0.612697498177053 0.18086858616726856 0.606641835921586 0.1808985830027987 0.6038317698868662 0.1787910502772436 0.6052367557380568 0.17527853503903978 0.6066418359215859 0.16965848707528058 0.6101543948819012 0.165443468789436 0.6143695411001504 0.16684847488471746 0.6178821000604656 0.17106349317056216 0.6178821000604656 0.1759810380866804
0 0.8869456435831681 0.678377897833573 0.8827316492407771 0.6823518577242524 0.8764090242457421 0.6830543371892603 0.8735988638786836 0.6774343128081342 0.876409024245742 0.6739217739872975 0.8834341421663724 0.6725167678920159
0 0.3291789929262242 0.5254169603957962 0.324931843366786 0.518033342840986 0.32352681034942604 0.5117107918295863 0.3298494825106304 0.5096032591040311 0.3361721546718348 0.513115797924868 0.3375771876891947 0.5173308162107126
0 0.3925264518651015 0.4512540816380862 0.3937786970482694 0.44427031059500893 0.39939882911770935 0.4400552923091642 0.40220889515242914 0.44216277786945374 0.39939882911770935 0.45059286160640866
0 0.3554450124862465 0.7934848659054354 0.34670992588511895 0.7975175429724677 0.3389822207065546 0.7968150399248268 0.3389822207065547 0.7926000216389821 0.34389985985039917 0.7862774706275824 0.34811495890247895 0.78416996148466 0.35443763106368337 0.7862774706275825
0 0.31372839318503465 0.18859388603786334 0.3122865462105465 0.17949355332488437 0.31509661224526636 0.17738604418196202 0.3186091712055816 0.17598103808668047 0.3228243174238306 0.17808854722960282 0.3228243174238306 0.1837085951933619 0.31931171129734615 0.18651860738392506
0 0.944885392612629 0.32687675372151015 0.9375280784163227 0.32695194789950627 0.9354205053071981 0.32203440298338804 0.9382306656742566 0.3136043428290659 0.942445717560167 0.3129018397814251 0.9473633567040117 0.3171168580672698
0 0.7193066363912611 0.5663610497099486 0.7141272154958913 0.5622685803946534 0.7134246282379573 0.556648556013527 0.7211523334165216 0.5559460293832534 0.7246649867091755 0.5580535621088086 0.7246649867091755 0.5629711070249269
0 0.9842844219526625 0.7324549969277366 0.9796792576017982 0.7272670259646943 0.9831918165621134 0.7216470015835681 0.9881094557059578 0.7223495046312088 0.9923246019242069 0.7293745586902495
0 0.39793416177451785 0.7193219871477254 0.390266090921785 0.7146445198853936 0.39448118997386494 0.7083219688739937 0.40361392816978914 0.7097269749692753 0.4071265342962736 0.7153470229330343
0 0.8753576937772759 0.7193219871477254 0.8693838119927731 0.7244570137741312 0.8644661728489286 0.7272670259646943 0.8588460407794889 0.7272670259646943 0.8630610926653993 0.7146219475245275 0.8707887978439637 0.7125144147989724
0 0.6969094552210376 0.11484514588166594 0.6880496133023353 0.11508156072882147 0.6827107270176278 0.11134713046843664 0.6880496133023353 0.10174432898695596 0.6960580502641671 0.10281131289896772 0.6997954212121412 0.10761270020805175
0 0.4432998383125586 0.47588661439720914 0.4360517718852781 0.4763532437353056 0.43231450847207464 0.4715518564262216 0.43338232874292426 0.4619490549447409 0.43818735865959224 0.46034856564506704 0.4429923885762602 0.4608820978960418 0.4429923885762602 0.4678174261658367
0 0.03206479978387889 0.5445725523099223 0.022284079150239174 0.546023362813858 0.019080725872460527 0.5369540935833521 0.02228407915023917 0.534820098896016 0.028156929337756858 0.5364205613323773
0 0.5199110767536617 0.11748691272446261 0.509729112343728 0.11699857748100326 0.5086613458402637 0.1079292545238722 0.510263022479153 0.10259437525878226 0.5166697290347103 0.10526180817549907 0.5241442558611172 0.11113017939659489
0 0.6519994188934946 0.27687351223986095 0.6448042902849382 0.2727774093036863 0.6448042902849382 0.2642415380075922 0.6485415536981418 0.2615741453858442 0.6544143501182742 0.2642415380075922 0.6586855236669026 0.27010993609200057
0 0.8571766436840349 0.26718703381627323 0.8487517250005451 0.2658420004439535 0.8482178148651204 0.258373193649809 0.8519550782783238 0.25303827408975016 0.8578278746984563 0.2530382740897502 0.8620990482470847 0.25783968826214676
0 0.7057153446970266 0.44066305649325377 0.6965920679343626 0.444343914418141 0.6933887146565839 0.43847557006035776 0.6960580502641671 0.4331406236369864 0.7051343074968487 0.431540161200625
0 0.38341978987583436 0.17384460537079133 0.3719845450275493 0.17279797286168416 0.3714506348921245 0.16426214186055899 0.37625566480879247 0.15625980281543966 0.38319628149977464 0.1487909691579825 0.3917385748296461 0.15412584842307242 0.3906708083261817 0.16052772503183038
0 0.4432998383125586 0.19673991800836235 0.4355179155172385 0.19627149804103625 0.43498400538181375 0.18720217508390516 0.43925512516305687 0.18720217508390516
0 0.09987014874899311 0.6387955697030031 0.0916902729437534 0.6415179259676276 0.08795303641424253 0.6356495278832193 0.09008859630486407 0.6233793337799906 0.09863088963473556 0.6271137103137503 0.10183426979620684 0.6313816459617974
0 0.4573892614741408 0.4917372154539891 0.4483313286283531 0.49000701636133526 0.45100082553809206 0.4820046773162161 0.4552719453193352 0.47666978461946985 0.4616787056422778 0.47560280070745814 0.4638142386492068 0.479337230967843 0.461144795506853 0.48467212366458917
0 0.26542087089758365 0.01886095059338741 0.2550617740169318 0.023854933223098902 0.24545171418359585 0.025455395659460256 0.2422483609058172 0.01905351905070228 0.24438389391274612 0.011584685393245142 0.2507906542356887 0.00731677660851069 0.2587990374301353 0.008383733657209892
0 0.3614050661858622 0.8210774818559724 0.3559677248712708 0.8296226145599831 0.3490271081802887 0.8290891628989461 0.34582375490251 0.825354678911936 0.34048481485041715 0.81628540968143 0.34528984476708524 0.8104170115970217 0.3532982279615318 0.8024146456885898 0.3591710781490495 0.806682635063262 0.362908341562253 0.812017474033383
0 0.3402709314434889 0.3746188854233373 0.3340780545274746 0.36507099385810804 0.34208649148930653 0.3565351762886391 0.35062878481917803 0.3592026495003248 0.35062878481917803 0.36720496168213157
0 0.6211788057275335 0.6872279618209418 0.6186434463925138 0.6788621748448509 0.6191773565279386 0.6708598089364192 0.625050152948071 0.6692593465000578 0.6303891467675492 0.6713933143240813 0.6319907696390533 0.6777952177961519 0.6271857934897704 0.6825966051052359
0 0.46003102831693743 0.8739128187119055 0.45367026868044596 0.873368713182652 0.44672965198946374 0.8717682507462905 0.4445940652151496 0.8675003150982435 0.44672965198946374 0.8600315083040989 0.45206859204155664 0.8546966156073528 0.4558058554547601 0.8541631102196906 0.45900920873253875 0.8552300672683897 0.4606108853714281 0.8626989277891595
0 0.9144149252779625 0.13069574693844593 0.9074800118061812 0.12340045408976125 0.9074800118061812 0.1137976391766243 0.9138867183617385 0.11006320891623944 0.9213612451881454 0.11699857748100329 0.9240306883304993 0.12286694870209908
0 0.44065807146976194 0.09283042219169381 0.43765344852416743 0.07912083664777393 0.43978903529848157 0.06791757272993193 0.44352629871168514 0.06418315590120334 0.4477974722603135 0.07005152712229913 0.44886523876377793 0.07912083664777392 0.44886523876377804 0.08445572934452013