0 0.09065447760071549 0.8564101027885773 0.09340158298255535 0.8488555629885178 0.09340158298255535 0.8413010231884582 0.08996770125525552 0.8364935887702385 0.0906544776007155 0.8296258253156388 0.0927148066370954 0.8220712855155792 0.09820901740077512 0.8268787199337989 0.09958257009169505 0.8323729306974786 0.10232967547353491 0.8406142468429982 0.10095612278261498 0.8522894447158176 0.09614868836439523 0.8577836554794973
0 0.04944789687311754 1 0.03983302803667803 0.9971992536078704 0.028157830163858595 0.9923918191896508 0.02403717209109881 0.9889579374623509 0.01991651401833902 0.985524055735051 0.015795855945579224 0.9827769503532112 0.015795855945579224 0.9772827395895314 0.024723948436558785 0.9731620815167716 0.02953138285477854 0.9717885288258518 0.034338817272998305 0.9752224105531516 0.0363991463093782 0.9779695159349915 0.040519804382137994 0.9807166213168313 0.04464046245489779 0.9834637266986712 0.050134673218577515 0.9855240557350511 0.054255331291337305 0.9841505030441311 0.057002436673177156 0.9868976084259711 0.057002436673177156 0.9923918191896508 0.05768921301863712 0.9971992536078705
0 0.04464046245489778 0.8962431308252554 0.043266909763977845 0.8914356964070357 0.045327238800357744 0.8886885910251958 0.05082144956403747 0.8880018146797359 0.05562888398225724 0.8886885910251958 0.05494210763679727 0.8955563544797955 0.051508225909497454 0.8983034598616353 0.04807434418219762 0.9003637888980153
0 0.22800974669270868 0.9669810944076318 0.21839487785626913 0.965607541716712 0.21564777247442932 0.9635472126803319 0.21496099612896932 0.9594265546075723 0.21702132516534922 0.9546191201893526 0.221141983238109 0.9539323438438927 0.22594941765632875 0.9553058965348126 0.23007007572908855 0.9566794492257324 0.23281718111092842 0.9587397782621123 0.23281718111092842 0.9621736599894122
0 0.47900390625 0.879150390625 0.48388671875 0.877197265625 0.48681640625 0.869873046875 0.4873046875 0.860595703125 0.483642578125 0.85546875 0.478515625 0.856689453125 0.4755859375 0.864990234375 0.47509765625 0.874755859375
0 0.5075277192949147 0.8811340512251361 0.5040938375676149 0.8763266168069164 0.5054673902585349 0.8722059587341566 0.5109616010222146 0.8756398404614565
0 0.5542285107861924 0.8790737221887562 0.5487343000225128 0.8838811566069761 0.5425533129133732 0.8804472748796762 0.543926865604293 0.8749530641159965 0.5480475236770528 0.8735795114250766
0 0.52880859375 0.999755859375 0.53369140625 0.988037109375 0.5419921875 0.977294921875 0.54150390625 0.968994140625 0.538330078125 0.966796875 0.520751953125 0.96728515625 0.507080078125 0.97314453125 0.50341796875 0.978759765625 0.5029296875 0.985595703125 0.5078125 0.999267578125
0 0.5341796875 0.959228515625 0.537353515625 0.95849609375 0.54052734375 0.954345703125 0.53955078125 0.947509765625 0.526123046875 0.93603515625 0.521728515625 0.93701171875 0.51953125 0.940185546875 0.521484375 0.957275390625 0.525146484375 0.95947265625
0 0.47607421875 0.976318359375 0.484130859375 0.97509765625 0.4892578125 0.969970703125 0.4892578125 0.956787109375 0.48828125 0.953857421875 0.483154296875 0.9501953125 0.471435546875 0.95068359375 0.4658203125 0.956298828125 0.46435546875 0.963623046875 0.46533203125 0.972900390625 0.470947265625 0.9765625
0 0.09408835932801532 0.9374497115528533 0.08790737221887564 0.9326422771346335 0.08516026683703577 0.9257745136800339 0.08309993780065587 0.9209670792618141 0.0824131614551959 0.9147860921526746 0.08859414856433559 0.9106654340799147 0.09546191201893527 0.9120389867708347 0.09889579374623508 0.9161596448435945 0.09958257009169505 0.9230274082981941 0.09958257009169505 0.9312687244437137
0 0.12018586045549402 0.9875843847714308 0.11331809700089437 0.985524055735051 0.11263132065543441 0.9814033976622911 0.11194454430997444 0.9752224105531515 0.11331809700089437 0.9683546470985518 0.11812553141911414 0.965607541716712 0.12018586045549404 0.9704149761349319 0.12018586045549404 0.9759091868986116 0.12018586045549404 0.9807166213168313 0.12293296583733389 0.9834637266986712
0 0.03708592265483815 0.9539323438438925 0.03502559361845826 0.9491249094256728 0.03708592265483815 0.9477513567347529 0.03708592265483815 0.944317475007453 0.03914625169121805 0.9415703696256132 0.04326690976397786 0.945004251352913 0.043953686109437826 0.9491249094256728 0.04258013341851789 0.9525587911529727
0 0.5178293644768143 0.8419877995339181 0.5137087064040545 0.8378671414611583 0.5137087064040545 0.8309993780065588 0.5171425881313543 0.8255051672428789 0.524010351585954 0.824131614551959 0.5315648913860136 0.826191943588339 0.5336252204223936 0.8323729306974788 0.5295045623496337 0.8378671414611585 0.524010351585954 0.8399274704975384
0 0.04051980438213798 0.7987208897699403 0.030904935545698467 0.7994076661154002 0.02403717209109882 0.7952870080426404 0.02403717209109882 0.7897927972789607 0.02815783016385861 0.7863589155516608 0.03502559361845827 0.7870456918971208 0.04051980438213799 0.7891060209335007 0.046014015145817724 0.7918531263153405
0 0.01220703125 0.827392578125 0.01611328125 0.819580078125 0.01513671875 0.810791015625 0.01708984375 0.802490234375 0.0166015625 0.795166015625 0.012451171875 0.79150390625 0.003173828125 0.7958984375 0.00048828125 0.802001953125 0.00048828125 0.814208984375 0.00244140625 0.820556640625 0.006103515625 0.82470703125
0 0.09130859375 0.717041015625 0.10302734375 0.706787109375 0.098388671875 0.69970703125 0.089599609375 0.7001953125 0.083984375 0.705322265625 0.0859375 0.715576171875
0 0.11949908411003406 0.8289390489701787 0.11949908411003407 0.8213845091701192 0.12224618949187394 0.8193241801337392 0.1256800712191738 0.8234448382064989 0.1249932948737138 0.8289390489701787
0 0.004807434418219764 0.8742662877705365 0.000686776345459974 0.8701456296977768 0 0.8605307608613372 0.004807434418219762 0.863277866243177 0.008928092490979561 0.8687720770068568
0 0.01030164518189949 0.884567932952436 0.007554539800059632 0.8783869458432962 0.010301645181899494 0.8742662877705366 0.016482632291039183 0.8728927350796165 0.020603290363798973 0.8770133931523765 0.01785618498195911 0.8818208275705962
0 0.2856989597113458 0.9875843847714308 0.2788311962567461 0.9841505030441311 0.2788311962567461 0.9800298449713714 0.282265077984046 0.9765959632440715 0.2870725124022657 0.9738488578622315 0.28775928874772566 0.9786562922804514
0 0.13323461101923337 0.9704149761349317 0.1311742819828535 0.9628604363348723 0.1332346110192334 0.9546191201893526 0.13941559812837306 0.9532455674984326 0.14216270351021293 0.9594265546075722 0.1387288217829131 0.9628604363348721 0.13941559812837306 0.9669810944076319
0 0.14147592716475296 0.9477513567347529 0.13735526909199317 0.9429439223165332 0.1428494798556729 0.9408835932801531 0.14765691427389266 0.944317475007453 0.14765691427389266 0.9498116857711328
0 0.19023704769241054 0.9683546470985518 0.1833692842378109 0.9690414234440119 0.181308955201431 0.9635472126803322 0.18268250789235094 0.9594265546075722 0.18680316596511073 0.9587397782621123 0.19229737672879046 0.9594265546075723 0.19229737672879044 0.9635472126803322
0 0.16963375732861158 0.9628604363348721 0.16688665194677174 0.9559926728802725 0.1675734282922317 0.9511852384620527 0.1730676390559114 0.9518720148075127 0.17718829712867118 0.9566794492257324 0.17581474443775125 0.9621736599894122
0 0.1552114540739523 0.9601133309530322 0.15383790138303235 0.9532455674984326 0.1579585594557922 0.9504984621165927 0.16070566483763202 0.9532455674984326 0.161392441183092 0.9587397782621123
0 0.28775928874772566 0.925087737334574 0.2829518543295059 0.9202803029163543 0.28363863067496586 0.9147860921526745 0.28844606509318566 0.9127257631162946 0.28981961778410564 0.9175331975345142
0 0.30224609375 0.954345703125 0.3056640625 0.950927734375 0.30810546875 0.942626953125 0.30712890625 0.936279296875 0.303955078125 0.9345703125 0.297607421875 0.93701171875 0.2958984375 0.941162109375 0.2978515625 0.952880859375
0 0.33377330389354337 0.9656075417167119 0.33102619851170356 0.9601133309530323 0.3317129748571635 0.9553058965348125 0.3351468565844634 0.9532455674984326 0.3392675146572231 0.9546191201893525 0.342701396384523 0.9587397782621123 0.342014620039063 0.9635472126803319
0 0.32553198774802383 0.9731620815167715 0.3262187640934838 0.9662943180621719 0.33102619851170356 0.964233989025792 0.3337733038935434 0.9683546470985519 0.3303394221662436 0.9711017524803918
0 0.3660517921301618 0.9704149761349317 0.3598708050210221 0.9656075417167119 0.35987080502102214 0.9594265546075723 0.36399146309378194 0.9573662255711924 0.3708592265483816 0.9553058965348125 0.3736063319302214 0.9601133309530323 0.3729195555847614 0.9662943180621719
0 0.37841376634844115 0.9683546470985518 0.37566666096660134 0.9614868836439521 0.37772699000298127 0.9559926728802725 0.38184764807574106 0.9525587911529727 0.3866550824939608 0.9518720148075128 0.3914625169121806 0.9559926728802726 0.39283606960310047 0.9601133309530323 0.3880286351848807 0.965607541716712 0.38322120076666094 0.966981094407632
0 0.37085922654838155 0.984837279389591 0.37085922654838155 0.9786562922804514 0.37635343731206133 0.9745356342076914 0.38253442442120095 0.9724753051713118 0.3907757405667206 0.9765959632440715 0.38528152980304087 0.9807166213168312 0.37772699000298127 0.9848372793895911
0 0.32827909312986364 0.8873150383342758 0.32278488236618397 0.8845679329524361 0.32347165871164396 0.8811340512251362 0.3282790931298637 0.8804472748796761 0.3317129748571635 0.882507603916056
0 0.3056154737296848 0.8818208275705961 0.3001212629660051 0.8770133931523765 0.2980609339296252 0.8694588533523168 0.301494815656925 0.866024971625017 0.30698902642060477 0.865338195279557 0.3117964608388245 0.867398524315937 0.3131700135297445 0.8763266168069165
0 0.1868031659651107 0.8461084576066779 0.18748994231057067 0.8371803651156984 0.19298415307425043 0.8323729306974785 0.20122546921977003 0.8296258253156387 0.2080932326743697 0.8296258253156388 0.20671967998344976 0.8351200360793185 0.20259902191068996 0.843361352224838 0.1977915874924702 0.8481687866430578 0.1916106003833305 0.8474820102975978
0 0.18748994231057067 0.863277866243177 0.1826825078923509 0.8591572081704173 0.18199573154689094 0.8543497737521976 0.18336928423781088 0.8474820102975978 0.18748994231057067 0.846108457606678 0.1916106003833305 0.8481687866430578 0.19161060038333047 0.8536629974067376 0.1957312584560903 0.8564101027885774 0.1950444821106303 0.8612175372067972
0 0.2074064563289097 0.8467952339521378 0.2094667853652896 0.8406142468429982 0.21427421978350938 0.8413010231884581 0.21358744343804942 0.846108457606678
0 0.23625106283822828 0.7465258875149827 0.23350395745638847 0.7403449004058432 0.23625106283822833 0.7355374659876235 0.24105849725644804 0.7334771369512435 0.24449237898374784 0.7327903606057836 0.24723948436558768 0.7355374659876235 0.24792626071104767 0.7410316767513032 0.24243204994736794 0.7430920057876831
0 0.318359375 0.785400390625 0.3203125 0.783935546875 0.32080078125 0.778564453125 0.318603515625 0.775390625 0.313720703125 0.77490234375 0.3115234375 0.778076171875 0.31201171875 0.783447265625 0.314208984375 0.78564453125
0 0.287109375 0.710205078125 0.290771484375 0.708984375 0.2958984375 0.702392578125 0.29541015625 0.697998046875 0.288330078125 0.693359375 0.284423828125 0.6943359375 0.28125 0.697998046875 0.28173828125 0.709716796875
0 0.43335587398523845 0.8639646425886369 0.4285484395670187 0.8591572081704173 0.43060876860339864 0.8522894447158176 0.4333558739852385 0.8467952339521378 0.43885008474891823 0.844734904915758 0.4450310718580579 0.8467952339521378 0.44777817723989777 0.8516026683703576 0.4464046245489779 0.8598439845158772 0.44091041378529816 0.861904313552257
0 0.50732421875 0.844482421875 0.51123046875 0.842041015625 0.5107421875 0.837158203125 0.502197265625 0.830078125 0.498779296875 0.8310546875 0.4990234375 0.840087890625 0.502197265625 0.84375
0 0.65185546875 0.826416015625 0.65625 0.822021484375 0.66015625 0.812744140625 0.6591796875 0.795166015625 0.655029296875 0.7919921875 0.651123046875 0.7919921875 0.635498046875 0.79541015625 0.6298828125 0.802490234375 0.6337890625 0.816650390625 0.643798828125 0.82421875
0 0.35009765625 0.707763671875 0.353515625 0.703857421875 0.3544921875 0.697021484375 0.349365234375 0.6884765625 0.343994140625 0.68798828125 0.34130859375 0.690185546875 0.3408203125 0.694580078125
0 0.5741450248045314 1 0.5707111430772317 0.9917050428441907 0.5727714721136116 0.9868976084259709 0.5762053538409114 0.9855240557350509 0.582386340950051 0.9807166213168312 0.5913144334410305 0.983463726698671 0.6016160786229301 0.984837279389591 0.6077970657320698 0.9917050428441907 0.60436318400477 0.9978860299533303 0.5968086442047102 1
0 0.6599920679870271 0.9882711611168907 0.6551846335688075 0.9834637266986712 0.6579317389506474 0.9772827395895314 0.663425949714327 0.9745356342076916 0.665486278750707 0.9772827395895314 0.6641127260597871 0.9820901740077512
0 0.66796875 0.942626953125 0.673828125 0.938720703125 0.67578125 0.933837890625 0.67529296875 0.925048828125 0.671630859375 0.92138671875 0.667724609375 0.921875 0.663818359375 0.92529296875 0.65869140625 0.933349609375 0.65869140625 0.939208984375
0 0.6448829883869079 0.9669810944076318 0.6462565410778279 0.9559926728802725 0.6496904228051277 0.9525587911529726 0.6551846335688074 0.944317475007453 0.663425949714327 0.9463778040438329 0.6716672658598467 0.9525587911529726 0.6771614766235264 0.9594265546075722 0.6709804895143867 0.9662943180621719 0.6641127260597871 0.9649207653712519 0.6599920679870273 0.9601133309530322 0.6531243045324276 0.9628604363348721
0 0.7327903606057835 0.9971992536078703 0.7348506896421635 0.9889579374623507 0.7375977950240034 0.9814033976622912 0.7403449004058431 0.9759091868986114 0.7375977950240032 0.9704149761349317 0.7410316767513031 0.9621736599894122 0.7444655584786031 0.9621736599894122 0.7485862165513628 0.9594265546075723 0.7533936509695826 0.964920765371252 0.7540804273150425 0.9738488578622315 0.7527068746241227 0.9793430686259113 0.7492729928968228 0.9820901740077512 0.7472126638604429 0.9923918191896506 0.7417184530967632 0.9971992536078704 0.7410316767513032 0.9978860299533304
0 0.5576171875 0.797607421875 0.564453125 0.793212890625 0.56591796875 0.788818359375 0.56494140625 0.783935546875 0.561279296875 0.78173828125 0.556884765625 0.78369140625 0.5517578125 0.791259765625 0.552734375 0.796142578125
0 0.5068359375 0.721923828125 0.50927734375 0.719970703125 0.51025390625 0.713623046875 0.50927734375 0.709716796875 0.506103515625 0.70751953125 0.5 0.711181640625 0.49853515625 0.717529296875 0.500732421875 0.720703125
0 0.5498046875 0.697021484375 0.556640625 0.691162109375 0.55615234375 0.686767578125 0.552490234375 0.68359375 0.545166015625 0.68505859375 0.54248046875 0.688720703125 0.54248046875 0.694580078125 0.545166015625 0.697265625
0 0.6318359375 0.848388671875 0.634765625 0.846923828125 0.63525390625 0.841552734375 0.632080078125 0.8388671875 0.626220703125 0.8388671875 0.62353515625 0.842041015625 0.6240234375 0.847412109375
0 0.5775789065318313 0.9161596448435944 0.5782656828772913 0.9086051050435349 0.582386340950051 0.9058579996616949 0.5871937753682709 0.9072315523526149 0.5885673280591909 0.9113522104253746 0.583759893640971 0.9154728684981345
0 0.5981821968956302 0.9031108942798549 0.5995557495865501 0.8969299071707154 0.6009293022774701 0.8928092490979557 0.5988689732410902 0.8900621437161157 0.5961218678592504 0.8880018146797359 0.5981821968956303 0.8831943802615161 0.60367640765931 0.883881156606976 0.6071102893866099 0.886628261988816 0.6077970657320698 0.8914356964070356 0.6064235130411499 0.8989902362070952 0.6029896313138501 0.903110894279855
0 0.8261919435883389 0.9662943180621719 0.8220712855155792 0.9628604363348721 0.824131614551959 0.9573662255711924 0.8275654962792589 0.9532455674984326 0.8323729306974786 0.9525587911529727 0.8378671414611584 0.9559926728802726 0.8351200360793185 0.9621736599894122 0.8316861543520188 0.9662943180621719
0 0.8828125 0.936767578125 0.89453125 0.930908203125 0.894287109375 0.9189453125 0.884033203125 0.9189453125 0.87548828125 0.922607421875 0.87548828125 0.933349609375 0.878173828125 0.93603515625
0 0.7801779284425212 0.9676678707530918 0.7781175994061413 0.9614868836439521 0.7794911520970613 0.9532455674984326 0.7870456918971209 0.9559926728802726 0.7877324682425809 0.964233989025792
0 0.9559926728802725 0.9965124772624103 0.9498116857711328 0.9896447138078107 0.9484381330802129 0.985524055735051 0.946377804043833 0.9759091868986115 0.9518720148075127 0.9731620815167716 0.9580530019166524 0.9752224105531515 0.9608001072984923 0.9800298449713712 0.964920765371252 0.984837279389591 0.9621736599894122 0.9923918191896506
0 0.9271480663709538 0.9971992536078703 0.9250877373345741 0.9923918191896507 0.9230274082981943 0.987584384771431 0.9278348427164139 0.984837279389591 0.9319555007891738 0.9814033976622911 0.9360761588619336 0.9827769503532111 0.9381364878983134 0.987584384771431 0.9367629352073936 0.9930785955351107 0.9333290534800938 0.9958257009169506
0 0.9917050428441907 0.9546191201893524 0.9868976084259711 0.9504984621165926 0.9875843847714307 0.947064580389293 0.9889579374623507 0.9429439223165332 0.9937653718805707 0.944317475007453 0.9965124772624104 0.9484381330802129
0 0.9903314901532707 0.9353893825164734 0.9917050428441909 0.9285216190618739 0.9951389245714908 0.9257745136800342 0.9999463589897103 0.927834842716414 0.9999463589897104 0.9333290534800938 0.9958257009169507 0.9353893825164736
0 0.845421681261218 0.9401968169346931 0.8440481285702981 0.9319555007891738 0.846108457606678 0.9278348427164138 0.8509158920248978 0.9257745136800339 0.8529762210612777 0.9312687244437137 0.8516026683703576 0.9381364878983134
0 0.8495423393339777 0.9553058965348125 0.8522894447158176 0.9498116857711327 0.8557233264431175 0.947064580389293 0.8557233264431175 0.9408835932801533 0.8577836554794974 0.9360761588619335 0.8625910898977172 0.9395100405892334 0.8619043135522572 0.9491249094256728 0.8605307608613373 0.9546191201893526 0.8557233264431175 0.9546191201893526
0 0.67919921875 0.819091796875 0.68310546875 0.816162109375 0.68310546875 0.811767578125 0.678466796875 0.8046875 0.673583984375 0.8037109375 0.67138671875 0.806396484375 0.671875 0.812744140625 0.675048828125 0.8193359375
0 0.9807166213168315 0.8845679329524361 0.9786562922804514 0.8790737221887563 0.9841505030441313 0.8735795114250766 0.988271161116891 0.8715191823886965 0.9937653718805707 0.8708324060432366 0.9965124772624103 0.8749530641159965 0.9930785955351106 0.8818208275705961 0.986897608425971 0.8859414856433558
0 0.6744143712416865 0.7705630596060816 0.6764747002780664 0.7609481907696422 0.6805953583508262 0.7616349671151021 0.6812821346962861 0.7657556251878619 0.6792218056599062 0.7691895069151617
0 0.6435546875 0.773681640625 0.64697265625 0.769775390625 0.6474609375 0.765869140625 0.641357421875 0.75732421875 0.634033203125 0.7529296875 0.625 0.757080078125 0.62548828125 0.761962890625 0.631103515625 0.76904296875 0.639404296875 0.77392578125
0 0.7163077283147443 0.9051712233162349 0.7163077283147443 0.8969299071707155 0.7218019390784242 0.8934960254434154 0.7272961498421039 0.8934960254434156 0.7293564788784836 0.8886885910251958 0.7348506896421635 0.8914356964070358 0.7327903606057835 0.8983034598616354 0.7286697025330238 0.9031108942798551 0.721801939078424 0.906544776007155
0 0.7094399648601447 0.8749530641159964 0.7080664121692248 0.8680853006613969 0.7101267412056048 0.8584704318249572 0.7169945046602043 0.8564101027885774 0.7211151627329642 0.8577836554794974 0.7224887154238842 0.8625910898977172 0.7190548336965843 0.8715191823886967 0.7142473992783646 0.8735795114250766
0 0.703258977751005 0.8413010231884581 0.7046325304419251 0.8344332597338585 0.7101267412056048 0.8316861543520186 0.7163077283147444 0.8296258253156388 0.7163077283147445 0.8351200360793185 0.7115002938965248 0.8371803651156984 0.7087531885146849 0.8392406941520782
0 0.7458391111695228 0.8612175372067971 0.7369110186785435 0.8584704318249574 0.7314168079148637 0.8584704318249572 0.7300432552239436 0.8543497737521974 0.7327903606057835 0.8474820102975977 0.7375977950240032 0.844048128570298 0.7417184530967631 0.8495423393339777 0.7465258875149829 0.8543497737521974
0 0.7066928594783048 0.7547672036605024 0.6963912142964055 0.7554539800059623 0.6867763454599659 0.7492729928968227 0.6888366744963458 0.743778782133143 0.6950176616054855 0.7375977950240032 0.7018854250600852 0.7362242423330834 0.707379635823765 0.7369110186785433 0.7142473992783646 0.7382845713694632 0.7121870702419848 0.7458391111695228 0.7094399648601449 0.7492729928968227
0 0.75732421875 0.765380859375 0.76416015625 0.760009765625 0.7666015625 0.754638671875 0.765625 0.749755859375 0.760986328125 0.74658203125 0.753173828125 0.75 0.74951171875 0.755615234375 0.75048828125 0.762451171875 0.753173828125 0.76513671875
0 0.7691895069151617 0.8797604985342162 0.7636952961514821 0.8749530641159966 0.7657556251878619 0.8701456296977768 0.7719366122970017 0.8722059587341566 0.7733101649879216 0.8763266168069164
0 0.9566794492257323 0.9189067502254342 0.9546191201893525 0.9120389867708347 0.9546191201893525 0.9044844469707749 0.9587397782621125 0.9010505652434753 0.9628604363348723 0.9031108942798551 0.964920765371252 0.9092918813889947 0.9642339890257922 0.9161596448435945
0 0.9738488578622315 0.8605307608613371 0.9697281997894718 0.8557233264431174 0.969041423444012 0.8481687866430578 0.9738488578622317 0.8413010231884582 0.9800298449713711 0.8426745758793781 0.9820901740077512 0.8502291156794377 0.9827769503532111 0.8584704318249574 0.9786562922804514 0.8612175372067971
0 0.964233989025792 0.8797604985342162 0.9628604363348722 0.8722059587341567 0.9642339890257922 0.8680853006613969 0.9683546470985519 0.8667117479704769 0.9704149761349319 0.8694588533523168 0.9697281997894719 0.8756398404614565
0 0.9896447138078108 0.8069622059154598 0.9910182664987306 0.7966605607335604 0.9944521482260305 0.7891060209335007 0.9951389245714909 0.7794911520970612 0.9999463589897104 0.7794911520970613 1 0.80490187687908 0.9978860299533303 0.8110828639882196
0 0.8097093112972997 0.8625910898977169 0.8097093112972998 0.8557233264431174 0.8138299693700596 0.8502291156794377 0.8193241801337393 0.8481687866430578 0.8213845091701191 0.8529762210612775 0.8193241801337392 0.8598439845158772 0.8152035220609795 0.863277866243177
0 0.7987208897699403 0.8728927350796165 0.7925399026608005 0.8694588533523169 0.7946002316971804 0.864651418934097 0.8007812188063201 0.866024971625017 0.80352832418816 0.8701456296977768
0 0.67236328125 0.695556640625 0.69091796875 0.687744140625 0.6953125 0.678955078125 0.693115234375 0.6728515625 0.679931640625 0.66943359375 0.670654296875 0.67041015625 0.664794921875 0.66845703125 0.6572265625 0.673583984375 0.65478515625 0.678466796875 0.65478515625 0.684326171875 0.664306640625 0.6943359375
0 0.671875 0.734619140625 0.678466796875 0.7333984375 0.68359375 0.728759765625 0.68505859375 0.713623046875 0.68359375 0.709716796875 0.679931640625 0.70751953125 0.674560546875 0.7080078125 0.6708984375 0.713623046875 0.66845703125 0.733642578125
0 0.9202803029163542 0.9037976706253149 0.9140993158072147 0.9044844469707751 0.9079183286980749 0.904484446970775 0.9010505652434753 0.9024241179343951 0.9010505652434754 0.8976166835161754 0.9051712233162351 0.8907489200615758 0.9120389867708348 0.8900621437161157 0.9189067502254344 0.8948695781343354 0.9216538556072742 0.902424117934395
0 0.9264612900254939 0.902424117934395 0.9250877373345741 0.8955563544797955 0.9264612900254942 0.8886885910251958 0.9312687244437138 0.886628261988816 0.9333290534800938 0.8914356964070356 0.9312687244437138 0.9003637888980152
0 0.9106654340799146 0.8907489200615756 0.9086051050435349 0.8818208275705961 0.9079183286980748 0.8742662877705366 0.9147860921526746 0.8735795114250766 0.9189067502254342 0.8790737221887563 0.9202803029163543 0.8852547092978961 0.9168464211890545 0.8907489200615757
0 0.9504984621165927 0.8481687866430576 0.946377804043833 0.8440481285702979 0.9491249094256728 0.8399274704975381 0.9539323438438926 0.8364935887702385 0.9573662255711924 0.8344332597338584 0.9587397782621123 0.8406142468429982 0.9559926728802725 0.844734904915758
0 0.8735795114250765 0.8742662877705364 0.8756398404614564 0.8653381952795569 0.8811340512251362 0.8612175372067972 0.8873150383342758 0.8625910898977172 0.8818208275705963 0.8708324060432366
0 0.88427734375 0.832763671875 0.8955078125 0.823486328125 0.894287109375 0.80908203125 0.882568359375 0.81103515625 0.88037109375 0.816162109375 0.875 0.819580078125 0.87451171875 0.828857421875 0.881103515625 0.8330078125
0 0.8798828125 0.856201171875 0.8857421875 0.851806640625 0.8857421875 0.845947265625 0.882080078125 0.83837890625 0.875244140625 0.84033203125 0.87060546875 0.847412109375 0.87060546875 0.851806640625 0.873291015625 0.85546875
0 0.8344332597338585 0.8358068124247783 0.8289390489701789 0.8323729306974788 0.8323729306974786 0.8282522726247188 0.8371803651156985 0.8268787199337988 0.8426745758793781 0.8248183908974189 0.8419877995339182 0.8330597070429385
0 0.8131431930245995 0.80146799515178 0.8117696403336797 0.7939134553517205 0.8131431930245996 0.7884192445880407 0.8172638510973594 0.7863589155516609 0.8200109564791993 0.7932266790062606 0.8193241801337392 0.8000944424608603 0.8172638510973593 0.80421510053362
0 0.844734904915758 0.7994076661154002 0.8385539178066184 0.7952870080426404 0.8385539178066185 0.7877324682425809 0.8419877995339183 0.7849853628607409 0.8467952339521381 0.7918531263153407
0 0.9099786577344547 0.7588878617332622 0.9031108942798551 0.7554539800059625 0.9024241179343951 0.7492729928968228 0.905857999661695 0.7417184530967631 0.9127257631162947 0.7375977950240034 0.9182199738799744 0.7382845713694632 0.9216538556072741 0.743778782133143 0.9195935265708943 0.7513333219332027 0.9168464211890545 0.7561407563514224
0 0.88916015625 0.786865234375 0.89501953125 0.783935546875 0.89990234375 0.774169921875 0.8955078125 0.760986328125 0.890869140625 0.75732421875 0.880615234375 0.7607421875 0.8759765625 0.766845703125 0.87646484375 0.773193359375 0.8818359375 0.784912109375
0 0.8000944424608601 0.8083357586063797 0.7932266790062606 0.80558865322454 0.7932266790062606 0.7994076661154002 0.7946002316971805 0.7939134553517204 0.7987208897699404 0.7973473370790203 0.8007812188063202 0.80215477149724
0 0.784298586515281 0.8268787199337988 0.7836118101698211 0.8179506274428194 0.7891060209335007 0.8152035220609795 0.7891060209335007 0.80833575860638 0.7918531263153407 0.80696220591546 0.7925399026608007 0.8145167457155196 0.7994076661154004 0.8131431930245996 0.8021547714972402 0.8186374037882793 0.7973473370790204 0.8227580618610391 0.7918531263153407 0.8261919435883389
0 0.8385539178066183 0.8234448382064989 0.8337464833883987 0.8179506274428193 0.8358068124247785 0.8138299693700595 0.8399274704975384 0.8117696403336796 0.844734904915758 0.8110828639882197 0.844734904915758 0.8172638510973593 0.843361352224838 0.8220712855155792
0 0.7767440467152213 0.7788043757516011 0.769189506915162 0.7781175994061413 0.7712498359515417 0.7712498359515416 0.7746837176788416 0.763695296151482 0.7808647047879812 0.7664424015333219 0.7815514811334412 0.7712498359515416
0 0.46563436222185683 0.6709804895143866 0.4567062697308773 0.6702937131689267 0.45258561165811756 0.665486278750707 0.45258561165811756 0.6579317389506474 0.4580798224217973 0.6565581862597274 0.4649475858763969 0.6579317389506473 0.4649475858763969 0.664112726059787
0 0.5343119967678535 0.6538110808778874 0.5349987731133135 0.6483168701142077 0.5384326548406132 0.6462565410778278 0.5404929838769931 0.6524375281869677
0 0.6929573325691055 0.644196212041448 0.6840292400781259 0.6428226593505281 0.6778482529689865 0.6407623303141481 0.6771614766235264 0.6338945668595485 0.6778482529689864 0.6290871324413287 0.6778482529689864 0.622219368986729 0.6812821346962862 0.6194722636048892 0.685402792769046 0.624279698023109 0.6902102271872658 0.6263400270594889 0.6943308852600256 0.6290871324413287 0.6977647669873254 0.6338945668595485 0.6977647669873254 0.6400755539686882
0 0.7073796358237648 0.6304606851322486 0.7025722014055451 0.6256532507140289 0.6963912142964055 0.623592921677649 0.6950176616054855 0.6180987109139693 0.6991383196782454 0.6139780528412094 0.705319306787385 0.6126045001502896 0.7101267412056048 0.6167251582230493 0.7115002938965246 0.6215325926412691 0.7115002938965246 0.6256532507140289
0 0.70263671875 0.599853515625 0.706298828125 0.59912109375 0.71044921875 0.592529296875 0.71044921875 0.587646484375 0.705810546875 0.5830078125 0.699462890625 0.58447265625 0.6943359375 0.591552734375 0.6953125 0.597412109375
0 0.9594265546075722 0.7980341134244802 0.9518720148075127 0.8000944424608603 0.9477513567347529 0.7959737843881005 0.9491249094256727 0.7911663499698807 0.9546191201893525 0.7891060209335008 0.9594265546075722 0.7911663499698807
0 0.9340158298255535 0.8131431930245995 0.9285216190618739 0.8145167457155194 0.9244009609891141 0.8110828639882197 0.9257745136800342 0.8049018768790801 0.9312687244437139 0.7987208897699403 0.9353893825164736 0.80215477149724 0.9374497115528536 0.8083357586063797
0 0.9237141846436541 0.8000944424608601 0.9168464211890546 0.7987208897699403 0.9140993158072145 0.7946002316971805 0.9168464211890544 0.7897927972789608 0.924400960989114 0.7891060209335007 0.924400960989114 0.7946002316971804
0 0.8502291156794377 0.7595746380787222 0.8454216812612181 0.7561407563514224 0.8433613522248381 0.7499597692422826 0.847482010297598 0.745152334824063 0.8516026683703577 0.7485862165513628
0 0.92236328125 0.681884765625 0.9267578125 0.670654296875 0.919921875 0.660400390625 0.909912109375 0.65283203125 0.90673828125 0.656005859375 0.90576171875 0.660400390625 0.9072265625 0.671142578125 0.914306640625 0.68017578125
0 0.9662943180621719 0.7382845713694632 0.9621736599894122 0.7307300315694036 0.965607541716712 0.7204283863875042 0.9717885288258518 0.7142473992783644 0.9786562922804514 0.7176812810056643 0.9814033976622911 0.7245490444602639 0.9800298449713712 0.7327903606057835 0.9772827395895315 0.7369110186785433 0.9717885288258518 0.7389713477149231
0 0.9896447138078108 0.7341639132967035 0.9827769503532112 0.7327903606057835 0.9807166213168312 0.7286697025330238 0.9827769503532112 0.722488715423884 0.9875843847714308 0.723175491769344 0.9910182664987308 0.7266093734966439
0 0.935546875 0.703369140625 0.949462890625 0.69873046875 0.95361328125 0.692626953125 0.950439453125 0.68603515625 0.942138671875 0.6845703125 0.933349609375 0.67822265625 0.9296875 0.682861328125 0.9267578125 0.692138671875 0.9296875 0.699462890625 0.933349609375 0.70361328125
0 0.9662943180621719 0.6792218056599062 0.9601133309530323 0.6799085820053662 0.9587397782621124 0.6744143712416865 0.9608001072984923 0.6689201604780067 0.965607541716712 0.6716672658598466
0 0.81396484375 0.685791015625 0.8173828125 0.682373046875 0.81787109375 0.674560546875 0.81640625 0.671142578125 0.811279296875 0.66796875 0.80615234375 0.672607421875 0.8046875 0.678955078125 0.808349609375 0.68505859375
0 0.80859375 0.725341796875 0.8125 0.721435546875 0.8134765625 0.713134765625 0.8095703125 0.706298828125 0.80859375 0.694580078125 0.803955078125 0.69384765625 0.79833984375 0.701904296875 0.7978515625 0.709228515625 0.80029296875 0.720947265625
0 0.7861328125 0.737548828125 0.79248046875 0.735595703125 0.79541015625 0.727294921875 0.79345703125 0.720458984375 0.788818359375 0.71728515625 0.78173828125 0.719970703125 0.7783203125 0.732666015625 0.780029296875 0.73681640625
0 0.9010505652434752 0.6462565410778278 0.8941828017888757 0.6517507518415075 0.8873150383342758 0.6531243045324275 0.885941485643356 0.6462565410778278 0.8880018146797359 0.6387020012777682 0.8928092490979557 0.6373284485868483 0.8976166835161754 0.6400755539686882
0 0.009614868836439524 0.6242796980231089 0.00549421076367973 0.6187854872594292 0.008241316145519593 0.6126045001502896 0.012361974218279389 0.6126045001502896 0.01579585594557921 0.6187854872594292
0 0.05974954205501702 0.6077970657320697 0.0583759893640971 0.6009293022774702 0.059749542055017035 0.5933747624774104 0.06318342378231687 0.5899408807501108 0.06936441089145656 0.5906276570955706 0.06936441089145656 0.5961218678592504 0.0666173055096167 0.6002425259320102 0.06593052916415673 0.60573673669569
0 0.3179774479479642 0.6071102893866097 0.31591711891158436 0.60230285496839 0.31660389525704424 0.5981821968956302 0.3207245533298041 0.5968086442047104 0.32141132967526403 0.6009293022774702
0 0.306640625 0.572998046875 0.3115234375 0.567626953125 0.309814453125 0.56005859375 0.305908203125 0.56005859375 0.302734375 0.566162109375 0.30224609375 0.572509765625
0 0.26234856396570694 0.5679640376953916 0.2554808005111073 0.565903708659012 0.2554808005111073 0.5610962742407921 0.2575411295474872 0.5528549580952725 0.26440889300208686 0.5528549580952724 0.2692163274203066 0.5569756161680323 0.2712766564566865 0.563156603277172 0.26715599838392673 0.5679640376953917
0 0.35546875 0.608642578125 0.36181640625 0.604248046875 0.36279296875 0.595458984375 0.361083984375 0.5927734375 0.354736328125 0.59326171875 0.349609375 0.597900390625 0.35009765625 0.606689453125
0 0.49169921875 0.642333984375 0.49560546875 0.639404296875 0.49609375 0.636474609375 0.493408203125 0.630859375 0.487060546875 0.63037109375 0.47998046875 0.635009765625 0.482666015625 0.640625
0 0.46975502029461663 0.619472263604889 0.4663211385673169 0.6119177238048297 0.4676946912582368 0.6071102893866098 0.4635740331854769 0.6029896313138501 0.4635740331854769 0.5981821968956302 0.46975502029461663 0.5981821968956302 0.4752492310582964 0.6016160786229301 0.47662278374921635 0.6077970657320698 0.47662278374921635 0.6153516055321294
0 0.50244140625 0.624755859375 0.509765625 0.619873046875 0.51025390625 0.612548828125 0.505126953125 0.607421875 0.495361328125 0.60546875 0.4921875 0.611572265625 0.49365234375 0.617919921875 0.498291015625 0.625
0 0.380859375 0.614990234375 0.38818359375 0.607666015625 0.39013671875 0.595458984375 0.388427734375 0.58837890625 0.384521484375 0.587890625 0.375244140625 0.591796875 0.3681640625 0.603759765625 0.36865234375 0.610107421875 0.371826171875 0.61474609375
0 0.427734375 0.536865234375 0.4384765625 0.533447265625 0.4384765625 0.525634765625 0.4345703125 0.515869140625 0.431396484375 0.5126953125 0.427490234375 0.513671875 0.42431640625 0.517822265625 0.421875 0.532470703125 0.423583984375 0.537109375
0 0.365234375 0.545166015625 0.37060546875 0.542236328125 0.37060546875 0.537353515625 0.365966796875 0.53173828125 0.361083984375 0.53125 0.35888671875 0.533447265625 0.359375 0.537841796875 0.361328125 0.542724609375
0 0.6796875 0.567626953125 0.683349609375 0.56591796875 0.68896484375 0.558837890625 0.686767578125 0.55224609375 0.682373046875 0.5517578125 0.674560546875 0.5546875 0.67138671875 0.558349609375 0.67041015625 0.565185546875 0.674072265625 0.56787109375
0 0.5061541666039948 0.519889693513194 0.5013467321857752 0.522636798895034 0.4979128504584752 0.5192029171677343 0.5013467321857751 0.5143954827495144 0.5068409429494548 0.5137087064040544
0 0.5398062075315332 0.5487343000225127 0.5391194311860733 0.5384326548406132 0.542553312913373 0.5329384440769335 0.5459871946406729 0.5253839042768739 0.5521681817498125 0.5205764698586541 0.5583491688589524 0.5205764698586541 0.564530155968092 0.5274442333132539 0.565216932313552 0.5336252204223935 0.564530155968092 0.5398062075315332 0.5583491688589524 0.5459871946406729 0.5514814054043526 0.5494210763679727 0.5466739709861329 0.5501078527134327
0 0.5501078527134327 0.581699564604591 0.5459871946406728 0.5768921301863713 0.5466739709861328 0.5707111430772316 0.5507946290588925 0.5679640376953918 0.5583491688589524 0.5665904850044718 0.563843379622632 0.5665904850044718 0.5686508140408518 0.5686508140408517 0.566590485004472 0.5720846957681516 0.5610962742407922 0.5748318011499913 0.5569756161680324 0.5775789065318313
0 0.7334771369512435 0.6071102893866097 0.7272961498421039 0.60504996035023 0.7272961498421039 0.5981821968956302 0.7279829261875639 0.5926879861319505 0.7348506896421634 0.5954350915137905 0.7389713477149232 0.6009293022774702
0 0.7998046875 0.572509765625 0.8037109375 0.568115234375 0.80419921875 0.559814453125 0.797119140625 0.5517578125 0.791748046875 0.55078125 0.7880859375 0.555908203125 0.78759765625 0.570068359375 0.790771484375 0.57275390625
0 0.82861328125 0.571533203125 0.8330078125 0.569091796875 0.833984375 0.564208984375 0.831787109375 0.560546875 0.827880859375 0.56005859375 0.82470703125 0.562744140625 0.82373046875 0.569091796875
0 0.7734375 0.552978515625 0.778076171875 0.5517578125 0.78515625 0.545654296875 0.783935546875 0.52978515625 0.776611328125 0.52978515625 0.76806640625 0.540771484375 0.7666015625 0.549072265625 0.769287109375 0.55224609375
0 0.74560546875 0.539794921875 0.75 0.537353515625 0.7509765625 0.533447265625 0.749267578125 0.52392578125 0.742431640625 0.52490234375 0.73779296875 0.529541015625 0.7373046875 0.537353515625
0 0.81689453125 0.500732421875 0.8212890625 0.497802734375 0.82275390625 0.494384765625 0.82080078125 0.488037109375 0.816162109375 0.4853515625 0.8125 0.491455078125 0.81201171875 0.498779296875
0 0.916015625 0.602783203125 0.92138671875 0.599365234375 0.9248046875 0.592529296875 0.923828125 0.584228515625 0.919189453125 0.58154296875 0.909912109375 0.58447265625 0.9052734375 0.593505859375 0.9052734375 0.597900390625 0.907470703125 0.60107421875
0 0.88818359375 0.606201171875 0.894287109375 0.6044921875 0.89697265625 0.600830078125 0.89599609375 0.595458984375 0.890380859375 0.59033203125 0.88134765625 0.599365234375 0.88134765625 0.604248046875
0 0.9800298449713711 0.5274442333132536 0.9738488578622315 0.5253839042768739 0.9697281997894719 0.5233235752404939 0.9704149761349318 0.5178293644768143 0.9759091868986115 0.5171425881313543
0 0.9772827395895314 0.5535417344407324 0.9731620815167716 0.5487343000225127 0.9738488578622317 0.542553312913373 0.9793430686259113 0.5398062075315332 0.9827769503532113 0.5356855494587733 0.988271161116891 0.5356855494587733 0.9903314901532709 0.5404929838769932 0.9868976084259709 0.5446136419497529 0.9855240557350509 0.5514814054043526
0 0.9697265625 0.558349609375 0.97314453125 0.555419921875 0.97412109375 0.548583984375 0.97216796875 0.539306640625 0.968017578125 0.53759765625 0.9619140625 0.544677734375 0.96044921875 0.550048828125 0.965087890625 0.5576171875
0 0.8984375 0.463623046875 0.903076171875 0.462890625 0.9111328125 0.457763671875 0.91357421875 0.451904296875 0.911376953125 0.447265625 0.901611328125 0.44580078125 0.89892578125 0.447509765625 0.8935546875 0.458740234375 0.89404296875 0.462646484375
0 0.6357421875 0.614501953125 0.63916015625 0.611572265625 0.64111328125 0.603271484375 0.638671875 0.596435546875 0.631591796875 0.59228515625 0.62744140625 0.593994140625 0.6259765625 0.601318359375 0.62841796875 0.612060546875 0.631103515625 0.6142578125
0 0.6005859375 0.607666015625 0.60791015625 0.595947265625 0.600341796875 0.591796875 0.5927734375 0.597412109375 0.59130859375 0.601318359375 0.593017578125 0.60595703125
0 0.60888671875 0.594482421875 0.613525390625 0.5927734375 0.619140625 0.584716796875 0.6201171875 0.579833984375 0.617919921875 0.57421875 0.607666015625 0.57470703125 0.603515625 0.577392578125 0.6015625 0.581298828125 0.6005859375 0.587646484375 0.60205078125 0.592041015625
0 0.4091796875 0.580322265625 0.41748046875 0.575439453125 0.4208984375 0.567138671875 0.42041015625 0.561767578125 0.415771484375 0.55810546875 0.407958984375 0.55859375 0.4033203125 0.561767578125 0.40283203125 0.572509765625 0.4052734375 0.578857421875
0 0.3756666609666013 0.5762053538409113 0.3736063319302214 0.5686508140408517 0.3797873190393612 0.5597227215498721 0.3873418588394208 0.5549152871316524 0.39214929325764053 0.5521681817498125 0.39901705671224014 0.5535417344407324 0.3955831749849404 0.5604094978953321 0.39008896422126066 0.5686508140408517 0.383221200766661 0.5748318011499913
0 0.12568007121917377 0.5453004182952128 0.120872636800954 0.5404929838769932 0.12224618949187392 0.5336252204223935 0.12842717660101363 0.5322516677314735 0.1304875056373935 0.5391194311860732
0 0.06936441089145655 0.5178293644768142 0.06524375281869678 0.5137087064040544 0.06799085820053664 0.5116483773676745 0.0727982926187564 0.5116483773676745
0 0.70703125 0.505126953125 0.710205078125 0.50439453125 0.71435546875 0.498779296875 0.71435546875 0.493896484375 0.712158203125 0.49169921875 0.705810546875 0.4931640625 0.70263671875 0.497802734375 0.70263671875 0.503173828125
0 0.7327903606057835 0.48829798162203564 0.7266093734966439 0.4855508762401959 0.724549044460264 0.4766227837492163 0.7293564788784838 0.47250212567645655 0.7375977950240032 0.4704417966400767 0.7410316767513031 0.4738756783673765 0.7382845713694632 0.4814302181674361
0 0.7547672036605024 0.4869244289311157 0.7499597692422828 0.4793698891310562 0.7540804273150425 0.47524923105829636 0.7588878617332624 0.4725021256764565 0.7643820724969421 0.4725021256764565 0.7705630596060817 0.47318890202191644 0.7691895069151617 0.48143021816743603 0.763695296151482 0.4848640998947359
0 0.671875 0.471923828125 0.677978515625 0.4697265625 0.681640625 0.464599609375 0.68212890625 0.458740234375 0.677978515625 0.4541015625 0.671630859375 0.45458984375 0.66796875 0.458740234375 0.66748046875 0.468505859375
0 0.71044921875 0.467529296875 0.7138671875 0.465576171875 0.71630859375 0.454833984375 0.71630859375 0.450927734375 0.712158203125 0.44775390625 0.704833984375 0.45068359375 0.7001953125 0.457763671875 0.704345703125 0.4658203125
0 0.7314168079148636 0.44159719013075793 0.7266093734966439 0.4367897557125383 0.7279829261875639 0.4319823212943185 0.7334771369512436 0.43404265033069844
0 0.208984375 0.511474609375 0.21533203125 0.508056640625 0.21533203125 0.503173828125 0.208251953125 0.4990234375 0.200439453125 0.4990234375 0.19775390625 0.505615234375 0.1982421875 0.510498046875
0 0.173828125 0.496826171875 0.17724609375 0.493408203125 0.177734375 0.485107421875 0.1767578125 0.481689453125 0.171630859375 0.47900390625 0.16357421875 0.484130859375 0.162109375 0.490478515625 0.164794921875 0.49462890625
0 0.17032053367407154 0.4573930460763372 0.16276599387401194 0.4587665987672572 0.16001888849217205 0.45464594069449743 0.16345277021947188 0.44983850627627764 0.16826020463769165 0.45052528262173763
0 0.14794921875 0.461669921875 0.150390625 0.459228515625 0.14990234375 0.452880859375 0.142822265625 0.45166015625 0.1416015625 0.459716796875 0.144287109375 0.4619140625
0 0.40576171875 0.468017578125 0.40966796875 0.463134765625 0.40869140625 0.459716796875 0.405029296875 0.45751953125 0.400146484375 0.45849609375 0.39794921875 0.462158203125 0.39892578125 0.466064453125 0.402099609375 0.46826171875
0 0.326171875 0.461181640625 0.330078125 0.456298828125 0.33056640625 0.447509765625 0.323486328125 0.44482421875 0.31884765625 0.449951171875 0.31884765625 0.456298828125 0.321533203125 0.4599609375
0 0.396484375 0.424560546875 0.40087890625 0.419677734375 0.4033203125 0.410888671875 0.40185546875 0.406494140625 0.395751953125 0.40185546875 0.38916015625 0.406982421875 0.388671875 0.414794921875 0.3916015625 0.422607421875
0 0.41650390625 0.371826171875 0.41943359375 0.369384765625 0.41845703125 0.363525390625 0.411865234375 0.359375 0.406982421875 0.36083984375 0.404296875 0.364501953125 0.404296875 0.368896484375 0.407958984375 0.3720703125
0 0.52392578125 0.469970703125 0.531494140625 0.46728515625 0.5361328125 0.463134765625 0.532470703125 0.4560546875 0.513427734375 0.4560546875 0.5078125 0.459228515625 0.50830078125 0.463134765625 0.514892578125 0.46875
0 0.67138671875 0.491455078125 0.676025390625 0.49072265625 0.67724609375 0.486572265625 0.674072265625 0.4833984375 0.668701171875 0.48291015625 0.66650390625 0.484619140625 0.66650390625 0.490478515625
0 0.7259225971511839 0.7046325304419249 0.7348506896421635 0.7046325304419251 0.7362242423330835 0.7108135175510648 0.7321035842603236 0.7169945046602044 0.725922597151184 0.7197416100420442 0.7204283863875043 0.7197416100420442 0.7176812810056643 0.7156209519692844 0.7197416100420442 0.7108135175510646
0 0.7121870702419846 0.7369110186785433 0.7121870702419846 0.7279829261875638 0.7142473992783646 0.723175491769344 0.7176812810056644 0.7211151627329642 0.7238622681148039 0.7204283863875043 0.725922597151184 0.725235820805724 0.7231754917693443 0.7314168079148637 0.7190548336965844 0.7355374659876235
0 0.57373046875 0.446044921875 0.5771484375 0.443115234375 0.578125 0.432861328125 0.57666015625 0.427978515625 0.572021484375 0.42626953125 0.568359375 0.431396484375 0.56787109375 0.443603515625 0.569091796875 0.44580078125
0 0.6050499603502298 0.461513704149097 0.5988689732410903 0.462887256840017 0.5940615388228704 0.4608269278036371 0.5947483151683304 0.45464594069449743 0.5947483151683304 0.45052528262173763 0.5988689732410902 0.4484649535853577 0.6050499603502298 0.45189883531265757 0.6077970657320698 0.4553327170399574
0 0.55078125 0.464111328125 0.557373046875 0.462890625 0.56201171875 0.455322265625 0.557373046875 0.4501953125 0.549072265625 0.44873046875 0.5458984375 0.454345703125 0.5458984375 0.462646484375
0 0.48583984375 0.445556640625 0.48974609375 0.439697265625 0.48974609375 0.435302734375 0.487060546875 0.431640625 0.480712890625 0.4345703125 0.47802734375 0.438720703125 0.479736328125 0.44482421875
0 0.4924186396947955 0.4127525836214394 0.49104508700387567 0.4065715965122998 0.4924186396947955 0.40176416209408006 0.49585252142209546 0.39558317498494033 0.49791285045847533 0.40039060940316007 0.4985996268039353 0.4058848201668398 0.4972260741130152 0.4120658072759795
0 0.5537109375 0.347412109375 0.559326171875 0.3447265625 0.56396484375 0.337158203125 0.5634765625 0.326904296875 0.558349609375 0.32275390625 0.549072265625 0.32421875 0.546875 0.328857421875 0.54638671875 0.344970703125
0 0.55078125 0.387939453125 0.558837890625 0.38525390625 0.57177734375 0.372314453125 0.57080078125 0.363037109375 0.564697265625 0.3564453125 0.561279296875 0.357421875 0.54296875 0.377685546875 0.54345703125 0.385498046875 0.546142578125 0.3876953125
0 0.3623046875 0.417724609375 0.37158203125 0.412353515625 0.3720703125 0.406494140625 0.370361328125 0.4033203125 0.362060546875 0.4033203125 0.35791015625 0.406005859375 0.357421875 0.415771484375
0 0.25146484375 0.403076171875 0.25634765625 0.400146484375 0.25732421875 0.396240234375 0.251953125 0.382568359375 0.247314453125 0.3818359375 0.24462890625 0.386474609375 0.24560546875 0.398193359375 0.247314453125 0.40283203125
0 0.23681640625 0.382080078125 0.24365234375 0.376708984375 0.244140625 0.368896484375 0.239501953125 0.35986328125 0.233154296875 0.35986328125 0.224609375 0.365478515625 0.22412109375 0.373779296875 0.228271484375 0.380859375
0 0.1868031659651107 0.36948567385746156 0.18405606058327087 0.36193113405740207 0.1874899423105707 0.3571236996391822 0.1929841530742504 0.35575014694826235 0.19229737672879044 0.36261791040286195
0 0.0166015625 0.402587890625 0.02099609375 0.399169921875 0.02099609375 0.391845703125 0.016845703125 0.38720703125 0.011962890625 0.38720703125 0.009765625 0.396728515625 0.011962890625 0.400390625
0 0.1162109375 0.366943359375 0.13134765625 0.359130859375 0.13330078125 0.348876953125 0.129638671875 0.3447265625 0.122314453125 0.3447265625 0.11181640625 0.357666015625 0.10986328125 0.365478515625
0 0.49951171875 0.359619140625 0.50537109375 0.354736328125 0.50537109375 0.349853515625 0.501220703125 0.3466796875 0.494384765625 0.34619140625 0.49169921875 0.349853515625 0.49072265625 0.357177734375 0.494384765625 0.35986328125
0 0.64111328125 0.412353515625 0.6484375 0.407958984375 0.6494140625 0.396240234375 0.647216796875 0.39404296875 0.635986328125 0.3974609375 0.6318359375 0.402099609375 0.6328125 0.408447265625 0.638427734375 0.41259765625
0 0.65673828125 0.400634765625 0.66015625 0.398193359375 0.65966796875 0.390869140625 0.654541015625 0.39013671875 0.649658203125 0.39208984375 0.64794921875 0.397705078125 0.650146484375 0.39990234375
0 0.77734375 0.403076171875 0.7890625 0.391357421875 0.78857421875 0.386474609375 0.784912109375 0.3837890625 0.779052734375 0.38525390625 0.77001953125 0.392822265625 0.77099609375 0.398193359375
0 0.79541015625 0.377197265625 0.798828125 0.374755859375 0.7998046875 0.368896484375 0.797119140625 0.36572265625 0.791748046875 0.36572265625 0.78857421875 0.372802734375 0.792236328125 0.37744140625
0 0.58642578125 0.373779296875 0.596923828125 0.37109375 0.60498046875 0.364990234375 0.60693359375 0.361083984375 0.599365234375 0.35205078125 0.595458984375 0.35107421875 0.58447265625 0.358642578125 0.57958984375 0.369873046875 0.581787109375 0.37353515625
0 0.60107421875 0.345458984375 0.6142578125 0.338623046875 0.612060546875 0.330078125 0.596435546875 0.32763671875 0.59521484375 0.328857421875 0.59326171875 0.335693359375 0.59423828125 0.341552734375 0.596435546875 0.34423828125
0 0.71435546875 0.355712890625 0.7177734375 0.354248046875 0.71923828125 0.348388671875 0.717529296875 0.3447265625 0.714111328125 0.34375 0.7099609375 0.346923828125 0.708984375 0.350830078125 0.711181640625 0.35498046875
0 0.90234375 0.306396484375 0.9052734375 0.302490234375 0.9052734375 0.296630859375 0.903076171875 0.29443359375 0.895263671875 0.29541015625 0.8935546875 0.298583984375 0.8955078125 0.303466796875 0.897705078125 0.30615234375
0 0.89892578125 0.293701171875 0.905517578125 0.2919921875 0.90966796875 0.288330078125 0.92041015625 0.271240234375 0.92236328125 0.262939453125 0.917724609375 0.25732421875 0.909912109375 0.25732421875 0.90283203125 0.265380859375 0.89599609375 0.290283203125
0 0.99658203125 0.317138671875 1 0.314208984375 1 0.304443359375 0.99755859375 0.298583984375 0.993408203125 0.29638671875 0.984130859375 0.29638671875 0.9814453125 0.302490234375 0.984375 0.311767578125 0.992431640625 0.3173828125
0 0.74951171875 0.330322265625 0.75732421875 0.325927734375 0.7578125 0.321533203125 0.752685546875 0.314453125 0.744873046875 0.31201171875 0.73681640625 0.318115234375 0.73681640625 0.321533203125 0.741943359375 0.328125
0 0.77783203125 0.333251953125 0.784423828125 0.330078125 0.78662109375 0.325927734375 0.78662109375 0.320556640625 0.783935546875 0.3154296875 0.778076171875 0.3173828125 0.77392578125 0.324951171875 0.7734375 0.330810546875
0 0.78125 0.297119140625 0.78564453125 0.295166015625 0.7880859375 0.286376953125 0.78759765625 0.282958984375 0.779541015625 0.27734375 0.7744140625 0.280517578125 0.77294921875 0.284912109375 0.77490234375 0.290283203125
0 0.89111328125 0.217041015625 0.904296875 0.210693359375 0.9072265625 0.199462890625 0.902099609375 0.18701171875 0.888427734375 0.18359375 0.87841796875 0.192138671875 0.87646484375 0.203857421875 0.883056640625 0.21435546875
0 0.67578125 0.330322265625 0.67724609375 0.325439453125 0.673583984375 0.318359375 0.666748046875 0.31787109375 0.66064453125 0.321533203125 0.66064453125 0.325927734375 0.663818359375 0.3291015625
0 0.70263671875 0.331787109375 0.71044921875 0.327392578125 0.71337890625 0.322021484375 0.712646484375 0.31787109375 0.705810546875 0.31591796875 0.7001953125 0.319580078125 0.6982421875 0.326904296875 0.69921875 0.330322265625
0 0.65234375 0.326416015625 0.65625 0.323486328125 0.65478515625 0.313720703125 0.650390625 0.305908203125 0.64794921875 0.296142578125 0.642822265625 0.29541015625 0.638671875 0.298095703125 0.63671875 0.302490234375 0.63818359375 0.318603515625 0.642822265625 0.32470703125
0 0.748046875 0.237548828125 0.757080078125 0.23681640625 0.761962890625 0.23388671875 0.76611328125 0.228271484375 0.765625 0.224853515625 0.761474609375 0.22216796875 0.752685546875 0.22216796875 0.743408203125 0.22509765625 0.7392578125 0.230712890625 0.7392578125 0.233642578125 0.744384765625 0.23779296875
0 0.416015625 0.327880859375 0.427490234375 0.32080078125 0.439208984375 0.31787109375 0.4423828125 0.314697265625 0.44775390625 0.302978515625 0.44775390625 0.298095703125 0.444580078125 0.2939453125 0.437255859375 0.29248046875 0.427978515625 0.296875 0.416259765625 0.296875 0.40771484375 0.304443359375 0.40380859375 0.313232421875 0.40478515625 0.321044921875 0.408935546875 0.326171875
0 0.46533203125 0.308837890625 0.47119140625 0.305908203125 0.470703125 0.301025390625 0.463623046875 0.29541015625 0.455810546875 0.29541015625 0.4541015625 0.300048828125 0.4560546875 0.305419921875 0.459716796875 0.30859375
0 0.55908203125 0.289794921875 0.5625 0.286865234375 0.5625 0.269775390625 0.560302734375 0.26611328125 0.556396484375 0.26513671875 0.54833984375 0.272216796875 0.54736328125 0.279541015625 0.551513671875 0.2880859375
0 0.5205078125 0.288818359375 0.532958984375 0.2861328125 0.53759765625 0.279052734375 0.5380859375 0.274658203125 0.53271484375 0.265869140625 0.525634765625 0.26220703125 0.518310546875 0.2646484375 0.510498046875 0.2705078125 0.505859375 0.277587890625 0.507568359375 0.28515625 0.512939453125 0.28857421875
0 0.47265625 0.262939453125 0.48291015625 0.259033203125 0.484375 0.251220703125 0.480224609375 0.24755859375 0.470947265625 0.2490234375 0.46630859375 0.252685546875 0.466796875 0.262451171875
0 0.82958984375 0.226318359375 0.8330078125 0.224853515625 0.8330078125 0.219970703125 0.827880859375 0.212890625 0.823486328125 0.21240234375 0.8212890625 0.215576171875 0.822265625 0.223388671875
0 0.94140625 0.195556640625 0.94873046875 0.189697265625 0.94921875 0.180908203125 0.941162109375 0.1748046875 0.929931640625 0.173828125 0.9267578125 0.179443359375 0.92724609375 0.190185546875 0.930419921875 0.193359375
0 0.95361328125 0.216064453125 0.95556640625 0.203369140625 0.952392578125 0.20068359375 0.945556640625 0.203125 0.94287109375 0.208740234375 0.946533203125 0.2158203125
0 0.28759765625 0.302978515625 0.29541015625 0.299072265625 0.296875 0.292724609375 0.292724609375 0.28662109375 0.285888671875 0.2841796875 0.2802734375 0.288818359375 0.279296875 0.299072265625 0.282470703125 0.30322265625
0 0.47318890202191644 0.1868031659651107 0.46906824394915664 0.1950444821106303 0.4622004804945571 0.19504448211063033 0.4628872568400171 0.18955027134695057 0.4663211385673169 0.18748994231057067
0 0.5384326548406132 0.18886349500149058 0.5363723258042334 0.1971048111470102 0.5301913386950937 0.1991651401833901 0.526070680622334 0.19641803480155023 0.5281310096587138 0.19161060038333047 0.5308781150405537 0.18817671865603064 0.5349987731133135 0.18474283692873084
0 0.6201171875 0.206298828125 0.62646484375 0.201904296875 0.63037109375 0.189208984375 0.62939453125 0.184326171875 0.621337890625 0.17822265625 0.6142578125 0.182373046875 0.6123046875 0.189208984375 0.61376953125 0.202392578125
0 0.39306640625 0.239501953125 0.4013671875 0.231689453125 0.40625 0.218994140625 0.40771484375 0.208251953125 0.40625 0.200927734375 0.404052734375 0.19873046875 0.391357421875 0.20556640625 0.38720703125 0.212158203125 0.384765625 0.227783203125 0.38818359375 0.238525390625
0 0.30712890625 0.283935546875 0.3125 0.279541015625 0.31591796875 0.271728515625 0.31591796875 0.263427734375 0.310791015625 0.25927734375 0.303466796875 0.26123046875 0.30078125 0.265380859375 0.30224609375 0.281005859375 0.304931640625 0.2841796875
0 0.35025593618458256 0.27196343280214647 0.3447617254209029 0.2740237618385264 0.33995429100268315 0.2733369854930664 0.3392675146572232 0.26921632742030666 0.33789396196630317 0.2644088930020869 0.34201462003906297 0.261661787620247 0.34888238349366263 0.2637221166566269
0 0.2412109375 0.286865234375 0.24560546875 0.283447265625 0.24560546875 0.274658203125 0.239501953125 0.271484375 0.236328125 0.276123046875 0.23583984375 0.283935546875 0.238037109375 0.28662109375
0 0.28271484375 0.278564453125 0.2861328125 0.274658203125 0.28564453125 0.268798828125 0.282958984375 0.26611328125 0.27880859375 0.267822265625 0.27734375 0.273193359375 0.2783203125 0.277587890625
0 0.2880859375 0.264892578125 0.29248046875 0.260986328125 0.2939453125 0.251220703125 0.286376953125 0.24853515625 0.283203125 0.254150390625 0.28271484375 0.260986328125 0.284423828125 0.2646484375
0 0.31317001352974444 0.23762461552914815 0.31523034256612437 0.2451791553292078 0.31042290814790463 0.24861303705650764 0.30698902642060477 0.2458659316746678 0.30698902642060477 0.2376246155291482
0 0.50244140625 0.143310546875 0.50732421875 0.138916015625 0.50634765625 0.129638671875 0.497314453125 0.11962890625 0.49365234375 0.121826171875 0.49560546875 0.141845703125 0.497314453125 0.1435546875
0 0.66357421875 0.240966796875 0.67431640625 0.237060546875 0.67578125 0.230224609375 0.673095703125 0.2255859375 0.661865234375 0.22412109375 0.65576171875 0.226806640625 0.654296875 0.230712890625 0.65576171875 0.238525390625 0.658935546875 0.2412109375
0 0.6819689110417461 0.21358744343804936 0.6723540422053066 0.2115271144016695 0.6723540422053067 0.2053461272925298 0.6757879239326064 0.1991651401833901 0.6799085820053663 0.20259902191068993 0.6799085820053663 0.2074064563289097
0 0.732421875 0.231201171875 0.734375 0.228759765625 0.73291015625 0.216552734375 0.730224609375 0.21337890625 0.725830078125 0.212890625 0.72314453125 0.215576171875 0.72412109375 0.229248046875 0.726806640625 0.2314453125
0 0.72802734375 0.177978515625 0.7353515625 0.173095703125 0.736328125 0.160400390625 0.733642578125 0.15625 0.724365234375 0.158203125 0.720703125 0.163330078125 0.71923828125 0.173095703125 0.722412109375 0.17724609375
0 0.71826171875 0.157958984375 0.72119140625 0.150634765625 0.7197265625 0.133544921875 0.717529296875 0.130859375 0.710205078125 0.12890625 0.70458984375 0.136474609375 0.705078125 0.140869140625 0.70947265625 0.153076171875 0.713134765625 0.15673828125
0 0.9601133309530322 0.11537842603727425 0.949124909425673 0.11949908411003406 0.943630698661993 0.11743875507365417 0.945004251352913 0.11194454430997443 0.9498116857711327 0.10782388623721464 0.9553058965348125 0.10576355720083475 0.9608001072984922 0.10370322816445485 0.9614868836439522 0.10851066258267461
0 0.9608001072984922 0.0659305291641567 0.9656075417167119 0.07348506896421635 0.9614868836439523 0.07966605607335604 0.9566794492257324 0.07623217434605621 0.9566794492257323 0.07279829261875638
0 0.08740234375 0.305419921875 0.09228515625 0.302001953125 0.09326171875 0.299072265625 0.090576171875 0.28955078125 0.086669921875 0.2900390625 0.08154296875 0.298095703125 0.08203125 0.302001953125
0 0.09912109375 0.293212890625 0.103759765625 0.29150390625 0.1064453125 0.287841796875 0.10546875 0.282958984375 0.102783203125 0.28076171875 0.096923828125 0.28125 0.09228515625 0.286865234375 0.091796875 0.290771484375 0.093994140625 0.29345703125
0 0.07348506896421635 0.26784277472938667 0.07142473992783648 0.2747105381839864 0.06730408185507668 0.27608409087490626 0.06593052916415675 0.2726502091476065 0.06730408185507668 0.26852955107484666
0 0.053568554945877325 0.280204748947666 0.05356855494587734 0.2891328414386456 0.04738756783673765 0.28775928874772566 0.04464046245489778 0.28432540702042586 0.045327238800357744 0.27814441991128613
0 0.032965264582078366 0.28432540702042586 0.0302181592002385 0.2911931704750256 0.02403717209109881 0.2946270522023253 0.021290066709258947 0.29187994682048546 0.02060329036379898 0.2850121833658858 0.026784277472938673 0.28089152529312605
0 0.02783203125 0.234130859375 0.036865234375 0.23046875 0.0390625 0.227783203125 0.0390625 0.221435546875 0.034912109375 0.21484375 0.024658203125 0.21484375 0.017578125 0.219482421875 0.01806640625 0.224365234375 0.0234375 0.233642578125
0 0.17333984375 0.196044921875 0.17578125 0.193115234375 0.173828125 0.185791015625 0.170654296875 0.18408203125 0.164794921875 0.18505859375 0.1630859375 0.187744140625 0.16357421875 0.192626953125 0.167724609375 0.19580078125
0 0.08928092490979556 0.20740645632890967 0.07966605607335604 0.2039725746016099 0.07554539800059624 0.1977915874924702 0.07897927972789608 0.19229737672879046 0.08516026683703577 0.18748994231057067 0.0865338195279557 0.18336928423781093 0.08928092490979558 0.18130895520143098 0.09271480663709541 0.17924862616505108 0.0988957937462351 0.18130895520143098 0.1023296754735349 0.1868031659651107 0.1023296754735349 0.1943577057651703 0.09752224105531514 0.19985191652885004 0.09202803029163542 0.20328579825614987
0 0.11949908411003408 0.2129006670925894 0.11263132065543444 0.2129006670925894 0.10576355720083475 0.2115271144016695 0.10301645181899488 0.20809323267436966 0.10301645181899488 0.20053869287431006 0.10645033354629471 0.1984783638379301 0.11125776796451448 0.19985191652885004 0.11606520238273424 0.20328579825614987 0.11812553141911414 0.20809323267436963
0 0.9058579996616949 0.1359817164010732 0.906544776007155 0.12980072929193356 0.9099786577344549 0.12568007121917374 0.9154728684981347 0.12430651852825382 0.9168464211890545 0.13048750563739353 0.9140993158072146 0.1346081637101533
0 0.84423828125 0.047607421875 0.84765625 0.045166015625 0.84765625 0.039306640625 0.840087890625 0.033203125 0.835205078125 0.03369140625 0.8330078125 0.036376953125 0.8330078125 0.043701171875 0.839111328125 0.0478515625
0 0.862591089897717 0.08309993780065586 0.8612175372067973 0.07691895069151618 0.8660249716250169 0.07348506896421636 0.8715191823886967 0.0727982926187564 0.8756398404614565 0.07623217434605623 0.8763266168069164 0.08035283241881602 0.8715191823886967 0.08378671414611583 0.8687720770068569 0.08516026683703577
0 0.6904296875 0.154052734375 0.693359375 0.152587890625 0.69384765625 0.144775390625 0.69287109375 0.139892578125 0.689697265625 0.1376953125 0.6826171875 0.143798828125 0.68115234375 0.149658203125 0.685791015625 0.154296875
0 0.6435546875 0.177490234375 0.6533203125 0.171630859375 0.65380859375 0.164794921875 0.651611328125 0.16064453125 0.643798828125 0.16064453125 0.640625 0.164306640625 0.64013671875 0.173095703125
0 0.63232421875 0.109130859375 0.63671875 0.101806640625 0.630615234375 0.09326171875 0.626708984375 0.09228515625 0.6220703125 0.095947265625 0.62109375 0.102783203125 0.626708984375 0.109375
0 0.7587890625 0.054931640625 0.76416015625 0.051513671875 0.76611328125 0.043212890625 0.761962890625 0.0380859375 0.755615234375 0.037109375 0.75146484375 0.043701171875 0.75146484375 0.051025390625 0.753173828125 0.0537109375
0 0.74658203125 0.077392578125 0.751953125 0.073974609375 0.75439453125 0.067138671875 0.75390625 0.060302734375 0.749267578125 0.05322265625 0.741455078125 0.05224609375 0.736328125 0.055419921875 0.736328125 0.061279296875 0.74072265625 0.076904296875
0 0.76904296875 0.080322265625 0.7734375 0.074951171875 0.77392578125 0.070556640625 0.77294921875 0.067138671875 0.768798828125 0.06494140625 0.76220703125 0.068115234375 0.76123046875 0.075439453125 0.764892578125 0.07958984375
0 0.7719366122970016 0.10782388623721463 0.7726233886424615 0.11400487334635433 0.7678159542242419 0.11675197872819419 0.7630085198060221 0.11537842603727426 0.765068848842402 0.11194454430997443 0.7691895069151619 0.10919743892813458
0 0.7533936509695826 0.10988421527359453 0.7472126638604429 0.10851066258267462 0.745839111169523 0.10370322816445486 0.7506465455877428 0.0988957937462351 0.7533936509695827 0.09683546470985518 0.7540804273150424 0.09134125394617548 0.7554539800059625 0.08859414856433562 0.7616349671151023 0.08790737221887562 0.765068848842402 0.08790737221887562 0.766442401533322 0.09408835932801532 0.765068848842402 0.09889579374623508 0.7630085198060221 0.10439000450991481 0.7582010853878024 0.10713710989175468
0 0.7671291778787819 0.22388908861994886 0.7616349671151021 0.22114198323810905 0.7623217434605621 0.21427421978350938 0.766442401533322 0.2101535617107496 0.7719366122970017 0.2094667853652896 0.7746837176788416 0.2156477724744293 0.7733101649879216 0.2197684305471891
0 0.7794911520970612 0.22045520689264902 0.7760572703697614 0.21496099612896935 0.7760572703697615 0.21084033805620953 0.7794911520970612 0.20603290363798976 0.784298586515281 0.20465935094706983 0.7856721392062009 0.2094667853652896 0.783611810169821 0.21427421978350936
0 0.7952870080426404 0.22594941765632875 0.7891060209335009 0.22457586496540882 0.7884192445880409 0.22045520689264905 0.7925399026608007 0.21702132516534922 0.7973473370790205 0.21839487785626915
0 0.6146648291866694 0.22388908861994886 0.6091706184229898 0.21839487785626915 0.60436318400477 0.21496099612896935 0.60504996035023 0.2115271144016695 0.6098573947684498 0.21152711440166946 0.6146648291866695 0.21152711440166946 0.6180987109139694 0.21427421978350933 0.6180987109139694 0.2190816542017291
0 0.7939134553517205 0.16207921752855192 0.7939134553517206 0.15658500676487222 0.7959737843881005 0.14971724331027256 0.8014679951517802 0.14422303254659286 0.8062754295699999 0.14422303254659286 0.8049018768790801 0.15246434869211245 0.8014679951517802 0.15864533580125212
0 0.462200480494557 0.13529494005561327 0.45464594069449743 0.14010237447383306 0.44777817723989777 0.13735526909199317 0.44777817723989777 0.13186105832831346 0.4505252826217376 0.12842717660101363 0.45807982242179723 0.12430651852825383 0.4649475858763969 0.12087263680095399 0.46975502029461663 0.12361974218279385 0.46975502029461663 0.1291139529464736 0.46494758587639684 0.1346081637101533
0 0.08859414856433559 0.16826020463769165 0.08309993780065589 0.16551309925585178 0.0865338195279557 0.16001888849217202 0.08790737221887564 0.15383790138303238 0.0885941485643356 0.14903046696481262 0.09546191201893525 0.15383790138303238 0.09752224105531515 0.16001888849217205 0.09546191201893527 0.1668866519467717 0.0947751356734753 0.1716940863649915
0 0.9608001072984922 0.019916514018339007 0.9525587911529727 0.02403717209109884 0.9450042513529131 0.02747105381839866 0.9381364878983134 0.024037172091098805 0.9408835932801533 0.01854296132741909 0.9450042513529131 0.01579585594557923 0.9504984621165928 0.01579585594557923 0.9553058965348126 0.010988421527359467 0.9621736599894122 0.013048750563739366
0 0.7499597692422827 0.021976843054718906 0.7499597692422827 0.013735526909199332 0.7527068746241226 0.006867763454599676 0.7561407563514226 0.01167519787281944 0.7554539800059625 0.017856184981959122
0 0.5871937753682708 0.18817671865603064 0.583073117295511 0.181308955201431 0.581699564604591 0.17581474443775127 0.5851334463318909 0.16894698098315158 0.5913144334410306 0.17238086271045144 0.5913144334410306 0.1792486261650511
0 0.2232023122744889 0.2190816542017291 0.21427421978350936 0.21839487785626915 0.21358744343804942 0.20946678536528957 0.21564777247442932 0.20259902191068996 0.22114198323810902 0.20191224556522996 0.22732297034724874 0.2053461272925298 0.22732297034724872 0.21152711440166952
0 0.24723948436558768 0.04189335707305793 0.240371720910988 0.04670079149127769 0.23350395745638844 0.04532723880035777 0.23213040476546853 0.03983302803667803 0.23762461552914824 0.03571236996391827 0.2431188262928279 0.037085922654838156
0 0.2492998134019676 0.011675197872819426 0.24174527360190798 0.012361974218279401 0.2341907338018484 0.013048750563739359 0.23281718111092842 0.006180987109139707 0.23831139187460815 0.0013735526909199516 0.2451791553292078 0.0020603290363798944 0.2486130370565076 0.005494210763679726
0 0.5597227215498721 0.16207921752855192 0.5535417344407324 0.15589823041941223 0.5487343000225127 0.1490304669648126 0.543926865604293 0.14147592716475293 0.5473607473315929 0.1352949400556133 0.5528549580952726 0.13941559812837306 0.5569756161680324 0.14147592716475296 0.5604094978953322 0.14697013792843272 0.5617830505862521 0.15452467772849232
0 0.5322516677314735 0.1023296754735349 0.5260706806223339 0.10370322816445487 0.5198896935131941 0.09820901740077513 0.5205764698586542 0.09271480663709541 0.5267574569677939 0.09065447760071552 0.5308781150405537 0.09408835932801539
0 0.6162109375 0.029052734375 0.6201171875 0.025146484375 0.623046875 0.017822265625 0.626953125 0.004638671875 0.625732421875 0 0.6083984375 0.000244140625 0.60595703125 0.024169921875 0.609130859375 0.02880859375
0 0.45263671875 0.063720703125 0.4560546875 0.061279296875 0.4560546875 0.055419921875 0.451416015625 0.0498046875 0.447509765625 0.04931640625 0.44287109375 0.054443359375 0.44189453125 0.059814453125 0.446044921875 0.0634765625
0 0.37744140625 0.087646484375 0.381103515625 0.0869140625 0.38427734375 0.081787109375 0.38525390625 0.070556640625 0.381103515625 0.0634765625 0.376953125 0.065185546875 0.37548828125 0.071044921875 0.3740234375 0.084716796875
0 0.40185546875 0.051025390625 0.40625 0.047119140625 0.40576171875 0.039794921875 0.402587890625 0.03662109375 0.395263671875 0.03662109375 0.392578125 0.039306640625 0.392578125 0.046630859375 0.397216796875 0.05126953125
0 0.52978515625 0.079833984375 0.5361328125 0.075927734375 0.53759765625 0.069091796875 0.529052734375 0.06201171875 0.522705078125 0.06201171875 0.51904296875 0.066650390625 0.51904296875 0.071044921875 0.524169921875 0.07958984375
0 0.5892541044046506 0.0844734904915758 0.581012788259131 0.08996770125525558 0.5693375903863117 0.09065447760071552 0.5583491688589524 0.09065447760071552 0.5528549580952725 0.08790737221887565 0.5480475236770528 0.08241316145519596 0.5459871946406729 0.07691895069151619 0.5494210763679728 0.07348506896421639 0.5528549580952726 0.07211151627329643 0.5604094978953322 0.07142473992783649 0.5672772613499318 0.07142473992783649 0.5727714721136116 0.07279829261875641 0.5782656828772913 0.07279829261875641 0.5816995646045912 0.07211151627329644 0.5865069990228109 0.06867763454599662 0.5913144334410305 0.07348506896421637 0.5913144334410306 0.07966605607335607
0 0.622906145332189 0.049447896873117556 0.6229061453321891 0.057002436673177156 0.6174119345685094 0.05974954205501703 0.6132912764957494 0.057002436673177156 0.6146648291866695 0.051508225909497427
0 0.6126045001502896 0.053568554945877325 0.6105441711139097 0.06112309474593697 0.6050499603502298 0.06180987109139692 0.6009293022774702 0.059062765709557055 0.6043631840047701 0.055628883982257224
0 0.3035551446933049 0.09202803029163543 0.3111096844933645 0.09340158298255541 0.3111096844933645 0.09820901740077514 0.30492869738422484 0.10026934643715504 0.301494815656925 0.09683546470985521
0 0.251953125 0.266357421875 0.25732421875 0.262939453125 0.2578125 0.251220703125 0.251953125 0.242919921875 0.247314453125 0.24072265625 0.2412109375 0.246826171875 0.240234375 0.252685546875 0.24365234375 0.255615234375 0.24609375 0.262939453125
0 0.2958984375 0.225341796875 0.300048828125 0.22412109375 0.30322265625 0.219970703125 0.30322265625 0.216064453125 0.298583984375 0.2099609375 0.295166015625 0.2109375 0.2861328125 0.219970703125 0.287841796875 0.22412109375
0 0.30712890625 0.222412109375 0.3125 0.217041015625 0.31201171875 0.212158203125 0.309814453125 0.2099609375 0.305908203125 0.2099609375 0.2998046875 0.214111328125 0.30078125 0.220458984375
0 0.2135874434380494 0.1249932948737138 0.22182875958356896 0.13048750563739353 0.21976843054718906 0.13666849274653325 0.21290066709258942 0.1366684927465332 0.2074064563289097 0.1339213873646934 0.20671967998344973 0.12842717660101366
0 0.3399542910026831 0.12774040025555367 0.34819560714820275 0.1339213873646934 0.3509427125300426 0.14216270351021293 0.3509427125300426 0.15109079600119252 0.34750883080274275 0.15315112503757242 0.3454485017663629 0.1490304669648126 0.3447617254209029 0.14284947985567292 0.3406410673481431 0.13872882178291313 0.3392675146572232 0.13529494005561327
0 0.26708984375 0.183837890625 0.27490234375 0.180419921875 0.2763671875 0.176513671875 0.274658203125 0.17138671875 0.266845703125 0.17041015625 0.26025390625 0.177001953125 0.26025390625 0.181396484375
0 0.26372211665662687 0.19229737672879044 0.25822790589294714 0.20053869287431003 0.2527336951292674 0.19847836383793022 0.25136014243834753 0.19161060038333055 0.2561675768565673 0.18748994231057076
0 0.30615234375 0.156005859375 0.310546875 0.149658203125 0.31298828125 0.134033203125 0.31201171875 0.129638671875 0.306396484375 0.125 0.2978515625 0.130126953125 0.294921875 0.153076171875
0 0.28564453125 0.189208984375 0.288330078125 0.1884765625 0.298828125 0.176513671875 0.3046875 0.161376953125 0.30517578125 0.156982421875 0.297607421875 0.15087890625 0.294189453125 0.15087890625 0.29248046875 0.153076171875 0.2822265625 0.168701171875 0.27783203125 0.179931640625 0.2783203125 0.186279296875 0.281494140625 0.18896484375
0 0.32896586947532364 0.16894698098315164 0.32965264582078363 0.17787507347413117 0.32209810602072403 0.17581474443775127 0.31797744794796423 0.17238086271045142 0.3207245533298041 0.16826020463769162
0 0.32141132967526403 0.141475927164753 0.3303394221662436 0.14697013792843272 0.33171297485716356 0.15795855945579218 0.32415843505710396 0.16276599387401192 0.3186642242934242 0.15864533580125212 0.31729067160250424 0.15246434869211245 0.3179774479479642 0.14697013792843272
0 0.42511455783971885 0.026784277472938683 0.4175600180396592 0.024037172091098805 0.41756001803965925 0.01854296132741909 0.42168067611241905 0.013735526909199325 0.4285484395670187 0.012361974218279441 0.43266909763977845 0.012361974218279441 0.43610297936707837 0.0164826322910392 0.43404265033069844 0.023350395745638863 0.42992199225793865 0.0260975011274787
0 0.43747653205799825 0.01236197421827942 0.4312955449488586 0.010301645181899518 0.4292352159124787 0.006180987109139738 0.4326690976397785 0.0013735526909199238 0.4374765320579983 0.001373552690919936 0.4402236374398381 0.006180987109139706
0 0.2774576435658262 0.05425533129133733 0.2726502091476065 0.05631566032771723 0.26784277472938667 0.0590627657095571 0.26097501127478706 0.05906276570955708 0.26097501127478706 0.05425533129133732 0.26578244569300685 0.050821449564037516 0.2705898801112266 0.04807434418219762 0.2747105381839864 0.04807434418219762
0 0.0986328125 0.121337890625 0.107421875 0.113525390625 0.10888671875 0.110107421875 0.10888671875 0.101806640625 0.106201171875 0.0966796875 0.1015625 0.097900390625 0.09375 0.109619140625 0.0927734375 0.118408203125 0.094970703125 0.12109375
0 0.09065447760071549 0.026097501127478717 0.0906544776007155 0.03571236996391826 0.09546191201893527 0.04326690976397787 0.09889579374623508 0.03845947534575812 0.09683546470985518 0.027471053818398664
0 0.08996770125525554 0.04464046245489778 0.08516026683703577 0.04532723880035776 0.07966605607335604 0.0446404624548978 0.07966605607335606 0.0384594753457581 0.07829250338243612 0.027471053818398657 0.08516026683703579 0.023350395745638845 0.08996770125525555 0.02609750112747873 0.09271480663709541 0.034338817272998326
0 0.01991651401833901 0.10851066258267461 0.012361974218279392 0.11263132065543437 0.004807434418219769 0.10919743892813455 0.004807434418219769 0.10232967547353491 0.006867763454599659 0.09683546470985516 0.012361974218279389 0.09340158298255541 0.01648263229103918 0.09340158298255533 0.024037172091098815 0.09546191201893525 0.023350395745638845 0.10164289912807492
0 0.03639914630937818 0.07691895069151619 0.032278488236618406 0.08584704318249572 0.02678427747293867 0.09134125394617551 0.01991651401833902 0.09065447760071557 0.01579585594557921 0.08996770125525558 0.015109079600119257 0.08584704318249578 0.017169408636499156 0.08035283241881605 0.023350395745638852 0.07554539800059623 0.02815783016385861 0.07142473992783646 0.03365204092753834 0.07142473992783649
0 0.06661730550961668 0.10232967547353494 0.06593052916415672 0.1126313206554344 0.0583759893640971 0.12087263680095403 0.050821449564037495 0.12293296583733394 0.04807434418219762 0.11675197872819418 0.04807434418219762 0.10713710989175465 0.051508225909497454 0.10164289912807492 0.056315660327717204 0.09889579374623508 0.061809871091396934 0.09614868836439525
0 0.06867763454599658 0.08103960876427602 0.059062765709557055 0.09065447760071556 0.052881778600417366 0.08859414856433559 0.05288177860041737 0.08103960876427599 0.05288177860041737 0.07211151627329648 0.056315660327717204 0.06661730550961667 0.06112309474593697 0.0624966474368569 0.06730408185507666 0.057689213018637164 0.07348506896421636 0.05700243667317717 0.07623217434605621 0.06387020012777683 0.07485862165513629 0.07073796358237647 0.07211151627329643 0.0762321743460562
0 0.8439678094700517 0.716287397091705 0.843412731181067 0.703932133191334 0.8498194377366244 0.6921953638858298 0.8556923416915273 0.692728869273492 0.8562262518269521 0.7033986546669844 0.8514211681428989 0.7114009937121037
0 0.38694214566622986 0.8510175060743346 0.3815946048608853 0.8543760320223018 0.3767895749442173 0.8554430427976262 0.37572180844075287 0.8485076876645186 0.379992928221996 0.8442398057430968 0.3837301916351995 0.8437062466288094
0 0.0628854129498399 0.7849733350044181 0.05485160271452842 0.7876899270395994 0.047910986023546265 0.7839554967792145 0.04737710277181403 0.7770201685094196 0.05058045604959267 0.7748861738220834 0.05591939610168552 0.7759531577340952
0 0.7286106573345976 0.199381684851159 0.7222188941565917 0.20790466169664384 0.711541014052406 0.20950512413300515 0.7072698405037777 0.20256976899989762 0.7142105647295304 0.19616790582279592 0.719549451014238 0.18976604264569424 0.7264900677052202 0.18976604264569424
0 0.05319893452625215 0.5375278407291312 0.04737710277181403 0.5441023705190708 0.041504252584296325 0.5462363114797817 0.042572045971453434 0.5387674778223246 0.04310595610687829 0.5296981548651936
0 0.13421311770534966 0.7435856544672704 0.12959673656013546 0.7498122265013389 0.12212226350111369 0.7492786942503642 0.12692729341778167 0.7391424142445339
0 0.049676578735856604 0.8501369171267357 0.038300899306517686 0.8554430427976262 0.030826399363803277 0.8522421179249036 0.03296195925442485 0.8421057841924482 0.0409703693325641 0.8346369773983036 0.044707632745767605 0.837304396883364 0.05004657279786045 0.841038880870374