0 0.18416821475625864 0.9991251105714194 0.17864818652105738 0.9946087238335274 0.17714272427509342 0.9926014408389088 0.17814636577240273 0.988085054101017 0.18165911101298532 0.983568667363125 0.18567367700222256 0.982063205117161 0.19069188448876914 0.982063205117161 0.19320098823204243 0.9840704881117797 0.19520827122666104 0.9910959785929448 0.19169552598607847 0.9976196483254554
0 0.14904076235043273 0.9745358938873412 0.1440225548638862 0.9700195071494493 0.14352073411523153 0.9660049411602121 0.14402255486388618 0.9614885544223202 0.14653165860715944 0.9584776299303922 0.15004440384774206 0.9559685261871189 0.15355714908832463 0.9554667054384642 0.15957899807218048 0.9579758091817376 0.1595789980721805 0.9639976581655935 0.15706989432890722 0.9725286108927226
0 0.057207565346630754 0.9875832333523622 0.05469846160335747 0.9815613843685064 0.0567057445979761 0.977546818379269 0.060218489838558695 0.9765431768819599 0.061222131335868 0.9815613843685065 0.06172395208452264 0.985074129609089
0 0.025091037432732787 0.9986232898227647 0.020574650694840886 0.9941069030848727 0.023083754438114168 0.9875832333523622 0.027600141176006066 0.9825650258658157 0.033621990159861934 0.9845723088604343 0.03512745240582589 0.9926014408389088 0.03111288641658865 0.9991251105714194
0 0.07276400855492508 0.9634958374169388 0.06322941433048661 0.9604849129250108 0.06021848983855867 0.957473988433083 0.05871302759259471 0.9529576016951911 0.05871302759259471 0.9489430357059538 0.05921484834124936 0.9439248282194073 0.06222577283317729 0.9419175452247885 0.06874944256568782 0.9419175452247885 0.07276400855492507 0.9464339319626804 0.07677857454416231 0.9544630639411549 0.07627675379550766 0.9589794506790468
0 0.03914201839506315 0.957473988433083 0.03562927315448055 0.9534594224438456 0.034123810908516586 0.9504484979519178 0.033621990159861934 0.9444266489680618 0.03362199015986194 0.941415724476134 0.03562927315448056 0.9389066207328606 0.04165112213833641 0.9363975169895873 0.04516386737891901 0.9379029792355513 0.04717115037353764 0.9454302904653711 0.048174791870846945 0.9489430357059537 0.046669329624882995 0.9544630639411549
0 0.030109244919279344 0.9554667054384642 0.025091037432732784 0.9554667054384642 0.02258193368945951 0.9554667054384642 0.018567367700222263 0.9534594224438457 0.014552801710985018 0.9504484979519177 0.012043697967711736 0.9474375734599898 0.010036414973093113 0.9434230074707526 0.01003641497309312 0.938404799984206 0.014050980962330366 0.9358956962409326 0.0170619054542583 0.9348920547436235 0.026094678930042102 0.9343902339949688 0.030109244919279344 0.9358956962409327 0.03211652791389797 0.938404799984206 0.033120169411207274 0.9439248282194073 0.03362199015986192 0.9489430357059538
0 0.13749888513137565 0.9494448564546085 0.1359934228854117 0.9429211867220979 0.13950616812599426 0.9363975169895874 0.1450261963611955 0.9343902339949688 0.14853894160177808 0.935393875492278 0.14904076235043273 0.9389066207328607 0.14552801710985014 0.9434230074707526 0.14301891336657685 0.9469357527113351
0 0.2539212988192558 0.9589794506790469 0.2504085535786732 0.957473988433083 0.24840127058405448 0.9524557809465364 0.24840127058405448 0.9494448564546085 0.24840127058405448 0.9459321112140258 0.24940491208136378 0.938404799984206 0.2529176573219464 0.9363975169895874 0.256430402562529 0.9374011584868966 0.2604449685517663 0.9449284697167165 0.2604449685517663 0.9459321112140259 0.259441327054457 0.9539612431925004 0.257935864808493 0.9569721676844283
0 0.273994128765442 0.9840704881117797 0.2709832042735141 0.9805577428711971 0.2709832042735141 0.976041356133305 0.2754995910114059 0.9735322523900318 0.27851051550333383 0.9770449976306145 0.2785105155033339 0.9800559221225424
0 0.30008880769548407 0.9639976581655935 0.2960742417062468 0.9594812714277015 0.2960742417062468 0.9564703469357736 0.2965760624549014 0.9509503187005723 0.2980815247008654 0.9474375734599898 0.3005906284441387 0.9454302904653712 0.30410337368472135 0.9459321112140259 0.3051070151820306 0.9534594224438457 0.3041033736847213 0.9584776299303923
0 0.31664889240108773 1 0.31514343015512375 0.9931032615875635 0.31514343015512375 0.9905941578442902 0.319157996144361 0.9865795918550528 0.32166709988763426 0.9855759503577436 0.3301980526147634 0.9845723088604343 0.33320897710669134 0.986579591855053 0.3347144393526553 0.9900923370956356 0.33772536384458324 0.99812146907411 0.3342126186040007 1
0 0.34575449582305773 0.9915977993415995 0.34224175058247513 0.9890886955983262 0.34123810908516583 0.9865795918550528 0.34123810908516583 0.9840704881117797 0.3452526750744031 0.9810595636198518 0.3517763448069136 0.9805577428711971 0.3537836278015322 0.9860777711063984 0.3517763448069136 0.9920996200902541
0 0.36833642951251727 0.982063205117161 0.362816401277316 0.9810595636198518 0.35980547678538805 0.9790522806252331 0.3572963730421148 0.9765431768819599 0.3572963730421148 0.9710231486467586 0.3593036560367335 0.9675104034061761 0.3618127597800067 0.9675104034061761 0.3653255050205893 0.9680122241548307 0.3713473540044452 0.970521327898104 0.37235099550175443 0.9730304316413773 0.3718491747530998 0.9790522806252331
0 0.38238741047484764 0.9825650258658157 0.37837284448561037 0.9825650258658156 0.37536191999368246 0.9790522806252331 0.3743582784963731 0.9765431768819599 0.3743582784963731 0.972026790144068 0.37636556149099176 0.9675104034061761 0.3778710237369557 0.9650012996629027 0.380380127480229 0.9634958374169388 0.3843946934694662 0.9644994789142481 0.3859001557154302 0.9670085826575214 0.38690379721273954 0.9725286108927226 0.38690379721273954 0.9775468183792692
0 0.42052578737260143 0.9915977993415995 0.41701304213201884 0.9910959785929447 0.41400211764009087 0.9860777711063984 0.41400211764009087 0.9825650258658156 0.4135002968914362 0.9785504598765784 0.41651122138336416 0.9750377146359959 0.41851850437798277 0.9735322523900318 0.42303489111587467 0.9725286108927226 0.4265476363564573 0.9730304316413773 0.4290567400997306 0.9755395353846505 0.42604581560780264 0.9825650258658157
0 0.41952214587529213 0.970521327898104 0.4160094006347095 0.9690158656521399 0.41299847614278157 0.9634958374169387 0.4135002968914362 0.9589794506790469 0.41651122138336416 0.9549648846898097 0.41902032512663745 0.9509503187005723 0.42403853261318397 0.9504484979519178 0.42654763635645726 0.9589794506790469 0.42554399485914796 0.9629940166682842 0.42353671186452935 0.9655031204115574
0 0.44110043806744226 0.957473988433083 0.44009679657013295 0.9509503187005723 0.44009679657013295 0.9474375734599897 0.44009679657013295 0.9424193659734432 0.44009679657013295 0.9379029792355513 0.4431077210620609 0.9348920547436234 0.44461318330802485 0.9348920547436234 0.4476241077999528 0.936899337738242 0.44963139079457143 0.9419175452247885 0.45113685304053547 0.9454302904653711 0.45063503229188073 0.9524557809465364 0.44963139079457143 0.9564703469357736 0.4466204663026435 0.9589794506790468
0 0.4390931550728237 0.9389066207328607 0.4280530986024213 0.9379029792355513 0.4250421741104933 0.9368993377382421 0.4230348911158747 0.935393875492278 0.42203124961856536 0.9318811302516955 0.42253307036722 0.9288702057597675 0.43056220234569453 0.9253574605191849 0.4411004380674423 0.9283683850111129 0.4436095418107156 0.9318811302516954
0 0.15405896983697928 0.9138155833001279 0.14201527186926755 0.9138155833001278 0.1359934228854117 0.9133137625514733 0.13298249839348375 0.9082955550649268 0.1380007058800303 0.9042809890756894 0.14402255486388618 0.9017718853324161 0.15104804534505134 0.8997646023377975 0.15706989432890722 0.9037791683270349 0.15506261133428859 0.909299196562236
0 0.18266275251029465 0.9128119418028187 0.17965182801836668 0.9057864513216534 0.17864818652105738 0.8977573193431789 0.18065546951567601 0.8912336496106684 0.18617549775087722 0.8857136213754672 0.19219734673473313 0.8847099798781578 0.19621191272397037 0.8887245458673951 0.19370280898069708 0.9012700645837615 0.1901900637401145 0.9082955550649267
0 0.016058263956948985 0.9936050823362181 0.009032773475783804 0.9880850541010169 0.007527311229819839 0.9810595636198517 0.007527311229819839 0.9760413561333051 0.012545518716366397 0.9685140449034852 0.025091037432732777 0.9665067619088666 0.028603782673315373 0.9675104034061759 0.02760014117600606 0.9750377146359959 0.02107647144349554 0.9855759503577435
0 0.19771737496993433 0.9293720265084222 0.19370280898069708 0.9253574605191849 0.19821919571858898 0.9158228662947465 0.2032374032051355 0.9178301492893651 0.20223376170782623 0.9243538190218756
0 0.30861976042261324 0.9118083003055093 0.30259791143875736 0.9047828098243441 0.2990851661981747 0.8977573193431789 0.2965760624549014 0.8862154421241217 0.3005906284441387 0.8811972346375753 0.3091215811712678 0.8827026968835392 0.319157996144361 0.8862154421241217 0.31965981689301565 0.8927391118566324 0.31664889240108773 0.9032773475783801 0.31514343015512375 0.9103028380595453
0 0.6297850395615929 0.9996269313200741 0.6232613698290824 0.9961141860794914 0.622257728331773 0.9890886955983262 0.6257704735723556 0.9860777711063983 0.6317923225562114 0.9860777711063983 0.6353050677967941 0.9880850541010169 0.6358068885454485 0.9931032615875635
0 0.6433341997752686 0.972026790144068 0.6378141715400673 0.9780486391279237 0.6247668320750462 0.9810595636198517 0.6172395208452263 0.9810595636198517 0.6147304171019531 0.9810595636198517 0.613224954855989 0.96901586565214 0.6152322378506077 0.9609867336736655 0.6167377000965717 0.957473988433083 0.6202504453371542 0.9549648846898097 0.6252686528237008 0.9524557809465364 0.6317923225562113 0.9529576016951911 0.635305067796794 0.9539612431925003 0.6403232752833404 0.9594812714277015 0.6408250960319951 0.9650012996629027
0 0.6041921813802055 0.9755395353846505 0.5971666908990402 0.9735322523900318 0.593152124909803 0.9715249693954132 0.593152124909803 0.9670085826575214 0.5946575871557669 0.9639976581655935 0.5971666908990402 0.9629940166682841 0.6036903606315507 0.9634958374169388 0.6107158511127159 0.967510403406176 0.6087085681180973 0.9730304316413771
0 0.5871302759259469 0.9790522806252331 0.5811084269420911 0.9845723088604343 0.5770938609528539 0.9870814126037075 0.574082936460926 0.9875832333523622 0.5675592667284154 0.9875832333523622 0.5660538044824516 0.9870814126037075 0.5645483422364874 0.9840704881117797 0.5645483422364874 0.9820632051171609 0.5655519837337968 0.9785504598765784 0.5675592667284154 0.9760413561333052 0.5690647289743793 0.9745358938873412 0.572577474214962 0.9725286108927225 0.5811084269420911 0.9750377146359959
0 0.6187449830911905 0.9017718853324161 0.6142285963532985 0.8987609608404882 0.6117194926100252 0.8957500363485602 0.6107158511127159 0.8922372911079777 0.6122213133586799 0.8882227251187405 0.617741341593881 0.8902300081133591 0.6222577283317731 0.8927391118566324 0.6232613698290823 0.899262781589143
0 0.693516274640734 0.8852118006268125 0.6869926049082234 0.8922372911079777 0.6804689351757129 0.8912336496106683 0.6794652936784037 0.8867172628727764 0.6824762181703317 0.8822008761348845 0.6864907841595689 0.8801935931402658 0.6915089916461155 0.8796917723916113
0 0.67529296875 0.808349609375 0.6826171875 0.802001953125 0.68212890625 0.794677734375 0.675048828125 0.79052734375 0.663818359375 0.791015625 0.66064453125 0.796142578125 0.6630859375 0.803466796875 0.669189453125 0.80810546875
0 0.671937982448584 0.9002664230864522 0.6669197749620374 0.904782809824344 0.6634070297214547 0.90327734757838 0.6624033882241455 0.901771885332416 0.6639088504701094 0.8977573193431789 0.6699306994539652 0.8962518570972149
0 0.7110800008436471 0.8636335084346624 0.7020472273678632 0.8641353291833169 0.7010435858705539 0.8581134801994611 0.7045563311111365 0.8505861689696412 0.7060617933571005 0.846571602980404 0.7115818215923017 0.8430588577398215 0.7150945668328842 0.8475752444777134 0.7176036705761576 0.8535970934615693 0.7171018498275029 0.8601207631940797
0 0.533435455819899 0.983568667363125 0.5309263520766256 0.9790522806252331 0.530424531327971 0.9710231486467586 0.5334354558198989 0.9670085826575213 0.5379518425577909 0.9670085826575214 0.5404609463010641 0.972026790144068 0.5389554840551002 0.9795541013738878
0 0.49429343742483584 0.99812146907411 0.49479525817349057 0.9915977993415994 0.4957988996707998 0.9875832333523623 0.49730436191676375 0.985074129609089 0.5033262109006196 0.9830668466144703 0.5068389561412023 0.983568667363125 0.5103517013817849 0.9920996200902541 0.5078425976385116 0.9996269313200741 0.5013189279060011 1
0 0.48475884320039736 0.9991251105714194 0.48124609795981477 0.9926014408389088 0.4842570224517426 0.9905941578442902 0.48827158844097995 0.9905941578442902 0.4917843336815626 0.9920996200902541 0.4932897959275264 0.9951105445821821 0.49278797517887185 1 0.48576248469770666 1
0 0.5836175306853644 0.9665067619088666 0.574082936460926 0.9634958374169388 0.5735811157122713 0.9574739884330828 0.5796029646961273 0.9559685261871189 0.5856248136799831 0.9564703469357736 0.5876320966746017 0.9604849129250108
0 0.5504973612741572 0.9479393942086444 0.5560173895093584 0.9449284697167164 0.5590283140012865 0.9424193659734432 0.558024672503977 0.9379029792355513 0.5520028235201212 0.9404120829788247 0.5489918990281933 0.9424193659734432
0 0.33521626010131 0.9579758091817376 0.32618348662552615 0.9564703469357736 0.3251798451282168 0.949946677203263 0.3286925903687994 0.9464339319626806 0.33521626010130995 0.9479393942086445 0.33621990159861925 0.9529576016951911
0 0.45574550625360216 0.9902678073315279 0.451395867275572 0.9839849954743731 0.451395867275572 0.9772188903974375 0.4523624537151343 0.975285717518313 0.4567120926931644 0.9728692514194073 0.46251161133053786 0.9733525446391884 0.4649280774294435 0.9815685293754676 0.4639614909898812 0.9839849954743731
0 0.33443890808853943 0.9361389667160418 0.3267062165720414 0.941455192133634 0.321389991154449 0.9414551921336342 0.3180069386159811 0.9404886056940719 0.3165570589566377 0.9390387260347285 0.32138999115444894 0.9327559141775739 0.3257396301324791 0.9317893277380116 0.33153914876985263 0.9303394480786682
0 0.35183746400065996 0.9651365599029094 0.34458806570394307 0.9617535073644414 0.3426548928248186 0.9549874022875056 0.34313818604459967 0.9516043497490376 0.3470045318028487 0.9501544700896943 0.3508708775610977 0.9506377633094755 0.35232075722044104 0.9540208158479433 0.35425393009956563 0.9559539887270678 0.35425393009956563 0.9598203344853169
0 0.3528040504402222 0.9206735836830457 0.34700453180284874 0.9240566362215136 0.34168830638525627 0.9250232226610757 0.33685537418744504 0.9259898091006381 0.3344389080885394 0.9226067565621702 0.3349222013083205 0.9187404108039212 0.336855374187445 0.9148740650456721 0.3397551335061318 0.9134241853863287 0.34168830638525627 0.9124575989467666 0.3460379453632864 0.9124575989467666 0.34893770468197316 0.9129408921665477 0.3508708775610977 0.9153573582654533
0 0.3943672673413991 0.9598203344853169 0.39146750802271235 0.9554706955072867 0.3909842148029312 0.9535375226281624 0.39146750802271235 0.9496711768699133 0.3929173876820557 0.9472547107710076 0.3943672673413991 0.9443549514523208 0.3963004402205235 0.9404886056940718 0.3996834927589915 0.9409718989138529 0.40113337241833485 0.9419384853534152 0.401616665638116 0.9482212972105698 0.40113337241833485 0.9525709361885999 0.39871690631942924 0.9554706955072867
0 0.47749370114375284 0.968036319221596 0.47314406216572263 0.975285717518313 0.4678278367481303 0.9762523039578752 0.46492807742944353 0.9719026649798451 0.46637795708878693 0.9641699734633471
0 0.5040748282317147 0.9810852361556865 0.4968254299349978 0.9781854768369997 0.4953755502756544 0.9733525446391884 0.49537555027565444 0.9694861988809393 0.49537555027565444 0.9675530260018149 0.4992418960339034 0.9651365599029093 0.5026249485723713 0.9632033870237848 0.505041414671277 0.9632033870237848 0.5084244672097449 0.9646532666831282 0.5118075197482127 0.967553026001815 0.5132573994075561 0.9694861988809395 0.512774106187775 0.9757690107380941 0.508907760429526 0.9806019429359054 0.5074578807701826 0.9810852361556865
0 0.11937342528593821 0.9032750277709252 0.10922426767053453 0.902791734551144 0.10584121513206668 0.8979588023533327 0.1063245083518478 0.8931258701555214 0.10970756089031569 0.8902261108368348 0.11454049308812694 0.8907094040566159 0.11744025240681372 0.8940924565950837 0.11937342528593822 0.8969922159137705
0 0.11695695918703257 0.9313060345182305 0.11164073376944016 0.9284062751995437 0.11019085411009677 0.921640170122608 0.11260732020900241 0.917773824364359 0.11599037274747027 0.9187404108039212 0.11889013206615706 0.922123463342389 0.12082330494528157 0.9274396887599814
0 0.48957603163828095 0.9632033870237848 0.485709685880032 0.9535375226281623 0.48474309944046967 0.9472547107710076 0.48667627231959415 0.9429050717929774 0.4890927384184998 0.9390387260347284 0.4958588434954354 0.9346890870566984 0.5002084824734657 0.9361389667160417 0.505041414671277 0.9419384853534152 0.5055247078910581 0.9453215378918831 0.5055247078910581 0.9491878836501322 0.500691775693247 0.9525709361886 0.4963421367152167 0.9588537480457546
0 0.485709685880032 0.9375888463753851 0.47652711470419057 0.9356556734962606 0.47362735538550377 0.9342057938369173 0.47314406216572263 0.9293728616391059 0.4741106486052849 0.9264731023204191 0.4789435808030961 0.9240566362215136 0.4818433401217829 0.9230900497819513 0.486192979099813 0.9226067565621702 0.48860944519871874 0.9230900497819513 0.48957603163828095 0.9284062751995437 0.4890927384184998 0.9342057938369173
0 0.3305725623302904 0.9124575989467665 0.32477304369291693 0.9071413735291741 0.32477304369291693 0.902791734551144 0.3262229233522603 0.8979588023533327 0.3281560962313848 0.8955423362544271 0.3339556148687583 0.8974755091335517 0.3349222013083205 0.9052082006500497 0.33540549452810164 0.9114910125072043
0 0.3523207572204411 0.906658080309393 0.34603794536328647 0.9023084413313629 0.34265489282481854 0.8994086820126761 0.3412050131654752 0.895542336254427 0.3426548928248186 0.8902261108368348 0.34555465214350534 0.8882929379577102 0.3523207572204411 0.8887762311774914 0.3571536894182524 0.8911926972763969 0.35908686229737685 0.8931258701555215 0.36053674195672025 0.8994086820126761 0.359570155517158 0.9032750277709252
0 0.40983265037439515 0.9206735836830456 0.4074161842754894 0.9153573582654533 0.40693289105570835 0.910524426067642 0.40693289105570835 0.9076246667489553 0.41079923681395736 0.9003752684522384 0.4161154622315497 0.9018251481115818 0.41804863511067425 0.9076246667489554 0.417082048671112 0.9124575989467666
0 0.5195402112647107 0.9081079599687364 0.5185736248251486 0.9032750277709252 0.5176070383855863 0.898925388792895 0.5176070383855863 0.8965089226939894 0.5176070383855863 0.8940924565950837 0.5214733841438354 0.8902261108368348 0.5238898502427409 0.8892595243972725 0.5272729027812088 0.8907094040566158 0.5292060756603333 0.8974755091335516 0.5263063163416465 0.9056914938698307
0 0.4625116113305379 0.9052082006500497 0.45719538591294545 0.9008585616720195 0.45622879947338324 0.8945757498148648 0.45912855879207004 0.8897428176170536 0.46299490455031905 0.8897428176170536 0.4663779570887869 0.8945757498148648 0.4663779570887869 0.8984420955731138
0 0.45574550625360216 0.8897428176170536 0.44704622829754187 0.8902261108368347 0.439796830000825 0.8858764718588046 0.4388302435612627 0.8815268328807744 0.4412467096601683 0.8766939006829632 0.4494626943964475 0.8752440210236198 0.4547789198140399 0.8776604871225253 0.45767867913272664 0.8824934193203366
0 0.4625116113305379 0.8786270735620877 0.4600951452316322 0.8733108481444952 0.45912855879207004 0.8708943820455897 0.46154502489097565 0.8665447430675596 0.4673445435283492 0.8679946227269029 0.46831112996791135 0.8747607278038387
0 0.4349638978030137 0.8844265921994612 0.428681085945859 0.8921592837159592 0.4214316876491422 0.8969922159137704 0.4199818079897987 0.8979588023533327 0.4146655825722064 0.8965089226939893 0.41369899613264416 0.8936091633753025 0.41321570291286297 0.8907094040566157 0.41321570291286297 0.8858764718588045 0.41804863511067425 0.8771771939027443 0.42046510120957986 0.8733108481444952 0.42191498086892326 0.8704110888258085 0.4267479130667345 0.8679946227269029 0.4339973113634514 0.8699277956060274 0.4383469503414816 0.8733108481444952
0 0.39001762836336895 0.906658080309393 0.3832515232864332 0.902791734551144 0.3808350571875275 0.8994086820126761 0.3808350571875275 0.8945757498148648 0.3861512826051199 0.8902261108368347 0.3880844554842444 0.8911926972763968 0.3924340944622745 0.8945757498148648 0.39485056056118023 0.898925388792895 0.3958171470007425 0.9008585616720195 0.39533385378096136 0.9066580803093929
0 0.5369387671768313 0.8733108481444953 0.5330724214185824 0.8665447430675595 0.5330724214185822 0.8626783973093104 0.5379053536163937 0.8578454651114993 0.5422549925944236 0.8563955854521559 0.5432215790339859 0.8578454651114993 0.5432215790339859 0.8655781566279973 0.5417716993746425 0.8723442617049331
0 0.019331728791245055 0.8815268328807745 0.008215984736279151 0.8752440210236199 0.007249398296716898 0.8699277956060274 0.008215984736279151 0.8650948634082161 0.008699277956060278 0.8646115701884352 0.01063245083518478 0.8617118108697482 0.014498796593433793 0.8617118108697482 0.020298315230807305 0.8612285176499671 0.023198074549494064 0.8621951040895294 0.025131247428618574 0.8650948634082161 0.026097833868180823 0.8718609684851519 0.02368136776927519 0.8791103667818688
0 0.01739855591212055 0.8486628939356579 0.007732691516498021 0.84527984139719 0.00676610507693577 0.8443132549576277 0.004349638978030132 0.8380304431004731 0.004349638978030132 0.8336808041224429 0.007249398296716891 0.8298144583641939 0.010632450835184774 0.8293311651444129 0.013532210153871533 0.830297751583975 0.01643196947255829 0.8327142176828807 0.01643196947255829 0.8389970295400353
0 0.07974338126388585 0.8694445023862463 0.07394386262651233 0.8752440210236199 0.06911093042870106 0.8762106074631821 0.06524458467045206 0.875727314243401 0.06137823891220305 0.8737941413642765 0.061861532131984184 0.8713776752653708 0.06379470501110869 0.8655781566279972 0.06476129145067094 0.8631616905290915 0.0657278778902332 0.8602619312104048 0.06862763720891994 0.8602619312104048 0.07297727618695009 0.8602619312104048 0.07442715584629346 0.861228517649967
0 0.04301309656052025 0.8389970295400354 0.0347971118242411 0.8389970295400353 0.03141405928577321 0.8351306837817862 0.03093076606599208 0.8302977515839751 0.034313818604459964 0.8273979922652883 0.03528040504402222 0.8269146990455072 0.04059663046161461 0.8273979922652883 0.04446297621986362 0.8283645787048505 0.046879442318769254 0.8331975109026618
0 0.0791015625 0.867919921875 0.082763671875 0.8662109375 0.087158203125 0.8671875 0.102783203125 0.8583984375 0.1103515625 0.850341796875 0.10986328125 0.843994140625 0.103271484375 0.83935546875 0.094482421875 0.83642578125 0.084228515625 0.83837890625 0.0751953125 0.858154296875 0.0771484375 0.866943359375
0 0.17362997903451088 0.8781863101456473 0.17112087529123757 0.8741717441564101 0.17212451678854687 0.8696553574185182 0.1751354412804748 0.8681498951725541 0.1796518280183667 0.8701571781671728 0.18266275251029465 0.8736699234077554 0.17965182801836674 0.8776844893969926
0 0.07477129154954369 0.8114441505745781 0.06975308406299713 0.8154587165638153 0.06473487657645056 0.812949612820542 0.06373123507914126 0.8069277638366862 0.06523669732510523 0.7994004526068663 0.07326582930357972 0.7923749621257011 0.07878585753878094 0.7923749621257011 0.08229860277936352 0.7943822451203197 0.08079314053339956 0.8039168393447582
0 0.16058263956948982 0.865640791429281 0.151549866093706 0.8631316876860078 0.1470334793558141 0.8611244046913891 0.1445243756125408 0.8596189424454251 0.1435207341152315 0.8556043764561878 0.14452437561254083 0.8500843482209867 0.1460298378585048 0.8480770652263679 0.14954258309908738 0.846571602980404 0.15857535657487118 0.8470734237290587 0.16459720555872703 0.849582527472332 0.16610266780469102 0.8520916312156053 0.1650990263073817 0.8606225839427344
0 0.019571009197531575 0.7953858866176291 0.013549160213675703 0.7943822451203197 0.012043697967711736 0.7928767828743559 0.013047339465021048 0.7858512923931906 0.014552801710985015 0.7793276226606802 0.017563726202912952 0.7778221604147162 0.020072829946186227 0.7793276226606801 0.022581933689459502 0.7863531131418453 0.02358557518676882 0.7888622168851186
0 0.378874665234265 0.8490807067236773 0.37335463699906374 0.8510879897182959 0.36733278801520797 0.8515898104669506 0.36432186352328 0.8495825274723319 0.3648236842719347 0.8425570369911668 0.3703437125071359 0.8380406502532748 0.3753619199936824 0.8360333672586562 0.38088194822888366 0.8360333672586562 0.3848965142181208 0.8420552162425121
0 0.1686117715479643 0.8500843482209866 0.16560084705603634 0.8460697822317493 0.16359356406141773 0.8420552162425121 0.1650990263073817 0.8330224427667283 0.16660448855334567 0.8325206220180736 0.17212451678854687 0.8315169805207643 0.1751354412804748 0.8330224427667283 0.1776445450237481 0.8365351880073109 0.1776445450237481 0.8440624992371307 0.1766409035264388 0.846571602980404
0 0.2770050532573699 0.8681498951725541 0.2714850250221687 0.8681498951725541 0.2694777420275501 0.8631316876860076 0.2684741005302408 0.8591171216967703 0.2694777420275501 0.8556043764561878 0.2699795627762047 0.8510879897182959 0.2714850250221687 0.846571602980404 0.273994128765442 0.8430588577398215 0.2765032325087153 0.8375388295046202 0.2820232607439165 0.8380406502532749 0.28804510972777236 0.8425570369911668 0.28904875122508167 0.848077065226368 0.28904875122508167 0.8566080179534972 0.2860378267331537 0.8646371499319716 0.2825250814925711 0.8711608196644822
0 0.24388488384616264 0.8696553574185182 0.2478994498353999 0.8676480744238995 0.2529176573219465 0.8636335084346622 0.25693222331118376 0.8606225839427344 0.26044496855176635 0.8556043764561878 0.26245225154638496 0.8520916312156052 0.2614486100490756 0.8495825274723319 0.25743404405983833 0.8490807067236773 0.2524158365732918 0.8535970934615692 0.24990673283001852 0.8551025557075331 0.24539034609212662 0.8606225839427344 0.24539034609212662 0.8616262254400437 0.24488852534347194 0.8661426121779356
0 0.22180477090535783 0.8495825274723319 0.22682297839190432 0.848077065226368 0.23184118587845087 0.8455679614830947 0.23334664812441488 0.8415533954938574 0.23334664812441488 0.8380406502532749 0.23334664812441488 0.8350297257613469 0.22682297839190435 0.8345279050126924 0.2238120538999764 0.8355315465100016 0.2192956671620845 0.8405497539965482 0.21678656341881122 0.8435606784884762 0.21779020491612053 0.8485788859750226
0 0.23485211037037884 0.8064259430880316 0.2298339028838323 0.8069277638366862 0.22431387464863106 0.8039168393447583 0.2228084124026671 0.8009059148528304 0.2228084124026671 0.796891348863593 0.2228084124026671 0.7908694998797372 0.22331023315132176 0.7853494716445361 0.22331023315132176 0.7833421886499173 0.22581933689459505 0.7773203396660616 0.22933208213517764 0.7753130566714429 0.2353539311190335 0.7743094151741335 0.23987031785692542 0.7758148774200975 0.24237942160019865 0.7803312641579894 0.24237942160019865 0.7873567546391547 0.24237942160019865 0.7953858866176291 0.24087395935423472 0.8044186600934129
0 0.2624522515463849 0.8315169805207643 0.2569322233111837 0.8360333672586562 0.2509103743273278 0.8360333672586562 0.2478994498353999 0.8330224427667283 0.2468958083380906 0.8300115182748005 0.2484012705840546 0.8249933107882539 0.2509103743273279 0.8199751033017073 0.2529176573219465 0.814455075066506 0.2574340440598384 0.8084332260826501 0.26044496855176635 0.8069277638366863 0.2669686382842768 0.8114441505745782 0.2634558930436942 0.8270005937828725
0 0.2704813835248594 0.8350297257613469 0.26797227978158605 0.8330224427667283 0.2674704590329315 0.8264987730342178 0.2674704590329315 0.8209787447990166 0.2674704590329315 0.8164623580611247 0.2679722797815861 0.8099386883286142 0.2699795627762047 0.8074295845853409 0.2734923080167873 0.8069277638366862 0.2765032325087153 0.8114441505745781 0.2790123362519885 0.818971461804398 0.2790123362519885 0.830513339023455 0.2775068740060246 0.8330224427667283
0 0.23987031785692542 0.760760254960458 0.23033572363248694 0.7682875661902777 0.21879384641342986 0.7733057736768243 0.21678656341881122 0.7743094151741335 0.21277199742957398 0.7738075944254789 0.20875743144033673 0.7718003114308603 0.20524468619975414 0.769291207687587 0.20323740320513553 0.7657784624470044 0.20273558245648088 0.7627675379550765 0.20574650694840882 0.756243868222566 0.21026289368630072 0.7527311229819834 0.2172883841674659 0.7507238399873648 0.22782661988921366 0.7502220192387101 0.23384846887306954 0.7527311229819835 0.23836485561096143 0.7552402267252567
0 0.032618348662552615 0.7467092739981276 0.027600141176006072 0.744701991003509 0.026094678930042095 0.7406874250142716 0.027600141176006066 0.7361710382763798 0.031112886416588652 0.7336619345331065 0.033120169411207274 0.7336619345331065 0.03713473540044452 0.7361710382763798 0.038138376897753824 0.7421928872602356 0.038138376897753824 0.7442001702548542
0 0.06824762181703317 0.7677857454416233 0.06423305582779593 0.7632693587037311 0.06523669732510524 0.7592547927144939 0.0702549048116518 0.7572475097198754 0.07376765005223439 0.760760254960458 0.07276400855492507 0.7637711794523859
0 0.08781863101456475 0.7341637552817613 0.08581134801994611 0.7311528307898333 0.08430588577398214 0.727138264800596 0.08681498951725541 0.7211164158167401 0.08982591400918336 0.7201127743194308 0.09434230074707527 0.7236255195600134 0.09434230074707527 0.7276400855492506 0.09384047999842061 0.7316546515384879
0 0.19370280898069708 0.760760254960458 0.18968824299145984 0.756243868222566 0.18868460149415053 0.7542365852279473 0.18818278074549585 0.7492183777414009 0.18968824299145984 0.7462074532494729 0.19169552598607845 0.7462074532494729 0.19571009197531572 0.747712915495437 0.19821919571858898 0.7512256607360195 0.19721555422127965 0.75774933046853
0 0.05821120684394006 0.681974397421677 0.05269117860873883 0.6834798596676409 0.048676612619501604 0.6814725766730223 0.04917843336815627 0.6799671144270584 0.05168753711142954 0.675952548437821 0.05269117860873884 0.6754507276891665 0.05921484834124936 0.6764543691864757
0 0.06523669732510524 0.6613997467268361 0.06624033882241455 0.6578870014862536 0.06925126331434249 0.6518651525023976 0.07125854630896108 0.6548760769943256 0.07075672556030643 0.6649124919674186 0.06874944256568781 0.6689270579566559 0.06624033882241454 0.6649124919674186
0 0.05218935786008419 0.6553778977429802 0.054698461603357465 0.651363331753743 0.055200282352012124 0.6503596902564336 0.05670574459797609 0.6473487657645057 0.057207565346630754 0.6438360205239232 0.05670574459797608 0.6378141715400673 0.05118571636277487 0.6408250960319952 0.047672971122192286 0.6463451242671964 0.04717115037353765 0.6543742562456709 0.04717115037353765 0.6568833599889442
0 0.062225772833177304 0.6297850395615929 0.05770938609528541 0.6307886810589021 0.05369482010604816 0.6312905018075567 0.05018207486546557 0.6302868603102474 0.04917843336815625 0.6267741150696648 0.05168753711142953 0.622257728331773 0.05620392384932143 0.6212540868344636 0.060720310587213326 0.6207522660858089 0.06373123507914126 0.6207522660858089 0.06573851807375991 0.6272759358183195
0 0.009534594224438458 0.6624033882241455 0.003512745240582588 0.6624033882241454 0.0015054622459639679 0.6608979259781815 0.001505462245963967 0.6578870014862535 0.0020072829946186227 0.6538724354970162 0.0070254904811651794 0.6513633317537431 0.010538235721747773 0.6533706147483617 0.012545518716366392 0.6553778977429803
0 0.5981703323963495 0.8069277638366863 0.5921484834124937 0.8049204808420676 0.5911448419151842 0.801407735601485 0.5906430211665296 0.7963895281149385 0.5926503041611483 0.7923749621257012 0.5951594079044215 0.7928767828743558 0.6001776153909681 0.7948840658689744 0.606199464374824 0.7988986318582116 0.6046940021288599 0.8044186600934129
0 0.5891375589205657 0.7848476508958815 0.5876320966746017 0.7818367264039534 0.5841193514340192 0.775313056671443 0.5831157099367098 0.773807594425479 0.5816102476907459 0.7672839246929685 0.5816102476907459 0.7642730002010405 0.5836175306853645 0.7612620757091125 0.5891375589205657 0.7612620757091126 0.5946575871557669 0.7652766416983499 0.5946575871557669 0.7718003114308604 0.5946575871557669 0.7793276226606802 0.5946575871557669 0.7838440093985721
0 0.5550137480120491 0.802913197847449 0.5545119272633944 0.7994004526068664 0.5545119272633944 0.7918731413770466 0.5600319554985956 0.7908694998797372 0.562541059241869 0.8009059148528304 0.5630428799905236 0.8059241223393769 0.5605337762472504 0.8094368675799595 0.5565192102580131 0.8099386883286142 0.5540101065147398 0.8064259430880315
0 0.5615374177445597 0.8440624992371308 0.5595301347499411 0.8405497539965483 0.5590283140012864 0.8355315465100016 0.5595301347499411 0.8295096975261458 0.564046521487833 0.8270005937828725 0.5680610874770702 0.8270005937828725 0.5695665497230341 0.832018801269419 0.5680610874770701 0.8390442917505843 0.5650501629851422 0.8445643199857854
0 0.43758769282685966 0.8234878485422898 0.43758769282685966 0.8184696410557433 0.44310772106206087 0.8109423298259235 0.4481259285486075 0.8084332260826501 0.4521404945378447 0.8104405090772688 0.4501332115432261 0.8199751033017073 0.4476241077999529 0.8234878485422898 0.4461186455539889 0.830513339023455 0.440096796570133 0.8355315465100017 0.43407494758627707 0.8300115182748005 0.43407494758627707 0.8270005937828726
0 0.48475884320039736 0.7978949903609024 0.49078069218425324 0.798396811109557 0.49429343742483567 0.7953858866176291 0.49730436191676375 0.7923749621257012 0.4978061826654183 0.7883603961364639 0.49931164491138236 0.7848476508958815 0.49931164491138236 0.7798294434093349 0.4983080034140731 0.773807594425479 0.4963007204194545 0.7728039529281696 0.49027887143559856 0.7748112359227882 0.48526066394905204 0.7798294434093348 0.48375520170308794 0.7828403679012628 0.48375520170308794 0.7903676791310825
0 0.46669329624882977 0.7818367264039535 0.46167508876228314 0.7823385471526081 0.4586641642703552 0.7803312641579894 0.45615506052708193 0.7773203396660615 0.45565323977842725 0.7748112359227882 0.45515141902977263 0.7682875661902777 0.45715870202439124 0.7647748209496952 0.4611732680136285 0.7632693587037311 0.4646860132542111 0.7617638964577671 0.4702060414894123 0.7657784624470044 0.47070786223806693 0.7718003114308603 0.4697042207407576 0.7778221604147162
0 0.49730436191676375 0.7452038117521635 0.5003152864086917 0.7452038117521635 0.502824390151965 0.7396837835169623 0.502824390151965 0.7306510100411785 0.49981346566003704 0.727138264800596 0.49579889967079976 0.7261346233032866 0.49078069218425324 0.7331601137844518 0.4892752299382892 0.7411892457629263 0.4902788714355985 0.7442001702548542
0 0.5484900782795387 0.7206145950680856 0.544977333038956 0.7196109535707761 0.5419664085470282 0.7166000290788482 0.5409627670497188 0.7130872838382656 0.5429700500443374 0.7085708971003738 0.544977333038956 0.7055599726084458 0.5489918990281933 0.7045563311111365 0.5515010027714664 0.7060617933571004 0.5540101065147398 0.7115818215923015 0.5535082857660852 0.7171018498275028
0 0.5620392384932144 0.7758148774200975 0.5605337762472504 0.7798294434093349 0.5570210310066677 0.7823385471526081 0.5525046442687758 0.7828403679012628 0.5504973612741573 0.7798294434093348 0.550999182022812 0.7753130566714429 0.5540101065147398 0.7723021321795149 0.5585264932526317 0.7697930284362418 0.5620392384932144 0.7697930284362418
0 0.37736920298830107 0.8259969522855632 0.3683364295125172 0.825996952285563 0.3663291465178986 0.8259969522855631 0.3648236842719347 0.8239896692909445 0.3648236842719347 0.820476924050362 0.365827325769244 0.8179678203070887 0.3678346087638626 0.8139532543178514 0.3733546369990638 0.8169641788097792 0.3778710237369557 0.818971461804398
0 0.4210276081212561 0.760760254960458 0.41350029689143625 0.7612620757091126 0.4099875516508536 0.7597566134631486 0.40798026865623505 0.75774933046853 0.40697662715892574 0.754738405976602 0.406474806410271 0.7517274814846742 0.4069766271589257 0.7462074532494729 0.4170130421320188 0.7452038117521635 0.41851850437798277 0.7452038117521637 0.4220312496185654 0.7457056325008182 0.4245403533618387 0.7502220192387101 0.42353671186452935 0.7567456889712207
0 0.4265476363564573 0.754738405976602 0.425543994859148 0.7477129154954368 0.42504217411049333 0.7431965287575449 0.42504217411049333 0.7376765005223438 0.4280530986024213 0.7316546515384879 0.43056220234569453 0.7331601137844519 0.4315658438430039 0.7376765005223438 0.4315658438430039 0.7507238399873648
0 0.46016962651631926 0.7271382648005961 0.45715870202439124 0.7301491892925238 0.45464959828111795 0.7291455477952146 0.4531441360351541 0.7276400855492506 0.4511368530405354 0.7256328025546321 0.4511368530405354 0.7216182365653947 0.4541477775324634 0.7186073120734668 0.454649598281118 0.7181054913248122 0.46117326801362857 0.7216182365653947
0 0.654374256245671 0.775313056671443 0.6508615110050884 0.7667821039443138 0.6508615110050883 0.7602584342118033 0.6538724354970163 0.7597566134631485 0.6563815392402895 0.7607602549604577 0.6603961052295267 0.7652766416983496 0.6603961052295267 0.766280283195659 0.6578870014862535 0.7718003114308603
0 0.33120169411207273 0.7512256607360195 0.32517984512821685 0.7492183777414008 0.32267074138494356 0.7477129154954368 0.32317256213359824 0.7447019910035089 0.32718712812283546 0.7431965287575449 0.32869259036879944 0.7436983495061995 0.3317035148607274 0.7457056325008182
0 0.39744203293448727 0.7206145950680856 0.38740561796139417 0.7276400855492506 0.38439469346946625 0.727138264800596 0.38339105197215695 0.724127340308668 0.3838928727208116 0.7201127743194308 0.38439469346946625 0.7191091328221215 0.3869037972127395 0.7135891045869203 0.3869037972127395 0.7130872838382656 0.3904165424533221 0.7100763593463377 0.39543474993986866 0.712585463089611 0.39694021218583264 0.7166000290788482
0 0.41350029689143625 0.7201127743194309 0.409485730902199 0.7186073120734668 0.4104893723995083 0.7115818215923017 0.41400211764009087 0.709574538597683 0.4165112213833642 0.711080000843647 0.41751486288067347 0.7160982083301934
0 0.4586641642703553 0.6774580106837851 0.4516386737891901 0.6874944256568782 0.43959497582147833 0.6920108123947701 0.4350785890835864 0.6874944256568782 0.43658405132955036 0.6774580106837851 0.44963139079457143 0.6709343409512746 0.45715870202439124 0.6709343409512746
0 0.27901233625198857 0.6799671144270584 0.2694777420275501 0.6859889634109143 0.26144861004907555 0.6879962464055328 0.25944132705445694 0.684985321913605 0.2554267610652197 0.6809707559243676 0.25793586480849295 0.6764543691864758 0.25994314780311156 0.6729416239458932 0.26445953454100346 0.6689270579566559 0.2719868457708233 0.6709343409512745 0.2719868457708233 0.6714361616999291
0 0.3056088359306853 0.6739452654432025 0.30309973218741204 0.6704325202026199 0.30008880769548407 0.664410671218764 0.2995869869468294 0.6624033882241455 0.3025979114387573 0.6588906429835628 0.30761611892530394 0.6588906429835628 0.31062704341723185 0.6649124919674188 0.31012522266857717 0.6709343409512746
0 0.5018207486546556 0.69953812362459 0.49680254116810907 0.7025490481165177 0.49328979592752653 0.7040545103624818 0.49078069218425324 0.7035526896138271 0.48425702245174274 0.7000399443732446 0.48174791870846945 0.6960253783840074 0.48124609795981466 0.6925126331434248 0.48074427721116003 0.6889998879028422 0.48124609795981466 0.683479859667641 0.48275156020577864 0.6769561899351304 0.48526066394905193 0.6724398031972385 0.49078069218425313 0.6699306994539653 0.4963007204194544 0.6704325202026199 0.5008171071573463 0.6729416239458932 0.5048316731465835 0.6749489069405118 0.5078425976385115 0.6779598314324398 0.5073407768898569 0.684985321913605 0.5068389561412022 0.6900035294001515 0.5063371353925475 0.695021736886698
0 0.6458433035185418 0.7060617933571005 0.6433341997752684 0.7045563311111365 0.6418287375293045 0.7015454066192085 0.6418287375293045 0.6955235576353527 0.6428323790266138 0.6900035294001514 0.646846945015851 0.6859889634109142 0.6493560487591243 0.6824762181703317 0.6528687939997069 0.6864907841595689 0.6528687939997069 0.6955235576353527 0.6528687939997069 0.7000399443732446
0 0.6202504453371545 0.7110800008436471 0.6132249548559892 0.7075672556030645 0.6132249548559892 0.7040545103624819 0.6137267756046437 0.6985344821272806 0.6157340585992623 0.6930144538920794 0.617741341593881 0.69201081239477 0.6217559075831184 0.6910071708974608 0.6252686528237008 0.6955235576353527 0.626774115069665 0.7035526896138271 0.6257704735723556 0.7100763593463377
0 0.626774115069665 0.67043252020262 0.6227595490804276 0.6669197749620374 0.6217559075831184 0.6629052089728 0.6202504453371543 0.6583888222349081 0.6197486245884997 0.6538724354970162 0.6207522660858089 0.649857869507779 0.6232613698290822 0.6473487657645057 0.6272759358183194 0.6478505865131604 0.6307886810589022 0.6523669732510523 0.6317923225562113 0.6603961052295269
0 0.6473487657645057 0.6523669732510523 0.6413269167806498 0.6493560487591243 0.639821454534686 0.6468469450158512 0.6393196337860312 0.6418287375293046 0.6393196337860312 0.6373123507914127 0.6398214545346859 0.6327959640535208 0.6418287375293045 0.6277777565669742 0.6423305582779592 0.6257704735723555 0.6433341997752684 0.6232613698290823 0.646846945015851 0.6212540868344637 0.6493560487591243 0.6217559075831183 0.652868793999707 0.6242650113263917 0.6558797184916348 0.6267741150696648 0.6573851807375988 0.6282795773156289 0.6588906429835628 0.6312905018075567 0.6598942844808721 0.63379960555083 0.6598942844808721 0.639821454534686 0.6578870014862535 0.6478505865131604 0.6538724354970162 0.6513633317537431
0 0.6006794361396228 0.6709343409512747 0.5991739738936589 0.6694288787053106 0.5976685116476947 0.665916133464728 0.5976685116476947 0.6624033882241454 0.5976685116476947 0.6578870014862535 0.5986721531450041 0.6538724354970162 0.6011812568882774 0.6523669732510523 0.6031885398828961 0.6553778977429803 0.6036903606315507 0.6598942844808722 0.6046940021288599 0.6634070297214547 0.6046940021288599 0.667421595710692
0 0.5409627670497188 0.6664179542133828 0.5384536633064454 0.6624033882241454 0.5379518425577907 0.6583888222349081 0.5359445595631722 0.6488542280104697 0.5359445595631722 0.6463451242671965 0.5359445595631722 0.6398214545346859 0.5384536633064455 0.6343014262994847 0.5424682292956826 0.6353050677967941 0.5459809745362654 0.6418287375293046 0.5479882575308839 0.6468469450158512 0.5494937197768479 0.6523669732510523 0.5504973612741572 0.6603961052295269 0.5499955405255025 0.665916133464728 0.5449773330389559 0.6679234164593466
0 0.5605337762472504 0.6378141715400674 0.550999182022812 0.6393196337860313 0.5494937197768478 0.6358068885454486 0.5489918990281932 0.6332977848021754 0.5499955405255025 0.6282795773156289 0.5520028235201211 0.6262722943210102 0.5585264932526316 0.6262722943210102 0.5605337762472503 0.6307886810589021
0 0.6006794361396227 0.6036903606315507 0.5961630494017308 0.610715851112716 0.5921484834124936 0.6127231341073345 0.5891375589205657 0.6117194926100251 0.5881339174232564 0.6082067473694426 0.5906430211665296 0.6041921813802054 0.5926503041611483 0.6011812568882774 0.5966648701503855 0.6006794361396228
0 0.7055599726084458 0.7005417651218993 0.7020472273678632 0.6985344821272805 0.6995381236245899 0.6960253783840074 0.696527199132662 0.69201081239477 0.6960253783840072 0.6859889634109142 0.6985344821272805 0.6814725766730223 0.7045563311111365 0.6804689351757129 0.708069076351719 0.6814725766730223 0.7100763593463377 0.6859889634109142 0.7100763593463377 0.6930144538920794 0.7095745385976832 0.695021736886698
0 0.6789634729297491 0.6799671144270585 0.6829780389189862 0.6729416239458932 0.686490784159569 0.6679234164593466 0.6945199161380434 0.6694288787053105 0.7005417651218993 0.6734434446945478 0.7015454066192086 0.6814725766730223 0.7000399443732447 0.6915089916461155 0.6920108123947701 0.6925126331434248 0.6844835011649504 0.6910071708974608 0.6789634729297491 0.6839816804162957
0 0.6920108123947701 0.6558797184916348 0.6859889634109143 0.6578870014862535 0.6794652936784038 0.6568833599889442 0.6754507276891665 0.6563815392402896 0.6714361616999293 0.6533706147483616 0.6719379824485839 0.6493560487591243 0.6774580106837852 0.6443378412725778 0.6809707559243677 0.6438360205239231 0.6889998879028423 0.6448396620212324 0.6910071708974609 0.6458433035185418 0.6930144538920795 0.649857869507779
0 0.6779598314324398 0.6337996055508301 0.6734434446945478 0.6317923225562113 0.6719379824485839 0.6302868603102475 0.6684252372080013 0.6272759358183195 0.664410671218764 0.6237631905777369 0.6634070297214548 0.6187449830911904 0.6649124919674188 0.6157340585992624 0.6714361616999293 0.6137267756046438 0.6769561899351305 0.6167377000965717 0.6814725766730224 0.622257728331773 0.6824762181703317 0.6272759358183195 0.680468935175713 0.6302868603102474
0 0.684985321913605 0.6031885398828961 0.6794652936784038 0.6082067473694426 0.675952548437821 0.6087085681180973 0.6709343409512745 0.6056976436261693 0.6694288787053106 0.6026867191342413 0.6669197749620372 0.5986721531450041 0.6664179542133827 0.5941557664071122 0.6664179542133827 0.590141200417875 0.6699306994539653 0.5866284551772925 0.6724398031972386 0.5856248136799831 0.6764543691864758 0.584119351434019 0.6799671144270584 0.5841193514340192 0.683479859667641 0.5856248136799831 0.6864907841595689 0.5886357381719111 0.6864907841595689 0.5941557664071122 0.6854871426622595 0.5996757946423135
0 0.5665556252311063 0.5690647289743794 0.5630428799905236 0.5775956817015085 0.5615374177445596 0.5816102476907459 0.5575228517553225 0.5846211721826738 0.5520028235201211 0.5806066061934365 0.5535082857660851 0.5740829364609261 0.556519210258013 0.5690647289743795 0.5605337762472503 0.5675592667284155
0 0.5911448419151843 0.5223953993494965 0.5856248136799832 0.5274136068360431 0.5775956817015087 0.5264099653387337 0.5730792949636168 0.5244026823441151 0.5715738327176528 0.5213917578521872 0.5690647289743795 0.5158717296169859 0.5685629082257249 0.5113553428790941 0.5745847572095807 0.5038280316492743 0.5780975024501633 0.5033262109006196 0.5846211721826738 0.5078425976385115 0.5896393796692204 0.5143662673710221
0 0.5996757946423135 0.47923881496519616 0.594657587155767 0.4842570224517426 0.5891375589205656 0.4862643054463613 0.5846211721826737 0.48576248469770666 0.5821120684394006 0.4832533809544334 0.5811084269420912 0.4792388149651961 0.584119351434019 0.47271514523268554 0.5881339174232564 0.47070786223806704 0.5916466626638389 0.47020604148941236 0.5971666908990402 0.47020604148941236
0 0.24639398758943593 0.5610355969959049 0.23936849710827074 0.5620392384932142 0.2343502896217242 0.5620392384932142 0.23284482737576023 0.5545119272633945 0.23886667635961611 0.5499955405255026 0.24438670459481732 0.5515010027714666
0 0.12445154566635457 0.5344390973172083 0.11742605518518945 0.5364463803118269 0.11541877219057078 0.5319299935739349 0.11541877219057078 0.5284172483333524 0.11792787593384407 0.5259081445900791 0.12093880042577201 0.5249045030927697 0.12595700791231862 0.5269117860873884
0 0.10086597047958579 0.5063371353925475 0.09534594224438456 0.5163735503656406 0.09133137625514733 0.5188826541089139 0.08681498951725543 0.518882654108914 0.08380406502532749 0.5168753711142953 0.08129496128205423 0.5133626258737127 0.08079314053339955 0.5073407768898568 0.08631316876860076 0.501318927906001 0.09534594224438456 0.501318927906001
0 0.0712585463089611 0.41902032512663745 0.06473487657645056 0.4315658438430038 0.05419664085470281 0.4320676645916585 0.05068389561412019 0.4180166836293281 0.062225772833177276 0.41048937239950833 0.06975308406299711 0.41500575913740023
0 0.28352872298988047 0.4511368530405354 0.2830269022412258 0.4576605227730459 0.27951415700064325 0.4601696265163192 0.2760014117600606 0.46117326801362846 0.2719868457708234 0.45615506052708193 0.272488666519478 0.45364595678380865 0.273994128765442 0.4486277492972621 0.2790123362519885 0.44511500405667953
0 0.3056088359306853 0.4697042207407577 0.3020960906901027 0.4727151452326856 0.2940669587116282 0.4752242489759589 0.2905542134710456 0.47472242822730426 0.28854693047642693 0.470707862238067 0.2910560342197002 0.4656896547515204 0.2970778832035561 0.4621769095109378 0.3036015529360666 0.4631805510082471
0 0.4626787302595925 0.4641841925055565 0.45615506052708193 0.47522424897595883 0.45163867378919004 0.4782351734678868 0.441602258816097 0.47923881496519616 0.4395949758214783 0.4772315319705775 0.43708587207820504 0.4727151452326856 0.4365840513295504 0.4676969377461391 0.440096796570133 0.4636823717569018 0.4456168248053342 0.4601696265163192 0.4511368530405354 0.45715870202439124 0.456155060527082 0.45615506052708193 0.4596678057676646 0.45916598501900985
0 0.4315658438430039 0.5404609463010641 0.4270494571051119 0.5399591255524094 0.42353671186452935 0.5359445595631722 0.424038532613184 0.5344390973172083 0.4265476363564573 0.5309263520766256 0.4275512778537666 0.5309263520766256 0.4330713060889678 0.5324318143225897 0.43558040983224106 0.5344390973172083
0 0.6302868603102475 0.5063371353925477 0.6232613698290823 0.5008171071573462 0.6212540868344637 0.4947952581734904 0.6197486245884998 0.4887734091896346 0.6202504453371545 0.4807442772111601 0.6242650113263917 0.47823517346788685 0.6312905018075569 0.4777333527192322 0.6358068885454488 0.47923881496519616 0.6378141715400674 0.48074427721116014 0.6388178130373766 0.48776976769232533 0.6388178130373766 0.4947952581734905 0.6363087092941033 0.49981346566003704
0 0.654374256245671 0.5048316731465836 0.6508615110050884 0.5008171071573463 0.649857869507779 0.4973043619167637 0.649857869507779 0.4912825129329078 0.6528687939997069 0.4877697676923253 0.6568833599889442 0.48726794694367054 0.6588906429835628 0.48927522993828915 0.6608979259781814 0.5018207486546555
0 0.6975308406299714 0.4752242489759589 0.6950217368866981 0.4787369942165415 0.6905053501488061 0.4792388149651961 0.6884980671541876 0.4767297112219228 0.6864907841595689 0.4717115037353763 0.6859889634109143 0.4702060414894123 0.6905053501488062 0.467696937746139 0.6930144538920795 0.4681987584947937
0 0.7020472273678632 0.4411004380674423 0.6960253783840074 0.44812592854860744 0.6915089916461155 0.45214049453784466 0.6789634729297491 0.4506350322918807 0.6754507276891665 0.44762410779995276 0.6754507276891665 0.4446131833080248 0.6759525484378212 0.4375876928268597 0.6789634729297491 0.43206766459165846 0.6814725766730224 0.4285549193510759 0.6859889634109143 0.424038532613184 0.6935162746407342 0.424038532613184 0.6980326613786261 0.42805309860242124 0.7010435858705539 0.43457676833493175
0 0.7442001702548543 0.41500575913740023 0.7416910665115811 0.4215294288699107 0.7341637552817613 0.43156584384300384 0.7311528307898332 0.4320676645916585 0.7256328025546321 0.43056220234569453 0.7196109535707762 0.43056220234569453 0.7160982083301937 0.42704945710511194 0.7166000290788483 0.42152942886991074 0.7246291610573228 0.41249665539412694 0.72864372704656 0.40848208940488967 0.7331601137844519 0.4039657026669977 0.7391819627683078 0.40296206116968847 0.743196528757545 0.40798026865623505
0 0.5294208898306617 0.49780618266541843 0.5259081445900792 0.498308003414073 0.5203881163548779 0.4978061826654183 0.518882654108914 0.4963007204194544 0.51737719186295 0.49529707892214503 0.5163735503656407 0.49078069218425313 0.5203881163548779 0.48626430544636123 0.5264099653387337 0.48375520170308806 0.5309263520766256 0.48425702245174274 0.5339372765685537 0.48977705068694394
0 0.5780975024501633 0.45264231528649934 0.5725774742149621 0.4586641642703553 0.564046521487833 0.45966780576766453 0.5590283140012864 0.45615506052708193 0.5580246725039771 0.45113685304053547 0.5600319554985957 0.44611864555398884 0.5675592667284155 0.44059861731878763 0.5695665497230342 0.43959497582147833 0.577093860952854 0.4431077210620609
0 0.5078425976385115 0.4697042207407576 0.5048316731465835 0.4732169659813402 0.5013189279060011 0.4737187867299949 0.4983080034140731 0.4717115037353763 0.49680254116810896 0.46719511699748434 0.4978061826654183 0.4636823717569018 0.5018207486546555 0.45816234352170054 0.5063371353925474 0.4616750887622832
0 0.504329852397929 0.44561682480533416 0.49981346566003704 0.44611864555398884 0.49680254116810907 0.4456168248053342 0.49730436191676375 0.43808951357551434 0.502824390151965 0.43407494758627707 0.5073407768898569 0.43859133432416897
0 0.6503596902564337 0.40296206116968847 0.648352407261815 0.4104893723995083 0.6463451242671964 0.41400211764009087 0.6418287375293045 0.4145039383887456 0.6388178130373765 0.4129984761427816 0.6373123507914126 0.4089839101535444 0.6388178130373765 0.40346388191834315 0.6423305582779592 0.4024602404210338
0 0.6804689351757129 0.36733278801520786 0.6789634729297491 0.3713473540044452 0.675952548437821 0.3743582784963731 0.6719379824485838 0.3758637407423371 0.6669197749620372 0.3738564577477185 0.6654143127160734 0.3713473540044452 0.6664179542133827 0.3683364295125172 0.6684252372080013 0.36532550502058936 0.6734434446945479 0.3623145805286614 0.6749489069405119 0.36231458052866133
0 0.7196109535707761 0.3156452509037784 0.7140909253355749 0.32267074138494356 0.7035526896138271 0.32618348662552615 0.7000399443732447 0.3266853073741808 0.6930144538920794 0.3256816658768715 0.6965271991326619 0.3146416094064691 0.7055599726084457 0.31163068491454116 0.7125854630896109 0.3106270434172318
0 0.5610355969959049 0.380380127480229 0.5555155687607038 0.3869037972127395 0.5525046442687758 0.3894129009560128 0.54648279528492 0.3899147217046674 0.5429700500443374 0.38790743871004874 0.5419664085470282 0.3843946934694662 0.5419664085470282 0.3793764859829196 0.544977333038956 0.3748600992450277 0.5504973612741573 0.3708455332557905 0.5540101065147398 0.3728528162504091
0 0.5745847572095807 0.35227816555556823 0.571072011968998 0.3552890900474962 0.5665556252311061 0.35629273154480545 0.5625410592418689 0.35378362780153216 0.5625410592418689 0.35177634480691355 0.5650501629851422 0.34525267507440305 0.5685629082257248 0.3437472128284391 0.5745847572095806 0.34274357133112976
0 0.39643839143717796 0.40798026865623505 0.3914201839506314 0.4039657026669978 0.3914201839506314 0.4004529574264152 0.3914201839506314 0.3969402121858326 0.39242382544794074 0.3909183632019767 0.3994493159291059 0.38991472170466746 0.40145659892372454 0.3914201839506314 0.40346388191834315 0.3944311084425593 0.40496934416430713 0.39744203293448727 0.40346388191834315 0.4034638819183431
0 0.33672172234727393 0.30460519443337597 0.3347144393526553 0.30912158117126787 0.32668530737418083 0.3156452509037784 0.31664889240108773 0.3166488924010877 0.3166488924010877 0.3096234019199225 0.3196598168930156 0.30360155293606667 0.3271871281228354 0.2955724209575922 0.33170351486072736 0.2975797039522108
0 0.4355804098322411 0.333710797855346 0.4315658438430039 0.34274357133112976 0.42855491935107587 0.34324539207978444 0.4235367118645293 0.3402344675878565 0.42303489111587467 0.33521626010130995 0.4270494571051119 0.32919441111745407 0.4305622023456945 0.32768894887149014
0 0.4963007204194545 0.3427435713311298 0.49278797517887174 0.34776177881767634 0.48626430544636123 0.34776177881767634 0.48475884320039736 0.3462563165717124 0.4872679469436706 0.3397326468392018 0.49078069218425324 0.3372235430959285
0 0.6353050677967941 0.3492672410636404 0.636810530042758 0.3583000145394241 0.6353050677967941 0.3648236842719346 0.6348032470481394 0.3688382502611719 0.6322941433048661 0.37837284448561037 0.6277777565669741 0.3793764859829196 0.6222577283317731 0.37285281625040906 0.6212540868344637 0.36683096726655323 0.6242650113263917 0.35980547678538805 0.6252686528237009 0.35378362780153216 0.6287813980642836 0.3457544958230578
0 0.1244515456663546 0.06373123507914127 0.12344790416904527 0.08029131978474491 0.11541877219057081 0.08631316876860076 0.11040056470402423 0.08781863101456473 0.10839328170940561 0.07627675379550765 0.11240784769864288 0.06824762181703316 0.11943333817980804 0.06573851807375988
0 0.13699706438272097 0.16660448855334567 0.135491602136757 0.1746336205318202 0.1309752153988651 0.18467003550491326 0.12946975315290116 0.18768095999684123 0.12495336641500926 0.18918642224280519 0.11993515892846268 0.1866773184995319 0.1184296966824987 0.1786481865210574 0.1184296966824987 0.1741317997831655 0.1229460834203906 0.167608130050655 0.12696064940962784 0.16509902630738169 0.12997157390155578 0.16409538481007238
0 0.3542854485501869 0.1650990263073817 0.3527799863042229 0.16710630930200035 0.34725995806902166 0.16861177154796428 0.34625631657171235 0.16911359229661896 0.34173992983382045 0.16810995079930965 0.3437472128284391 0.16058263956948982 0.3522781655555683 0.15757171507756187
0 0.38790743871004885 0.23936849710827074 0.3813837689775383 0.23635757261634283 0.38088194822888366 0.22883026138652296 0.38640197646408486 0.227324799140559 0.3904165424533221 0.23133936512979625 0.39091836320197676 0.23435028962172416
0 0.47672971122192287 0.259441327054457 0.4661914755001751 0.26546317603831293 0.46117326801362857 0.26546317603831293 0.45113685304053536 0.26345589304369427 0.45113685304053536 0.2544231195679104 0.45364595678380865 0.24739762908674523 0.4601696265163192 0.24438670459481732 0.4666932962488297 0.24639398758943593 0.4712096829867216 0.24739762908674523 0.4742206074786495 0.2519140158246371
0 0.46016962651631926 0.2172883841674659 0.45515141902977263 0.22782661988921366 0.4486277492972621 0.23284482737576023 0.4456168248053342 0.22531751614594037 0.4501332115432261 0.21528110117284727 0.4541477775324634 0.21277199742957398 0.45665688127573667 0.21377563892688328
0 0.4937916166761812 0.24388488384616264 0.4952970789221451 0.2343502896217242 0.49981346566003704 0.22632115764324967 0.5048316731465836 0.2283284406378683 0.5038280316492743 0.23786303486230675 0.499813465660037 0.2443867045948173
0 0.5700683704716888 0.275499591011406 0.5655519837337969 0.2785105155033339 0.558024672503977 0.272488666519478 0.5620392384932142 0.26496135528965814 0.5670574459797608 0.26496135528965814 0.5735811157122714 0.26797227978158605
0 0.6212540868344637 0.227324799140559 0.6157340585992624 0.23435028962172416 0.6132249548559893 0.2353539311190335 0.6077049266207879 0.23435028962172416 0.603188539882896 0.2308375443811416 0.606199464374824 0.22331023315132173 0.6137267756046437 0.21779020491612056 0.617741341593881 0.2172883841674659 0.6222577283317731 0.2192956671620845
0 0.6312905018075569 0.2037392239537902 0.6252686528237009 0.2082556106916821 0.6202504453371545 0.20574650694840882 0.6207522660858089 0.19972465796455294 0.6237631905777369 0.19721555422127965 0.6277777565669741 0.19721555422127965 0.6297850395615927 0.1977173749699343
0 0.6769561899351305 0.19370280898069708 0.6739452654432025 0.20624832769706344 0.6684252372080013 0.20976107293764604 0.6634070297214548 0.21176835593226467 0.6593924637322175 0.2102628936863007 0.6588906429835629 0.20875743144033673 0.6603961052295269 0.2012301202105169 0.6624033882241455 0.1957100919753157 0.6639088504701094 0.19069188448876914 0.668927057956656 0.18567367700222256 0.6744470861918572 0.18567367700222256 0.6744470861918572 0.18918642224280516
0 0.6895017086514968 0.10688781946344164 0.6804689351757129 0.11391330994460684 0.6754507276891664 0.11541877219057081 0.668927057956656 0.11391330994460686 0.6649124919674188 0.11090238545267891 0.6634070297214547 0.10789146096075097 0.6629052089728 0.0983568667363125 0.6689270579566559 0.09333865924976598 0.6774580106837851 0.09434230074707527 0.681974397421677 0.09685140449034856 0.6849853219136048 0.09936050823362182
0 0.7346655760304159 0.10989874395536961 0.72864372704656 0.11341148919595218 0.7216182365653948 0.11441513069326148 0.7186073120734668 0.11391330994460684 0.7150945668328842 0.10839328170940563 0.7155963875815389 0.10488053646882303 0.7201127743194308 0.10186961197689506 0.7261346233032866 0.10086597047958579 0.7331601137844518 0.10237143272554974
0 0.7266364440519414 0.05720756534663076 0.7246291610573228 0.05218935786008419 0.7246291610573228 0.04616750887622832 0.7286437270465599 0.03964383914371779 0.7351673967790705 0.039142018395063136 0.7376765005223437 0.04215294288699108 0.7366728590250344 0.05068389561412022 0.7336619345331065 0.05520028235201212 0.7316546515384879 0.056203923849321435
0 0.6889998879028423 0.14352073411523153 0.6839816804162957 0.14050980962330362 0.6814725766730223 0.136997064382721 0.6814725766730223 0.1334843191421384 0.6869926049082234 0.12946975315290113 0.6905053501488062 0.1319788568961744 0.6915089916461155 0.13699706438272097
0 0.5068389561412022 0.08129496128205424 0.5003152864086917 0.0873168102659101 0.49981346566003704 0.09584776299303922 0.4957988996707998 0.10337507422285906 0.4877697676923253 0.10588417796613236 0.48877340918963463 0.09283683850111131 0.48877340918963463 0.08932409326052872 0.4912825129329079 0.08280042352801818 0.49479525817349046 0.07878585753878092 0.49780618266541843 0.07778221604147163 0.49931164491138236 0.07778221604147162
0 0.5218935786008418 0.06774580106837849 0.5168753711142954 0.06021848983855868 0.5138644466223674 0.05871302759259471 0.5153699088683313 0.053192999357393494 0.5178790126116046 0.050683895614120233 0.5218935786008418 0.05319299935739351 0.5254063238414245 0.05670574459797609 0.5249045030927698 0.062225772833177304
0 0.5168753711142954 0.0476729711221923 0.5118571636277488 0.047171150373537626 0.5088462391358208 0.04114930138968177 0.5118571636277488 0.03462563165717124 0.5168753711142954 0.034123810908516586 0.5213917578521873 0.039142018395063136 0.5218935786008418 0.04516386737891902
0 0.4185185043779828 0.07778221604147165 0.41299847614278157 0.07677857454416231 0.4119948346454723 0.0727640085549251 0.41450393838874555 0.06874944256568785 0.41801668362932815 0.0692512633143425 0.4210276081212561 0.07075672556030646 0.42152942886991074 0.07326582930357975
0 0.6578870014862536 0.122444262671736 0.6503596902564336 0.12445154566635461 0.6438360205239231 0.12495336641500925 0.6403232752833405 0.12093880042577201 0.6393196337860312 0.11692423443653477 0.6438360205239231 0.11491695144191616 0.6488542280104697 0.1134114891959522 0.6523669732510523 0.11391330994460686
0 0.8636335084346625 1 0.8405497539965481 1 0.843560678488476 0.9941069030848728 0.8500843482209866 0.9926014408389088 0.8551025557075331 0.9926014408389088 0.8606225839427344 0.9946087238335274
0 0.9715249693954133 0.9624921959196295 0.9629940166682841 0.9730304316413771 0.9569721676844282 0.9810595636198517 0.9494448564546084 0.9860777711063983 0.946935752711335 0.9870814126037075 0.9414157244761341 0.9785504598765784 0.9404120829788247 0.970521327898104 0.9474375734599899 0.9614885544223202 0.9519539601978818 0.957473988433083 0.9574739884330831 0.9554667054384642 0.9634958374169389 0.9544630639411551 0.9680122241548308 0.955968526187119
0 1 0.9825650258658157 0.9941069030848729 0.9885868748496716 0.989590516346981 0.9855759503577437 0.9905941578442903 0.9795541013738878 0.9951105445821822 0.9745358938873412 0.9996269313200741 0.9730304316413773
0 0.7728039529281697 0.9890886955983262 0.7667821039443137 0.9865795918550528 0.7667821039443137 0.9825650258658156 0.7682875661902777 0.9775468183792692 0.7702948491848963 0.9765431768819598 0.7723021321795149 0.9775468183792692 0.7758148774200976 0.9795541013738878 0.775313056671443 0.9840704881117797
0 0.7502220192387102 0.9765431768819599 0.7426947080088904 0.9745358938873412 0.740185604265617 0.9715249693954133 0.7386801420196529 0.9650012996629027 0.7421928872602356 0.9599830921763561 0.7482147362440914 0.9604849129250108 0.7522293022333287 0.9660049411602121 0.754738405976602 0.9685140449034854 0.7527311229819833 0.9730304316413773
0 0.7662802831956592 0.9343902339949688 0.7612620757091126 0.9318811302516954 0.7602584342118033 0.9298738472570768 0.7587529719658392 0.9248556397705303 0.7602584342118033 0.9183319700380197 0.7667821039443138 0.9173283285407104 0.7718003114308603 0.9198374322839837 0.7748112359227883 0.9233501775245663 0.773807594425479 0.9308774887543863
0 0.7953858866176292 0.9509503187005725 0.7913713206283919 0.9469357527113351 0.7903676791310825 0.9389066207328607 0.7918731413770466 0.9318811302516954 0.7958877073662838 0.9268629227651488 0.8004040941041757 0.9263611020164942 0.8009059148528304 0.936899337738242 0.8004040941041757 0.9454302904653712
0 0.8726662819104463 0.9263611020164944 0.8666444329265903 0.9313793095030408 0.8611244046913891 0.9298738472570769 0.8616262254400437 0.9263611020164944 0.8641353291833169 0.9213428945299478 0.8706589989158275 0.9188337907866745
0 0.9479393942086446 0.8315169805207644 0.9414157244761341 0.8365351880073109 0.9374011584868968 0.8395461124992389 0.9318811302516955 0.8390442917505843 0.9313793095030408 0.8350297257613469 0.9348920547436234 0.8275024145315271 0.938404799984206 0.8234878485422898 0.9449284697167165 0.8239896692909444
0 0.8857136213754673 0.8270005937828725 0.878688130894302 0.8264987730342177 0.8776844893969926 0.820476924050362 0.878688130894302 0.8134514335691967 0.8827026968835392 0.8064259430880316 0.8872190836214311 0.8049204808420676 0.8907318288620136 0.8064259430880315 0.8937427533539417 0.8109423298259234 0.8937427533539417 0.8224842070449805
0 0.913815583300128 0.820476924050362 0.9092991965622359 0.814455075066506 0.9098010173108906 0.8084332260826502 0.9103028380595453 0.7973931696122477 0.9163246870434012 0.7908694998797373 0.9233501775245663 0.7868549338905 0.9293720265084222 0.7873567546391547 0.9318811302516954 0.7933786036230106 0.9283683850111127 0.8094368675799596 0.9248556397705302 0.8149568958151607 0.9213428945299476 0.8169641788097795
0 0.8209787447990167 0.9108046588081999 0.8169641788097795 0.9203392530326384 0.8079314053339955 0.9218447152786022 0.8024113770987943 0.9213428945299477 0.799902273355521 0.9188337907866744 0.8034150185961036 0.9123101210541639 0.8069277638366863 0.9067900928189627 0.8124477920718876 0.9042809890756894 0.817465999558434 0.9037791683270348
0 0.8019095563501397 0.9057864513216534 0.7973931696122478 0.8962518570972149 0.8004040941041757 0.8887245458673951 0.8034150185961036 0.8842081591295032 0.8074295845853408 0.8882227251187405 0.8089350468313048 0.8967536778458696 0.8074295845853409 0.9042809890756895
0 0.8264987730342179 0.8882227251187405 0.8229860277936352 0.8862154421241217 0.8199751033017073 0.8842081591295031 0.8174659995584339 0.8801935931402659 0.8164623580611248 0.8731681026591007 0.8194732825530526 0.8706589989158274 0.8270005937828725 0.8716626404131367 0.8310151597721097 0.8751753856537193 0.8325206220180738 0.8801935931402659
0 0.8556043764561879 0.8892263666160498 0.8510879897182959 0.8857136213754672 0.8510879897182959 0.877182668648338 0.8515898104669506 0.8716626404131368 0.8581134801994611 0.8586153009481158 0.8631316876860076 0.8525934519642598 0.8691535366698635 0.859618942445425 0.8721644611617914 0.8686517159212088 0.8696553574185182 0.8781863101456473 0.8671462536752448 0.8822008761348845 0.8606225839427344 0.8872190836214311
0 0.8902300081133592 0.8556043764561878 0.8832045176321939 0.8701571781671729 0.8811972346375754 0.8716626404131369 0.8761790271510288 0.8706589989158274 0.8746735649050648 0.8651389706806263 0.8751753856537194 0.8571098387021517 0.8776844893969926 0.8515898104669506 0.8842081591295032 0.8475752444777133 0.8887245458673951 0.8490807067236773
0 0.7918731413770466 0.8530952727129146 0.7843458301472267 0.8525934519642598 0.7778221604147162 0.8500843482209866 0.7788258019120256 0.8425570369911668 0.7833421886499174 0.8390442917505843 0.7858512923931907 0.8385424710019296 0.7913713206283919 0.8375388295046202 0.7973931696122478 0.8440624992371306 0.7994004526068663 0.8495825274723319
0 0.9860777711063984 0.7983968111095572 0.978048639127924 0.7988986318582117 0.980557742871197 0.7888622168851187 0.9840704881117797 0.7813349056552987 0.9885868748496716 0.7758148774200976 0.9931032615875635 0.7823385471526081 0.9956123653308369 0.788360396136464 0.9956123653308369 0.7933786036230105
0 0.7662802831956592 0.8264987730342179 0.760760254960458 0.8340260842640377 0.756243868222566 0.8365351880073109 0.7482147362440916 0.8370370087559655 0.7452038117521635 0.8295096975261457 0.7492183777414009 0.8209787447990166 0.7527311229819835 0.812949612820542 0.7622657172064219 0.8149568958151607 0.7652766416983499 0.818971461804398
0 0.7421928872602357 0.8219823862963259 0.7356692175277251 0.8199751033017073 0.7366728590250344 0.8139532543178514 0.7391819627683077 0.8124477920718874 0.7442001702548544 0.8119459713232328 0.7462074532494729 0.8159605373124701
0 0.7758148774200977 0.8029131978474491 0.7677857454416231 0.8099386883286142 0.7602584342118033 0.8104405090772688 0.7557420474739114 0.8079314053339954 0.7557420474739114 0.8034150185961035 0.7582511512171846 0.7978949903609024 0.7647748209496952 0.7933786036230105 0.7733057736768243 0.7943822451203197 0.7748112359227882 0.798396811109557
0 0.71875 0.801513671875 0.724365234375 0.80029296875 0.73388671875 0.794189453125 0.7353515625 0.786865234375 0.731201171875 0.77734375 0.724853515625 0.77734375 0.714111328125 0.78076171875 0.7099609375 0.783935546875 0.70947265625 0.789306640625 0.71337890625 0.799072265625
0 0.8400479332478936 0.7994004526068665 0.8295096975261458 0.8039168393447584 0.8264987730342178 0.8019095563501397 0.8239896692909445 0.7948840658689744 0.8244914900395991 0.7888622168851187 0.8285060560288364 0.7838440093985721 0.8325206220180736 0.7833421886499174 0.8395461124992387 0.7918731413770466
0 0.9047828098243442 0.7763166981687524 0.9002664230864521 0.7798294434093349 0.8937427533539417 0.7793276226606802 0.891735470359323 0.773807594425479 0.893240932605287 0.7692912076875871 0.8977573193431789 0.7662802831956591 0.9042809890756893 0.767785745441623
0 0.7602584342118033 0.7718003114308604 0.7552402267252567 0.7828403679012628 0.7487165569927461 0.7863531131418453 0.7426947080088903 0.7873567546391547 0.7396837835169623 0.7853494716445361 0.7391819627683076 0.7798294434093349 0.7421928872602357 0.7783239811633709 0.7467092739981276 0.7748112359227883 0.7522293022333287 0.7712984906822057
0 0.7838440093985721 0.7868549338905001 0.7768185189174069 0.788360396136464 0.7733057736768243 0.7823385471526081 0.775313056671443 0.7758148774200976 0.7808330849066442 0.7753130566714429 0.788360396136464 0.7793276226606801
0 0.7933786036230106 0.7617638964577673 0.7863531131418454 0.7617638964577672 0.7808330849066442 0.7587529719658392 0.7763166981687523 0.7532329437306381 0.7773203396660615 0.7467092739981276 0.7828403679012628 0.7411892457629263 0.7908694998797372 0.7406874250142718 0.7968913488635931 0.7507238399873648 0.7968913488635931 0.75774933046853
0 0.7773203396660616 0.7361710382763799 0.7702948491848964 0.741691066511581 0.760760254960458 0.7406874250142716 0.7617638964577673 0.7351673967790704 0.7718003114308604 0.7226218780627041 0.7773203396660615 0.7251309818059773
0 0.7336619345331066 0.7130872838382657 0.7281419062979053 0.7145927460842296 0.724127340308668 0.7130872838382656 0.7231236988113587 0.7085708971003737 0.7241273403086681 0.7045563311111365 0.7276400855492506 0.7015454066192085 0.7306510100411787 0.7000399443732446 0.7351673967790704 0.698032661378626 0.7366728590250344 0.7010435858705539 0.7361710382763798 0.7060617933571004
0 0.9855759503577437 0.7381783212709985 0.9825650258658157 0.7306510100411786 0.9810595636198517 0.725632802554632 0.9810595636198517 0.7145927460842295 0.9845723088604343 0.711080000843647 0.9920996200902542 0.7155963875815389 0.9961141860794914 0.7201127743194308 0.9941069030848728 0.7281419062979053 0.9905941578442902 0.7341637552817611
0 0.9795541013738879 0.7497201984900556 0.9745358938873412 0.7522293022333288 0.9690158656521399 0.7487165569927462 0.9660049411602121 0.741691066511581 0.9680122241548307 0.7361710382763799 0.9730304316413773 0.7346655760304158 0.9790522806252331 0.7351673967790704 0.9830668466144703 0.7376765005223438 0.9870814126037076 0.7426947080088903 0.9860777711063983 0.7477129154954368
0 0.759254792714494 0.6779598314324398 0.7542365852279473 0.6729416239458932 0.7557420474739114 0.6669197749620372 0.7622657172064219 0.6634070297214547 0.7667821039443138 0.6669197749620374 0.7667821039443137 0.6734434446945479
0 0.7908694998797373 0.6955235576353527 0.7868549338905 0.6930144538920794 0.7798294434093349 0.6930144538920794 0.7793276226606802 0.6869926049082236 0.7853494716445361 0.6809707559243676 0.7918731413770466 0.6824762181703317 0.7963895281149385 0.6884980671541875 0.7958877073662838 0.6925126331434247
0 0.8129496128205422 0.6679234164593466 0.8109423298259235 0.6629052089728 0.807429584585341 0.6588906429835628 0.807429584585341 0.6518651525023976 0.8129496128205421 0.649857869507779 0.817465999558434 0.6548760769943256 0.818971461804398 0.6679234164593466
0 0.8771826686483382 0.620752266085809 0.8706589989158275 0.6167377000965717 0.8706589989158275 0.6102140303640612 0.8751753856537194 0.6067012851234787 0.8816990553862298 0.6087085681180973 0.8842081591295032 0.6142285963532985 0.8832045176321939 0.6212540868344637
0 0.9700195071494493 0.5876320966746017 0.9680122241548306 0.5816102476907459 0.9720267901440679 0.5760902194555446 0.9760413561333051 0.5765920402041993 0.9765431768819598 0.5796029646961273 0.9760413561333051 0.5851229929313284
0 0.9047828098243442 0.6930144538920795 0.8962518570972149 0.6960253783840074 0.8857136213754673 0.6925126331434247 0.8837063383808486 0.6874944256568782 0.8827026968835392 0.680468935175713 0.8882227251187403 0.6729416239458932 0.8947463948512508 0.6629052089728 0.9017718853324161 0.6588906429835628 0.906288272070308 0.6598942844808722 0.9098010173108906 0.6619015674754908 0.9118083003055093 0.6679234164593466 0.9128119418028184 0.6749489069405118 0.9128119418028184 0.6824762181703317 0.9108046588081999 0.6884980671541876
0 0.9374011584868968 0.6990363028759353 0.9358956962409327 0.6945199161380433 0.9353938754922781 0.6884980671541876 0.938404799984206 0.6844835011649504 0.9429211867220979 0.6849853219136051 0.9439248282194072 0.6905053501488062 0.9434230074707526 0.6960253783840074
0 0.8666444329265903 0.6869926049082236 0.859618942445425 0.6849853219136048 0.8556043764561878 0.678963472929749 0.8546007349588786 0.6734434446945478 0.859618942445425 0.6679234164593466 0.8661426121779356 0.665916133464728 0.8721644611617915 0.6714361616999291 0.8736699234077554 0.6809707559243676
0 0.9103028380595454 0.6493560487591243 0.9082955550649267 0.6443378412725778 0.9082955550649267 0.6383159922887218 0.9103028380595453 0.6332977848021754 0.9168265077920559 0.6317923225562114 0.9188337907866744 0.6363087092941033 0.9173283285407106 0.6438360205239232 0.9153210455460918 0.6473487657645057
0 0.9118083003055093 0.75774933046853 0.9047828098243441 0.7527311229819835 0.9017718853324161 0.7436983495061997 0.9108046588081999 0.7326582930357972 0.9193356115353291 0.7296473685438694 0.9263611020164942 0.7361710382763798 0.9258592812678396 0.747712915495437 0.9178301492893651 0.754738405976602
0 0.8751753856537194 0.730149189292524 0.8661426121779356 0.7266364440519415 0.8676480744238995 0.7181054913248122 0.8761790271510287 0.7160982083301937 0.8837063383808484 0.7196109535707762 0.8832045176321939 0.7281419062979053
0 0.8842081591295032 0.7186073120734668 0.8967536778458696 0.7155963875815389 0.9042809890756893 0.7125854630896109 0.9052846305729988 0.7035526896138271 0.8987609608404882 0.6990363028759352 0.8877209043700858 0.7005417651218993 0.8776844893969926 0.7055599726084458 0.8751753856537194 0.7135891045869203 0.8796917723916113 0.7160982083301936
0 0.8837063383808486 0.7617638964577673 0.88169905538623 0.7517274814846742 0.8822008761348846 0.7406874250142716 0.8892263666160498 0.7336619345331065 0.8982591400918336 0.7331601137844519 0.9002664230864521 0.7391819627683077 0.8942445741025962 0.7512256607360195 0.8912336496106683 0.7572475097198753 0.888724545867395 0.760760254960458
0 0.7436983495061996 0.6433341997752686 0.7356692175277251 0.6373123507914127 0.7351673967790706 0.6277777565669742 0.7366728590250344 0.6192468038398451 0.740185604265617 0.6092103888667519 0.7442001702548543 0.6016830776369322 0.7522293022333288 0.5956612286530762 0.75774933046853 0.5956612286530762 0.7592547927144939 0.6107158511127159 0.7572475097198752 0.6262722943210102 0.7512256607360194 0.636810530042758
0 0.854098914210224 0.5861266344286379 0.8385424710019296 0.5826138891880551 0.8400479332478934 0.5720756534663074 0.8445643199857854 0.5630428799905236 0.8515898104669506 0.5625410592418689 0.8561061972048425 0.5695665497230341 0.8576116594508064 0.5785993231988179
0 0.7898658583824281 0.5926503041611484 0.7783239811633709 0.5866284551772925 0.7718003114308603 0.5796029646961273 0.7718003114308604 0.5705701912203435 0.7748112359227883 0.5605337762472503 0.7803312641579896 0.5509991820228118 0.7943822451203199 0.5489918990281932 0.8069277638366863 0.556519210258013 0.8134514335691967 0.5635447007391782 0.8174659995584341 0.5700683704716887 0.8134514335691969 0.5811084269420912 0.8054223015907224 0.5876320966746016 0.7978949903609025 0.5906430211665297
0 0.7361710382763799 0.5951594079044217 0.7311528307898332 0.5916466626638389 0.7331601137844519 0.5806066061934365 0.7391819627683077 0.5775956817015087 0.743196528757545 0.5806066061934365 0.7442001702548542 0.5881339174232565
0 0.7597566134631486 0.5951594079044217 0.756243868222566 0.5916466626638389 0.7552402267252567 0.5846211721826737 0.760760254960458 0.5796029646961272 0.7667821039443137 0.5816102476907459 0.7667821039443137 0.5906430211665297
0 0.7637711794523859 0.5725774742149622 0.7552402267252567 0.5821120684394006 0.7482147362440915 0.5856248136799831 0.7421928872602357 0.5816102476907459 0.743196528757545 0.5735811157122714 0.7487165569927462 0.5675592667284155 0.760760254960458 0.5660538044824515
0 0.7361710382763799 0.5745847572095808 0.7316546515384879 0.5705701912203435 0.7301491892925238 0.5660538044824516 0.7321564722871425 0.561035596995905 0.7426947080088904 0.558024672503977 0.7462074532494729 0.5630428799905235 0.7431965287575449 0.571072011968998
0 0.9233501775245664 0.5168753711142954 0.9153210455460918 0.5133626258737127 0.9148192247974372 0.5063371353925474 0.9198374322839837 0.5013189279060009 0.9243538190218756 0.5008171071573463 0.9263611020164941 0.5063371353925474
0 0.9865795918550531 0.486766126195016 0.9780486391279238 0.49278797517887185 0.9685140449034852 0.4932897959275264 0.9660049411602121 0.48726794694367054 0.9700195071494493 0.4797406357138508 0.9740340731386865 0.47371878672999485 0.9810595636198517 0.4727151452326856 0.9860777711063983 0.4782351734678868
0 0.9338884132463142 0.4963007204194545 0.9273647435138036 0.5008171071573464 0.9173283285407104 0.49931164491138236 0.9082955550649267 0.49128251293290787 0.9087973758135813 0.4842570224517427 0.9113064795568546 0.47672971122192287 0.9173283285407104 0.4732169659813402 0.9258592812678396 0.47221332448403097 0.9338884132463141 0.4742206074786496 0.9404120829788246 0.4782351734678868 0.9399102622301699 0.4887734091896346
0 0.9434230074707527 0.47773335271923223 0.936899337738242 0.4752242489759589 0.935393875492278 0.47221332448403097 0.9358956962409327 0.46518783400286584 0.9399102622301699 0.46067144726497383 0.9469357527113352 0.4596678057676646 0.9509503187005725 0.4631805510082472 0.9504484979519179 0.47221332448403097
0 0.915321045546092 0.47221332448403097 0.9278665642624582 0.4666932962488297 0.9313793095030408 0.4606714472649739 0.935393875492278 0.4521404945378447 0.9278665642624582 0.45063503229188073 0.9158228662947465 0.4571587020243913 0.9133137625514732 0.4656896547515204
0 0.8912336496106685 0.46167508876228325 0.878688130894302 0.4586641642703552 0.872666281910446 0.4511368530405354 0.8741717441564101 0.441602258816097 0.8832045176321939 0.43959497582147833 0.8937427533539417 0.4441113625593702 0.8997646023377976 0.4466204663026435 0.8962518570972149 0.4536459567838087
0 0.8651389706806264 0.46619147550017515 0.8561061972048424 0.4641841925055564 0.8576116594508065 0.45565323977842725 0.8631316876860077 0.45314413603515397 0.8686517159212088 0.45364595678380865 0.8666444329265902 0.4621769095109378
0 0.9549648846898098 0.39894749518045125 0.9479393942086446 0.39493292919121403 0.9444266489680619 0.38891108020735815 0.9489430357059538 0.3838928727208116 0.9564703469357737 0.38188558972619296 0.9609867336736655 0.38640197646408486 0.9589794506790469 0.3939292876939047
0 0.941415724476134 0.41299847614278157 0.9374011584868966 0.4124966553941269 0.9379029792355513 0.4049693441643071 0.9404120829788246 0.39844567443179657 0.9454302904653712 0.39493292919121403 0.9499466772032631 0.39844567443179657 0.9489430357059537 0.40647480641027106
0 0.9705213278981041 0.40346388191834315 0.9639976581655935 0.40045295742641523 0.9609867336736655 0.39443110844255935 0.9619903751709749 0.38840925945870347 0.9655031204115574 0.38188558972619296 0.9745358938873412 0.37787102373695564 0.9780486391279238 0.3899147217046674 0.9760413561333051 0.3999511366777605
0 0.9534594224438457 0.3347144393526553 0.948441214957299 0.32819076962014476 0.9464339319626806 0.32367438288225286 0.9469357527113352 0.31664889240108773 0.9539612431925004 0.31564525090377843 0.9604849129250108 0.31965981689301565 0.9594812714277016 0.3291944111174541
0 0.9810595636198518 0.30059062844413875 0.9685140449034854 0.2990851661981748 0.9614885544223201 0.2945687794602829 0.9624921959196293 0.28804510972777236 0.9655031204115573 0.2835287229898804 0.9770449976306144 0.2820232607439164 0.9825650258658157 0.2875432889791177 0.982063205117161 0.2930633172143189
0 0.9539612431925004 0.2524158365732918 0.9474375734599898 0.2478994498353999 0.9434230074707526 0.24187760085154403 0.9444266489680618 0.2353539311190335 0.948441214957299 0.230335723632487 0.9524557809465364 0.22732479914055903 0.9614885544223203 0.22933208213517764 0.9650012996629028 0.23535393111903352 0.9660049411602122 0.243383063097508 0.9629940166682842 0.24990673283001852
0 0.8907318288620139 0.19671373347262502 0.8867172628727764 0.2042410447024448 0.8832045176321939 0.21076471443495537 0.8756772064023741 0.21126653518361 0.8746735649050648 0.20624832769706347 0.877182668648338 0.20072829946186227 0.8847099798781579 0.1932009882320424
0 0.8139532543178515 0.1620881018154538 0.8084332260826501 0.17061905454258292 0.8019095563501397 0.17312815828585623 0.798396811109557 0.17312815828585626 0.7943822451203197 0.16911359229661896 0.796891348863593 0.1595789980721805 0.7963895281149385 0.15154986609370602 0.8009059148528304 0.14402255486388618 0.8084332260826501 0.14301891336657688 0.8124477920718873 0.14502619636119546 0.814455075066506 0.14703347935581412 0.8169641788097795 0.15405896983697925
0 0.8264987730342179 0.14653165860715944 0.8209787447990167 0.15054622459639666 0.8174659995584339 0.148538941601778 0.8164623580611248 0.14602983785850474 0.8164623580611248 0.14151345112061287 0.8199751033017073 0.13800070588003033 0.8249933107882539 0.13749888513137565 0.8290078767774911 0.13950616812599426
0 0.9534594224438457 0.13197885689617445 0.9499466772032632 0.1259570079123185 0.9519539601978818 0.12244426267173597 0.9564703469357736 0.12093880042577207 0.958979450679047 0.12344790416904533 0.958979450679047 0.12796429090693728
0 0.8285060560288365 0.09685140449034857 0.8249933107882539 0.09333865924976603 0.8249933107882539 0.08781863101456475 0.8280042352801819 0.0828004235280182 0.8315169805207644 0.08280042352801824 0.8330224427667284 0.09032773475783806
0 0.890230008113359 0.04114930138968176 0.8857136213754672 0.046669329624883 0.878688130894302 0.048676612619501625 0.8706589989158275 0.046669329624883016 0.8646371499319716 0.041651122138336466 0.8676480744238995 0.03312016941120727 0.8716626404131368 0.026596499678696782 0.8751753856537194 0.02157829219215019 0.8801935931402659 0.01906918844887695 0.8907318288620136 0.02107647144349556 0.8942445741025963 0.028603782673315398
0 0.851087989718296 0.06674215957106922 0.8470734237290587 0.06423305582779593 0.848077065226368 0.05971666908990403 0.8510879897182959 0.05670574459797608 0.8551025557075331 0.057207565346630754 0.8566080179534972 0.06172395208452265
0 0.9424193659734433 0.05770938609528542 0.938404799984206 0.05520028235201212 0.936899337738242 0.04917843336815625 0.9389066207328607 0.04767297112219228 0.9434230074707526 0.046669329624882974 0.9469357527113351 0.04817479187084695 0.9474375734599898 0.0531929993573935
0 0.9479393942086446 0.048174791870846945 0.9454302904653712 0.042152942886991104 0.9469357527113351 0.035127452405825904 0.9494448564546085 0.032116527913897956 0.9539612431925004 0.0341238109085166 0.9549648846898098 0.0386401976464085 0.9544630639411551 0.046167508876228336
0 0.9655031204115575 0.01856736770022227 0.962994016668284 0.016058263956948978 0.9609867336736655 0.0135491602136757 0.9624921959196294 0.006523669732510524 0.9665067619088668 0.0030109244919279514 0.9695176864007946 0.002007282994618628 0.9745358938873412 0.006523669732510545 0.9725286108927226 0.011541877219057094 0.9695176864007946 0.015054622459639688
0 0.9775468183792693 0.11491695144191616 0.9765431768819598 0.1104005647040243 0.9775468183792692 0.10638599871478702 0.9795541013738877 0.10387689497151367 0.9845723088604343 0.10337507422285908 0.9885868748496716 0.10588417796613236 0.9885868748496716 0.11090238545267889 0.9845723088604343 0.11441513069326148 0.9825650258658157 0.11592059293922546
0 0.9374011584868968 0.09082955550649269 0.9338884132463141 0.08430588577398222 0.9328847717490047 0.08179678203070893 0.9323829510003501 0.07728039529281704 0.9348920547436234 0.07376765005223437 0.9374011584868966 0.06975308406299713 0.9434230074707526 0.07025490481165181 0.9444266489680619 0.08079314053339959 0.942921186722098 0.08882227251187408
0 0.9434230074707527 0.5926503041611483 0.9363975169895874 0.5896393796692203 0.9363975169895874 0.5811084269420912 0.9419175452247885 0.5791011439474726 0.9479393942086445 0.5821120684394006 0.9504484979519179 0.5891375589205656 0.9449284697167166 0.5966648701503855
0 0.2939083967728776 0.3021691108894211 0.2859989367536319 0.3162419076842619 0.2776568709260833 0.3206876460016937 0.27153931864741904 0.32013191122287893 0.27042706187297694 0.31346331773804 0.2759884577605736 0.305127547899374 0.28377436719705457 0.3012375163781398
0 0.20951862262798437 0.8039213549900364 0.20424646761288406 0.8092673272413891 0.19312367583769066 0.8059330304989696 0.1908991062811133 0.7925958435292917 0.1936798322287582 0.7803700141867742 0.20146579767293218 0.7798142794079594 0.20702713755283592 0.7864828728927985 0.21036396388385534 0.7948186707140817
0 0.3195922410778451 0.834191600063748 0.33438308657649257 0.8270502805111158 0.34161289562959896 0.8176031250626723 0.34272515240404106 0.8053772957201548 0.3366076001253768 0.8042658821277597 0.3277093779067607 0.8148245071338329 0.3210357252447218 0.8242717185475111
0 0.9194934616295862 0.41407728964677953 0.9099873089081327 0.42127256287926534 0.896640003584055 0.42238403243689493 0.8949715344108528 0.4146039414118092 0.9010891426972096 0.4090468174845997 0.9094311525170653 0.4051567579807482 0.9172171179612392 0.4051567579807482
0 0.9726957105470189 0.9286714558998785 0.9633767542352154 0.9268535138839635 0.9550346323999741 0.9246306307339391 0.951141649677887 0.9162948888778905 0.9572591459488583 0.9079590910566071 0.963932798610897 0.9062919426853975 0.9750555903860905 0.909626239427817 0.9772802159503609 0.9140720057278658 0.9772802159503609 0.925742044326334
0 0.6965943842686182 1 0.7031035163079986 0.9840924052143786 0.7108894817521727 0.979646694879564 0.7242367870762503 0.9813138432507738 0.7336911096782411 0.990761054664452 0.737584092400328 0.9985411177069204 0.737584092400328 1
0 0.8048334424109813 1 0.8087699821646431 0.9913167894432667 0.8104383393224598 0.985203874772008 0.8154436348266819 0.979646694879564 0.8198927739398365 0.9779795465083544 0.8265664266018754 0.9829809916219836 0.8299032529328948 0.9924282030356618 0.8304594093239623 1 0.8248979574286727 1
0 0.76630767595353 0.6956822968476732 0.7620543015149852 0.7042367000290031 0.7559366932286279 0.7109052935138419 0.7481508397998398 0.7125724698676689 0.7475946834087722 0.7053480856387806 0.7537121796797438 0.6959009301903369 0.7598297879661009 0.6870093975902389 0.7659472842370723 0.6858980119804612
0 0.4535151435251757 0.37738608349682595 0.4428302223730888 0.38070518324356517 0.43726888249318496 0.3718136786260844 0.4456109483207337 0.3662564987336404 0.45450917053934975 0.3668122055298379
0 0.11779060725310042 0.17466716951833244 0.10914660913651898 0.17753844304692382 0.10525365441827844 0.16975838000445526 0.10859048074929792 0.16197834494460417 0.11693257458069295 0.1625340517408016 0.12193781407722208 0.1669798180408506
0 0.9332526639358188 0.1526524458283603 0.9305645353007029 0.1436396568960625 0.9322328924585198 0.13752677020742105 0.9405750142937612 0.13697103542860628 0.9439118406247808 0.14419536369225996 0.9416873270758965 0.1508639851597162
0 0.6186255711999669 0.41132544918553304 0.6141211821064514 0.4190497356944754 0.6080036858354801 0.42182826967546283 0.6063353286776634 0.41571541096943865 0.6096721550086829 0.40849105472316766 0.6157896512796542 0.4046010232019334
0 0.7727286370297719 0.5424965111716171 0.7620543015149852 0.5435304925304154 0.7559366932286279 0.5418633441592056 0.7553805368375605 0.5335275463379224 0.7587173631685797 0.5257475392606885 0.7703963113348408 0.5307489843743177 0.7754016068390629 0.5357504854531815