0 0.10366894045327124 0.8765724546179741 0.10041232452280198 0.8727730693657598 0.0933563233401186 0.8733158386875048 0.08630032215743523 0.872230300044015 0.08792863012266985 0.8602893749656277 0.09444186198360836 0.8581182976786482 0.10421170977501612 0.8662598375048214 0.10909663367071998 0.8733158386875047
0 0.08141539826173133 0.9764420098190312 0.08032985961824159 0.9688432393146029 0.08032985961824159 0.9617872381319195 0.08141539826173133 0.9569023142362156 0.08575755283569035 0.9541884676274913 0.08955693808790446 0.9541884676274912 0.09172801537488398 0.9579878528797054 0.09172801537488398 0.964501084740644 0.09064247673139424 0.9683004699928581 0.08792863012266985 0.9720998552450723 0.08630032215743523 0.9769847791407761
0 0.12917909857528037 0.8136112132955684 0.12592248264481115 0.8087262893998646 0.1275507906100458 0.8022130575389261 0.1335212531492394 0.7967853643214773 0.13677786907970868 0.7984136722867119 0.13677786907970868 0.8087262893998646 0.13460679179272916 0.8125256746520787
0 0.03515625 0.999755859375 0.0322265625 0.993408203125 0.024169921875 0.98876953125 0.012451171875 0.98974609375 0.00732421875 0.999267578125
0 0.04396431506133492 0.9943533974366119 0.04125046845261055 0.9889257042191633 0.04342154573959005 0.9845835496452043 0.049934777600528564 0.9851263189669492 0.053191393530997805 0.9883829348974185 0.0510203162440183 0.9932678587931223
0 0.2681280449419685 0.9921823201496324 0.26432865968975444 0.9889257042191633 0.2637858903680096 0.9834980110017145 0.2675852756202237 0.98186970303648 0.2713846608724378 0.9818697030364798 0.2719274301941827 0.9878401655756734
0 0.3457440579514857 0.993810628114867 0.3435729806645062 0.9867546269321839 0.340316364734037 0.9829552416799697 0.34140190337752674 0.9796986257495004 0.34682959659497553 0.9796986257495004 0.35062898184718966 0.9851263189669491 0.35062898184718966 0.9938106281148671
0 0.130807406540515 0.9227078469662883 0.1270080212883009 0.9270500015402474 0.12212309739259702 0.9275927708619924 0.11886648146212775 0.9275927708619924 0.11560986553165853 0.9232506162880334 0.11778094281863803 0.9210795390010539 0.12103755874910728 0.9194512310358192 0.12646525196655606 0.9189084617140743
0 0.002171077286979503 0.9113096912096459 0.002713846608724379 0.902625382061728 0.0037993852522141326 0.8982832274877691 0.006513231860938506 0.8966549195225344 0.00976984779140776 0.8966549195225344 0.010855386434897514 0.9004543047747486 0.008684309147918012 0.9091386139226666
0 0.010855386434897512 0.8423779873480467 0.0027138466087243823 0.8440062953132814 0.0005427693217448792 0.8445490646350264 0 0.8358647554871084 0.004884923895703887 0.8369502941305982
0 0.07707324368777232 0.8022130575389259 0.07544493572253771 0.7967853643214773 0.07815878233126208 0.7929859790692633 0.08304370622696595 0.7946142870344978 0.08195816758347621 0.7994992109302017
0 0.010855386434897512 0.7881010551735592 0.0027138466087243823 0.7881010551735592 0.00488492389570388 0.7794167460256413 0.011398155756642386 0.781045053990876
0 0.5074893158314586 0.9569023142362154 0.5026043919357548 0.9547312369492361 0.5053182385444792 0.9460469278013182 0.5112887010836729 0.9406192345838693 0.5096603931184382 0.9313921561142064 0.510203162440183 0.924336154931523 0.5167163943011216 0.9189084617140744 0.5216013181968254 0.9167373844270948 0.5270290114142743 0.9232506162880334 0.5308283966664884 0.9313921561142064 0.5286573193795089 0.9422475425491039 0.5226868568403152 0.9493035437317874 0.5161736249793767 0.9563595449144707
0 0.18779818532372694 0.8157822905825478 0.18345603074976796 0.8136112132955684 0.18399880007151284 0.8087262893998646 0.1867126466802372 0.8060124427911403 0.18834095464547185 0.8049269041476503 0.19268310921943085 0.8060124427911401 0.19268310921943088 0.8119829053303338
0 0.28061173934210065 0.8917699956268303 0.28821050984652896 0.8879706103746164 0.28549666323780454 0.8787435319049535 0.28061173934210065 0.8825429171571677
0 0.29852312695968153 0.8532333737829443 0.29472374170746735 0.8499767578524752 0.29580928035095716 0.8429207566697917 0.29960866560317134 0.8423779873480469 0.30340805085538547 0.8478056805654957 0.3039508201771304 0.8516050658177098
0 0.25727265850707104 0.8125256746520786 0.2545588118983466 0.80709798143463 0.25564435054183643 0.8016702882171812 0.26052927443754026 0.8027558268606709 0.2643286596897544 0.80709798143463 0.26215758240277487 0.8103545973650992
0 0.5536247081797732 0.9764420098190312 0.5503680922493038 0.9688432393146029 0.5509108615710487 0.9563595449144708 0.5530819388580283 0.9493035437317874 0.5579668627537322 0.9476752357665528 0.5628517866494361 0.9498463130535323 0.562851786649436 0.9563595449144708 0.5590524013972219 0.9634155460971542 0.5579668627537321 0.9753564711755415
0 0.32620436236867023 0.929221078827227 0.3207766691512215 0.9265072322185026 0.31860559186424203 0.920536769679309 0.32186220779471125 0.9194512310358193 0.32674713169041514 0.920536769679309 0.3310892862643741 0.9216223083227988 0.3310892862643741 0.9270500015402474
0 0.32728990101215993 0.9503890823752772 0.3327175942296088 0.9487607744100426 0.3381452874470576 0.9449613891578283 0.33977359541229213 0.9411620039056142 0.3348886715165883 0.937905387975145 0.32837543965564975 0.9411620039056143 0.32620436236867023 0.9455041584795733
0 0.3623046875 0.947509765625 0.37109375 0.941650390625 0.3720703125 0.937255859375 0.368896484375 0.93017578125 0.360107421875 0.9345703125 0.35693359375 0.939697265625 0.35693359375 0.945556640625
0 0.34954344320369984 0.9319349254359514 0.3571422137081282 0.929221078827227 0.3571422137081281 0.9232506162880334 0.3555139057428935 0.9210795390010539 0.34954344320369984 0.9237933856097783 0.3457440579514858 0.9281355401837372
0 0.5378843978491716 0.9932678587931223 0.5422265524231309 0.9878401655756737 0.5471114763188346 0.9818697030364798 0.5389699364926614 0.9802413950712452 0.5329994739534679 0.9840407803234594 0.5346277819187026 0.9905540121843979
0 0.5530819388580281 1 0.5503680922493037 0.9938106281148672 0.5547102468232629 0.990554012184398 0.5590524013972219 0.9905540121843979 0.5601379400407116 0.9959817054018467 0.5595951707189668 0.9997810906540608
0 0.5405982444578961 0.9997810906540607 0.5405982444578961 0.9921823201496326 0.5454831683536 0.9905540121843979 0.5471114763188346 0.9948961667583569 0.5460259376753449 0.998695552010571
0 0.4331299187524107 0.9976100133670813 0.4287877641784517 0.9921823201496325 0.4304160721436864 0.9862118576104388 0.43312991875241075 0.9862118576104391 0.4353009960393902 0.9900112428626531
0 0.4401859199350941 0.9910967815061428 0.43530099603939026 0.9851263189669492 0.43475822671764536 0.9786130871060107 0.4369293040046249 0.972642624566817 0.44018591993509415 0.9683004699928581 0.4439853051873083 0.9683004699928579 0.4483274597612673 0.9791558564277556 0.4488702290830121 0.9883829348974185
0 0.4553834609439506 1 0.4488702290830121 0.9948961667583569 0.449412998404757 0.9878401655756736 0.4542979223004609 0.985669088288694 0.4591828461961648 0.985669088288694 0.46081115416139934 0.9900112428626531 0.462439462126634 0.9965244747235915
0 0.46243946212663395 0.9959817054018467 0.4575545382309302 0.9840407803234594 0.46026838483965454 0.9715570859233273 0.4678671553440828 0.9720998552450721 0.4722093099180417 0.972642624566817 0.47492315652676614 0.9791558564277556 0.4732948485615315 0.9889257042191633 0.4689526939875725 0.9959817054018467
0 0.47600869517025585 0.9867546269321839 0.4738376178832764 0.9834980110017145 0.4727520792397866 0.976984779140776 0.4792653111007252 0.973185393888562 0.48360746567468416 0.9753564711755414 0.48415023499642906 0.981326933714735 0.48197915770944955 0.985669088288694
0 0.7408801241817551 0.9932678587931223 0.7305675070686025 0.9894684735409081 0.7267681218163885 0.9807841643929902 0.7273108911381333 0.9764420098190312 0.7321958150338371 0.9742709325320517 0.7365379696077962 0.9742709325320515 0.7397945855382654 0.9780703177842658 0.7408801241817552 0.9818697030364798 0.7452222787557143 0.9829552416799696 0.7468505867209487 0.9905540121843979
0 0.7169982740249805 0.9720998552450721 0.7121133501292769 0.9715570859233273 0.7099422728422973 0.9666721620276235 0.7110278114857871 0.9634155460971541 0.715369966059746 0.9623300074536644 0.7191693513119601 0.9634155460971541 0.719712120633705 0.9677577006711131
0 0.7267681218163884 0.9493035437317874 0.7256825831728987 0.9433330811925937 0.7240542752076641 0.9373626186534001 0.7273108911381333 0.9362770800099104 0.7321958150338371 0.9389909266186347 0.7354524309643065 0.9449613891578283 0.732738584355582 0.9487607744100425
0 0.6382967223719735 0.9341060027229309 0.63232625983278 0.9324776947576963 0.6279841052588211 0.929763848148972 0.6317834905110352 0.924878924253268 0.6334117984762698 0.9189084617140744 0.6355828757632493 0.9161946151053499 0.641553338302443 0.9145663071401153 0.6442671849111673 0.9210795390010539 0.6431816462676776 0.9275927708619924
0 0.6990868864073998 0.8597466056438828 0.7099422728422973 0.8521478351394547 0.7131988887727666 0.8450918339567712 0.707228426233573 0.846177372600261 0.7007151943726345 0.8499767578524752
0 0.7039718103031036 0.8423779873480468 0.69800134776391 0.837493063452343 0.6990868864073998 0.8277232156609353 0.7039718103031036 0.8206672144782519 0.7115705808075319 0.8206672144782519 0.715369966059746 0.8255521383739557 0.7126561194510217 0.8336936782001289 0.7121133501292768 0.8407496793828122
0 0.6431816462676776 0.7788739767038964 0.6382967223719737 0.7750745914516822 0.6361256450849943 0.7707324368777233 0.6388394916937186 0.7620481277298052 0.641553338302443 0.7609625890863156 0.6458954928764019 0.7658475129820195 0.6469810315198917 0.7712752061994682
0 0.7186265819902153 0.8228382917652313 0.7251398138511538 0.8206672144782519 0.7300247377468577 0.8168678292260378 0.7311102763903474 0.8125256746520787 0.7316530457120923 0.8081835200781198 0.7256825831728987 0.8087262893998646 0.7224259672424295 0.8103545973650992 0.7169982740249806 0.8130684439738236 0.7169982740249807 0.8174105985477826
0 0.7517355106166526 0.8228382917652313 0.7604198197645707 0.815782290582548 0.7620481277298055 0.8076407507563749 0.7631336663732952 0.8011275188954363 0.7571632038341014 0.802213057538926 0.7511927412949079 0.810897366686844 0.7479361253644387 0.8157822905825479
0 0.7723607448429579 0.7951570563562427 0.768018590268999 0.7929859790692633 0.768018590268999 0.789186593817049 0.7685613595907438 0.7848444392430901 0.7712752061994682 0.781045053990876 0.7745318221299374 0.7799595153473862 0.7783312073821516 0.7826733619561106 0.7794167460256414 0.78484443924309 0.7761601300951722 0.7919004404257735
0 0.7419656628252449 0.7799595153473862 0.7381662775730307 0.7739890528081925 0.7392518162165205 0.7674758209472541 0.7452222787557142 0.7669330516255092 0.7484788946861834 0.7745318221299373 0.7484788946861834 0.7777884380604067
0 0.7463078173992039 0.728396429781623 0.7376235082512861 0.7289391991033679 0.728939199103368 0.7267681218163884 0.7289391991033679 0.7207976592771947 0.7343668923208166 0.7180838126684704 0.7387090468947757 0.7164555047032357 0.7452222787557142 0.7175410433467255 0.7484788946861833 0.7202548899554498
0 0.6442671849111673 0.7338241229990718 0.6426388769459327 0.7278536604598782 0.6431816462676776 0.72025488995545 0.6475238008416367 0.7186265819902153 0.650237647450361 0.7229687365641743 0.6496948781286161 0.7300247377468576
0 0.6648924191374725 0.7414228935035 0.6594647259200238 0.7370807389295411 0.6610930338852585 0.732738584355582 0.6654351884592176 0.7311102763903474 0.6708628816766661 0.7316530457120922 0.6697773430331764 0.7376235082512859
0 0.6578364179547891 0.7045145796248484 0.6540370327025752 0.702343502337869 0.6524087247373405 0.6963730397986753 0.6572936486330444 0.6925736545464611 0.6610930338852584 0.6958302704769304 0.6621785725287482 0.7001724250508894
0 0.1845415693932577 0.7012579636943792 0.1801994148192987 0.69800134776391 0.18237049210627818 0.6920308852247163 0.18779818532372697 0.6904025772594817 0.19105480125419624 0.694201962511696 0.19051203193245134 0.6985441170856549
0 0.09281355401837374 0.7093995035205525 0.08195816758347622 0.7083139648770627 0.08467201419220059 0.6996296557291446 0.09064247673139422 0.6996296557291446 0.09498463130535324 0.7034290409813586
0 0.004884923895703882 0.7066856569118279 0.0016283079652346247 0.7018007330161241 0.0070560011826833816 0.6980013477639101 0.009769847791407764 0.7007151943726344 0.008684309147918012 0.7050573489465934
0 0.2627003517245198 0.697458578442165 0.26052927443754026 0.6920308852247163 0.26052927443754026 0.6871459613290125 0.26649973697673396 0.6855176533637779 0.2719274301941827 0.6866031920072676 0.27355573815941736 0.6887742692942471 0.27138466087243784 0.6931164238682062 0.26812804494196857 0.6958302704769305
0 0.6572936486330443 0.6562081099895545 0.6540370327025752 0.6518659554155956 0.6524087247373405 0.6448099542329122 0.6540370327025751 0.641010568980698 0.6572936486330444 0.6393822610154635 0.6627213418504931 0.6437244155894225 0.6638068804939828 0.6507804167721059 0.6616358032070033 0.6551225713460649
0 0.17422895228010504 0.6203853347543927 0.1709723363496358 0.6160431801804337 0.1764000295670846 0.6089871789977505 0.18019941481929871 0.6133293335717094 0.17857110685406408 0.6176714881456684
0 0.0005427693217448758 0.5894474834149348 0.006513231860938509 0.585105328840976 0.005970462539193632 0.575878250371313 0.002171077286979505 0.5742499424060784 0 0.5726216344408437
0 0.23990404021123501 0.5568813241102423 0.23556188563727598 0.5519964002145386 0.23501911631553118 0.5460259376753448 0.23990404021123504 0.5400554751361512 0.24641727207217357 0.5433120910666205 0.24804558003740815 0.5481970149623243 0.2447889641069389 0.5525391695362833
0 0.38753729572584117 0.5574240934319872 0.37885298657792316 0.5530819388580281 0.37776744793443345 0.5498253229275589 0.37939575589966806 0.5449403990318551 0.3815668331866476 0.541141013779641 0.3837379104736271 0.5378843978491716 0.3869945264040963 0.5367988592056819 0.39296498894328996 0.5357133205621922 0.39730714351724894 0.5373416285274268 0.39730714351724894 0.5449403990318551 0.39622160487375924 0.5552530161450078
0 0.37071144675175 0.5671939412233948 0.3685403694647705 0.5623090173276911 0.3696259081082603 0.5590524013972219 0.37505360132570903 0.5590524013972219 0.37668190929094364 0.5617662480059462 0.3766819092909437 0.5650228639364155
0 0.362027137603832 0.544940399031855 0.3679976001430256 0.5400554751361513 0.37016867743000514 0.5351705512404473 0.3669120614995359 0.5313711659882332 0.36256990692557695 0.5367988592056819 0.3609415989603422 0.5400554751361512
0 0.2865822018812943 0.5726216344408437 0.2833255859508251 0.5693650185103745 0.2827828166290802 0.5633945559711808 0.28495389391605974 0.5623090173276911 0.28766774052478405 0.5628517866494359 0.2898388178117636 0.5677367105451399 0.29092435645525333 0.5709933264756091
0 0.6833465760767983 0.5693650185103745 0.6817182681115638 0.5639373252929258 0.6838893453985433 0.5547102468232629 0.6898598079377369 0.5530819388580281 0.6942019625116959 0.5574240934319872 0.6904025772594817 0.56665117190165
0 0.7761601300951722 0.5601379400407116 0.7756173607734272 0.5536247081797732 0.7767028994169171 0.5481970149623243 0.781587823312621 0.5438548603883653 0.7832161312778555 0.5438548603883653 0.7848444392430901 0.5476542456405795 0.7843016699213452 0.5547102468232628 0.7832161312778555 0.5623090173276911
0 0.7392518162165205 0.5216013181968254 0.732738584355582 0.5183447022663561 0.7321958150338372 0.5129170090489075 0.7343668923208168 0.5091176237966932 0.7381662775730309 0.5080320851532035 0.7419656628252449 0.5129170090489075 0.7425084321469899 0.5183447022663561
0 0.7593342811210808 0.5237723954838049 0.7528210492601425 0.5167163943011215 0.750649971973163 0.5085748544749484 0.751192741294908 0.5047754692227343 0.7533638185818874 0.5020616226140098 0.7560776651906118 0.4998905453270305 0.7582487424775913 0.49771946804005096 0.7604198197645707 0.4966339293965612 0.7647619743385297 0.49609116007481624 0.768018590268999 0.5004333146487753 0.7718179755212131 0.5047754692227343 0.771817975521213 0.5123742397271625 0.7691041289124886 0.5167163943011215 0.767475820947254 0.5188874715881011 0.7647619743385295 0.5210585488750805
0 0.6203853347543928 0.5747927117278232 0.6149576415369442 0.5704505571538643 0.6160431801804338 0.5655656332581603 0.6182142574674133 0.5633945559711808 0.6214708733978825 0.5612234786842014 0.6230991813631171 0.5617662480059462 0.624727489328352 0.567193941223395 0.624727489328352 0.5720788651190989
0 0.6312407211892903 0.5492825536058141 0.6274413359370762 0.5476542456405795 0.6263557972935865 0.5460259376753449 0.6258130279718416 0.5416837831013859 0.628526874580566 0.5378843978491717 0.6323262598327801 0.5389699364926614 0.6344973371197595 0.5438548603883654
0 0.5872764061279554 0.5639373252929257 0.584562559519231 0.5590524013972218 0.5883619447714453 0.5547102468232628 0.5921613300236594 0.5574240934319872 0.592704099345404 0.5612234786842014
0 0.5367988592056818 0.5606807093624564 0.5302856273447435 0.5557957854667526 0.532456704631723 0.5487397842840692 0.5362560898839371 0.5454831683536 0.5395127058144064 0.5449403990318551 0.5438548603883654 0.5438548603883653 0.5487397842840692 0.5438548603883654 0.5509108615710487 0.5471114763188346 0.5492825536058141 0.5514536308927936 0.5460259376753449 0.5552530161450078 0.5427693217448756 0.558509632075477
0 0.3435729806645062 0.38482344911711674 0.3424874420210165 0.37831021725617825 0.3424874420210165 0.375053601325709 0.3457440579514857 0.37342529336047436 0.3479151352384653 0.37288252403872957 0.3500862125254448 0.37233975471698466 0.3517145204906794 0.3728825240387295 0.35171452049067936 0.3755963706474539 0.3506289818471896 0.3788529865779231 0.34791513523846523 0.3815668331866475
0 0.10095509384454686 0.4087052992738913 0.09824124723582249 0.4049059140216772 0.09878401655756736 0.39839268216073864 0.10312617113152638 0.39676437419550403 0.10692555638374049 0.39947822080422846 0.1069255563837405 0.40382037537818744 0.10529724841850586 0.4081625299521464
0 0.2198215753066746 0.3495434432036999 0.21385111276748098 0.3457440579514858 0.21602219005446047 0.3408591340557819 0.2198215753066746 0.33977359541229213 0.22307819123714384 0.34303021134276135
0 0.5346277819187024 0.5134597783706523 0.5319139353099781 0.5085748544749484 0.5329994739534678 0.5026043919357548 0.5335422432752127 0.4982622373617958 0.5384271671709167 0.4998905453270304 0.5422265524231308 0.5069465465097138 0.541141013779641 0.510745931761928
0 0.5112887010836729 0.501518853292265 0.5074893158314587 0.4982622373617958 0.5080320851532035 0.4944628521095817 0.5112887010836729 0.4939200827878368 0.5140025476923972 0.49717669871830605
0 0.5519964002145383 0.4618966928048891 0.5481970149623243 0.4559262302656955 0.549825322927559 0.4472419211177775 0.5547102468232629 0.44832745976126726 0.5585096320754769 0.45266961433522623 0.5574240934319872 0.4608111541613994
0 0.49012069753562265 0.4781797724572353 0.49446285210958174 0.4722093099180418 0.49826223736179587 0.46623884737884813 0.49717669871830605 0.46189669280488915 0.4917490055008573 0.4613539234831443 0.4841502349964291 0.46895269398757256 0.4825219270311944 0.4765514644920008
0 0.7294819684251128 0.4374720733263697 0.7224259672424296 0.4331299187524107 0.72025488995545 0.42553114824798244 0.7235115058859192 0.4211889936740235 0.7273108911381333 0.41901791638704394 0.7321958150338372 0.4217317629957683 0.7321958150338371 0.42933053350019657
0 0.7571632038341014 0.4456136131525428 0.7533638185818874 0.44235699722207367 0.7533638185818873 0.43638653468287997 0.7560776651906117 0.4331299187524107 0.7609625890863156 0.4315016107871761 0.7620481277298053 0.43638653468287997 0.7620481277298053 0.44127145857858385
0 0.693659193189951 0.4374720733263697 0.6882314999725022 0.43801484264811463 0.6871459613290125 0.4331299187524107 0.6914881159029715 0.4304160721436863 0.6963730397986754 0.4331299187524107
0 0.758791511799336 0.37288252403872946 0.768018590268999 0.3669120614995359 0.7718179755212132 0.35768498302987295 0.7653047436602746 0.3565994443863833 0.7566204345123566 0.3603988296385974 0.7555348958688669 0.366369292177791
0 0.7794167460256414 0.34628682727323057 0.7761601300951722 0.34140190337752674 0.7783312073821516 0.3338031328730985 0.7843016699213452 0.3338031328730985 0.7843016699213452 0.3392308260905472 0.7837589005996004 0.34357298066450626
0 0.5785920969800373 0.3403163647340369 0.575878250371313 0.33543144083833315 0.5769637890148027 0.32837543965564975 0.580763174267017 0.33000374762088436 0.5823914822322516 0.33651697948182285
0 0.5351705512404472 0.35605667506463834 0.5443976297101102 0.3500862125254447 0.5503680922493037 0.34248744202101644 0.5579668627537321 0.335974210160078 0.562851786649436 0.3240332850816907 0.5557957854667527 0.3175200532207522 0.5509108615710487 0.3191483611859869 0.5427693217448756 0.3338031328730985 0.5351705512404473 0.3424874420210165 0.5319139353099781 0.35225728981242427
0 0.5834770208757412 0.3115495906815585 0.5780493276582925 0.3088357440728342 0.5785920969800374 0.30232251221189577 0.5851053288409759 0.30340805085538547 0.5889047140931901 0.3088357440728342
0 0.6589219565982789 0.3061218974641098 0.6529514940590855 0.30177974289015086 0.6540370327025751 0.2974375883161918 0.6572936486330444 0.2968948189944469 0.6621785725287482 0.3012369735684059
0 0.4836074656746841 0.22904865377633749 0.4890351588921329 0.22416372988063366 0.4890351588921329 0.21873603666318486 0.48523577363991877 0.21927880598492974 0.4808936190659598 0.22362096055888875 0.47872254177898027 0.2295914230980824
0 0.37071144675175 0.19376864786292058 0.3652837535343013 0.18942649328896158 0.36745483082128083 0.18345603074976796 0.3717969853952398 0.17911387617580893 0.37722467861268855 0.18128495346278845 0.3783102172561783 0.18508433871500257 0.37722467861268855 0.18996926261070643
0 0.37342529336047436 0.21385111276748098 0.37071144675175005 0.2089661888717771 0.3717969853952398 0.20191018768909372 0.3766819092909437 0.19648249447164498 0.3821096025083924 0.2002818797238591 0.38265237183013734 0.2046240342978181 0.37939575589966806 0.21005172751526688
0 0.059161856070191435 0.18291326142802306 0.0537341628527427 0.17748556821057432 0.05210585488750808 0.16988679770614606 0.056448009461467066 0.16391633516695245 0.06133293335717095 0.16391633516695248 0.0667606265746197 0.16608741245393197 0.06404677996589532 0.17694279888882947
0 0.039622160487375914 0.17802833753231917 0.035280005913416915 0.17097233634963582 0.035280005913416915 0.16554464313218706 0.03853662184388616 0.16391633516695245 0.043421545739590055 0.16500187381044218 0.04722093099180418 0.16771572041916658 0.0466781616700593 0.17260064431487043 0.04396431506133493 0.17531449092359483
0 0.6448099542329122 0.20570957294130784 0.6399250303372085 0.20299572633258356 0.6393822610154635 0.196482494471645 0.6426388769459327 0.19376864786292058 0.6486093394851263 0.19376864786292058 0.650780416772106 0.19919634108036938
0 0.5210585488750805 0.16880125906265633 0.515088086335887 0.16988679770614612 0.5129170090489075 0.1671729510974217 0.5134597783706524 0.16445910448869733 0.5178019329446113 0.15848864194950368 0.52322962616206 0.16174525787997293
0 0.4738376178832764 0.11343878824467901 0.4694954633093174 0.10855386434897513 0.4743803872050213 0.10041232452280201 0.4808936190659598 0.0976984779140776 0.48523577363991877 0.10258340180978148 0.48360746567468416 0.10801109502723025
0 0.3115495906815586 0.1557747953407793 0.3082929747510894 0.14600494754937154 0.31154959068155863 0.13569233043621887 0.3202338998294766 0.13732063840145353 0.3224049771164561 0.14437663958413693 0.31806282254249707 0.1541464873755447
0 0.3294609782991395 0.11398155756642386 0.3267471316904151 0.10638278706199565 0.33108928626437417 0.10204063248803659 0.33597421016007795 0.1085538643489751
0 0.0244246194785194 0.04830646963529395 0.017911387617580907 0.042878776417845196 0.02062523422630528 0.037451083200396425 0.023881850156774534 0.037993852522141325 0.02659569676549891 0.04233600709610033
0 0.03582277523516179 0.04396431506133494 0.03202338998294767 0.037451083200396446 0.030937851339457922 0.03202338998294769 0.033108928626437426 0.02496738880026428 0.04016492980912081 0.0244246194785194 0.042336007096100296 0.03365169794818229 0.041250468452610545 0.039622160487375935
0 0.5640804000108117 0.06605960578073383 0.567512067843577 0.0583383531570117 0.5657962339271944 0.05276189292876794 0.5632224830526202 0.05319085140786362 0.558503939782568 0.05790939467791604 0.5593618567407592 0.06305689642706414
0 0.732232123816316 0.022305840912975057 0.7270846220671678 0.018445214601113997 0.7266556635880721 0.013726671331061577 0.7309452483790289 0.00900812806100916 0.7326610822954116 0.007721252623722145 0.7356637916490812 0.007292294144626461 0.7378085840445597 0.012868754372870224 0.7386665010027511 0.01758729764292264 0.7352348331699856 0.021876882433879384
0 0.751964213854717 0.06434377186435114 0.7502483799383342 0.05790939467791604 0.753251089292004 0.05319085140786361 0.7575406740829607 0.05404876836605496 0.7575406740829608 0.05876731163610738 0.7558248401665781 0.0600541870733944
0 0.7090683659451495 0.12225316654226717 0.7043498226750972 0.11796358175131041 0.7013471133214274 0.11410295543944936 0.7039208641960014 0.1102423291275883 0.7052077396332884 0.1102423291275883 0.7086394074660538 0.11195816304397098 0.7107841998615323 0.11281608000216233 0.7116421168197236 0.11453191391854502 0.7116421168197236 0.11925045718859743
0 0.9484271972805358 0.0767835677581257 0.9432796955313875 0.0716360660089776 0.941563861615005 0.06734648121802086 0.9424217785731964 0.06434377186435114 0.9445665709686748 0.059625228594298696 0.9479982388014402 0.05790939467791602 0.950571989676014 0.05662251924062903 0.9527167820714925 0.05748043619882036 0.9548615744669708 0.059625228594298724 0.9544326159878751 0.06691752273892518 0.9531457405505881 0.07249398296716897 0.9510009481551097 0.075067733841743
0 0.9818859586499984 0.08622065429823053 0.9780253323381374 0.08278898646546512 0.9771674153799459 0.07892836015360408 0.9771674153799459 0.07635460927903001 0.9801701247336156 0.07163606600897757 0.9836017925663811 0.07206502448807325 0.9866045019200507 0.07463877536264729 0.9870334603991464 0.07935731863269971 0.9857465849618594 0.08407586190275212
0 1 0.10423691042024885 0.9934678375855817 0.10123420106657914 0.9913230451901033 0.09866045019200506 0.9930388791064859 0.09265503148466564 0.9947547130228687 0.09051023908918726 0.996899505418347 0.08922336365190024 1 0.09308398996376133
0 0.8467640377348611 0.14241421505976387 0.8364690342365648 0.14370109049705085 0.8330373664037993 0.13984046418518978 0.8343242418410863 0.1312612946032763 0.8407586190275216 0.12611379285412824 0.846764037734861 0.1265427513332239 0.8501957055676264 0.12868754372870228 0.8519115394840091 0.1299744191659893 0.8514825810049134 0.13769567178971145
0 0.7579696325620564 0.15099338464167733 0.7502483799383343 0.14670379985072057 0.7472456705846644 0.14198525658066818 0.7489615045010471 0.13597983787332873 0.7519642138547169 0.1346929624360417 0.7592565079993434 0.13898254722699843 0.7609723419157262 0.13941150570609412 0.7626881758321088 0.1445590074552422 0.7601144249575347 0.14884859224619895
0 0.7009181548423318 0.1767308933874178 0.6919100267813225 0.1720123501173654 0.6910521098231313 0.1634331805354519 0.6923389852604183 0.16000151270268648 0.696628570051375 0.15742776182811247 0.7047787811541928 0.16085942966087785 0.7064946150705755 0.1664358898891216 0.7060656565914798 0.17029651620098268 0.7052077396332884 0.17244130859646106
0 0.7365217086072727 0.205471111486828 0.7283714975044548 0.20590006996592364 0.7232239957553067 0.20590006996592364 0.7206502448807328 0.20418423604954095 0.7223660787971155 0.19774985886310584 0.7262267051089766 0.19646298342581886 0.7318031653372203 0.19774985886310592 0.7365217086072727 0.19732090038401023 0.737379625565464 0.20203944365406262
0 0.7558248401665781 0.19431819103034043 0.753251089292004 0.18874173080209664 0.7545379647292909 0.18616797992752263 0.759685466478439 0.185739021448427 0.7592565079993434 0.19217339863486205
0 0.921831771576604 0.1651490144518346 0.9158263528692645 0.16214630509816488 0.9119657265574035 0.15871463726539947 0.911107809599212 0.1569988033490168 0.9111078095992122 0.15528296943263406 0.9123946850364992 0.15228026007896436 0.9141105189528819 0.15056442616258164 0.9153973943901689 0.1484196337671033 0.9175421867856473 0.14627484137162491 0.9201159376602213 0.14498796593433788 0.9231186470138909 0.14627484137162491 0.9244055224511779 0.14841963376710327 0.9252634394093694 0.15228026007896434 0.9261213563675608 0.1561408863908254 0.9265503148466564 0.15828567878630379 0.925692397888465 0.1612883881399735
0 0.9990442978138254 0.19303131559305342 0.9904651282319117 0.18959964776028804 0.9887492943155293 0.1857390214484269 0.9878913773573378 0.1823073536156616 0.9908940867110074 0.17758881034560917 0.9917520036691988 0.1771598518665135 0.9956126299810599 0.1771598518665135 0.9977574223765382 0.1775888103456092 0.9999022147720167 0.1788756857828962 1 0.18273631209475727
0 0.9947547130228687 0.2972682260133023 0.9904651282319118 0.2942655166596325 0.9926099206273902 0.2895469733895801 0.9947547130228686 0.2869732225150061 0.9981863808556339 0.2865442640359104 0.9990442978138252 0.2899759318686758 0.9973284638974427 0.29469447513872826
0 0.8845123838952804 0.2616646722483613 0.881080716062515 0.2548013365828305 0.8832255084579934 0.24836695939639541 0.8857992593325673 0.24665112548001272 0.8883730102071414 0.25136966875006517 0.8896598856444284 0.25608821202011756 0.8870861347698544 0.25951987985288294
0 0.8875150932489501 0.24622216700091704 0.8866571762907587 0.24193258220996025 0.8870861347698542 0.23764299741900352 0.8870861347698542 0.23378237110714248 0.8883730102071414 0.2303507032743771 0.8909467610817154 0.22863486935799437 0.8935205119562895 0.22820591087889872 0.8965232213099592 0.22949278631618572 0.898239055226342 0.23249549566985542 0.8973811382681506 0.23721403893990783 0.8965232213099592 0.2397877898144819 0.8956653043517679 0.24279049916815162 0.8939494704353852 0.24450633308453432 0.8930915534771938 0.24536425004272566
0 0.8424744529439043 0.3067053125534071 0.8356111172783736 0.30413156167883304 0.8330373664037993 0.30327364472064167 0.8321794494456081 0.2998419768878763 0.8326084079247037 0.29769718449239796 0.8330373664037993 0.2968392675342066 0.8373269511947561 0.2942655166596325 0.8416165359857128 0.2955523920969195 0.8446192453393826 0.2976971844923979 0.8433323699020956 0.30198676928335466
0 0.8986680137054376 0.36590158266861017 0.888801968686237 0.3628988733149404 0.8870861347698543 0.35603553764940965 0.8888019686862371 0.35260386981664427 0.8973811382681505 0.3547486622121226 0.9008128061009157 0.35689345460760097 0.900812806100916 0.36118303939855767
0 0.844190286860287 0.4401113995521618 0.8390427851111388 0.4362507732403007 0.8386138266320431 0.4328191054075353 0.8403296605484258 0.42767160365838724 0.8433323699020956 0.42552681126290887 0.8493377886094349 0.4250978527838132 0.8519115394840091 0.4289584790956742 0.8484798716512436 0.4349638978030137
0 0.884941342374376 0.42724264517929156 0.8806517575834194 0.4220951434301434 0.882367591499802 0.4195213925555694 0.886228217811663 0.41608972472280403 0.8918046780399067 0.4156607662437083 0.8939494704353852 0.41995035103466505 0.8879440517280457 0.42724264517929156
0 0.9904651282319119 0.5126053825193307 0.9870334603991465 0.5057420468537999 0.9900361697528163 0.4997366281464606 0.9913230451901033 0.49416016791821676 0.9951836715019643 0.4963049603136951 0.9960415884601557 0.5001655866255561 0.9956126299810599 0.5053130883747042 0.9943257545437728 0.5104605901238524
0 0.8574879997122529 0.5602197736989506 0.8540563318794874 0.5524985210752285 0.8570590412331571 0.545206226930602 0.8622065429823053 0.5434903930142192 0.8656382108150706 0.5473510193260802 0.8630644599404966 0.5546433134707067 0.8609196675450181 0.5585039397825677
0 0.7922863108897104 0.6533037636627119 0.7879967260987537 0.6472983449553724 0.7892836015360407 0.6430087601644157 0.7931442278479017 0.6391481338525545 0.7957179787224757 0.6421508432062244 0.7957179787224757 0.6485852203926594
0 0.7879967260987537 0.7009181548423318 0.7832781828287012 0.7000602378841404 0.7777017226004574 0.6992023209259489 0.7725542208513092 0.6974864870095663 0.7716963038931179 0.696628570051375 0.7712673454140223 0.694054819176801 0.7734121378095007 0.6906231513440355 0.7772727641213617 0.6893362759067485 0.7807044319541272 0.6897652343858443 0.7858519337032752 0.6910521098231313 0.7871388091405622 0.6927679437395139 0.7905704769733276 0.6961996115722793
0 0.8270319476964599 0.7300873314208376 0.8253161137800772 0.7249398296716895 0.8253161137800772 0.7210792033598283 0.8283188231337469 0.7197923279225414 0.8317504909665123 0.7210792033598284 0.8326084079247036 0.7232239957553068 0.832179449445608 0.7266556635880722 0.8304636155292253 0.7279425390253592
0 0.9578642838206407 0.6584512654118599 0.9535746990296838 0.6554485560581902 0.9527167820714926 0.6541616806209032 0.9522878235923967 0.6485852203926594 0.9540036575087796 0.6472983449553724 0.957435325341545 0.647727303434468 0.9604380346952146 0.6507300127881378 0.961295951653406 0.6545906390999989
0 0.9857465849618595 0.6871914835112701 0.9793122077754243 0.684617732636696 0.975880539942659 0.679470230887548 0.9780253323381372 0.675609604575687 0.9797411662545198 0.6747516876174956 0.9831728340872852 0.6734648121802086 0.9891782527946248 0.6738937706593042 0.9913230451901033 0.6747516876174956 0.9943257545437728 0.6760385630547826 0.9926099206273902 0.6833308571994091
0 0.8017233974298152 0.7669777606230657 0.7970048541597627 0.7644040097484915 0.796575895680667 0.7605433834366304 0.7991496465552411 0.7562537986456737 0.8030102728671021 0.7549669232083867 0.8077288161371546 0.7562537986456737 0.8077288161371546 0.7605433834366304 0.8068708991789633 0.7644040097484914
0 0.8218844459473119 0.7489615045010473 0.8158790272399725 0.7481035875428559 0.8141631933235898 0.7420981688355164 0.8171659026772595 0.7395244179609424 0.8223134044264075 0.7403823349191336 0.8253161137800773 0.7429560857937078
0 0.8716436295224101 0.7425271273146121 0.8647802938568794 0.7433850442728034 0.8622065429823051 0.738666501002751 0.8630644599404966 0.7330900407745073 0.8664961277732619 0.7300873314208375 0.8712146710433144 0.7296583729417419 0.8750752973551755 0.7313742068581245 0.8776490482297495 0.7365217086072726 0.8737884219178884 0.7403823349191336
0 0.8686409201687404 0.7571117156038651 0.8609196675450183 0.755824840166578 0.8583459166704441 0.7528221308129083 0.8570590412331571 0.7489615045010471 0.8600617505868269 0.7451008781891861 0.8643513353777836 0.7446719197100905 0.8677830032105491 0.7463877536264731 0.8699277956060274 0.7511062968965256
0 0.9467113633641531 0.7965758956806672 0.940276986177718 0.7922863108897104 0.940276986177718 0.7858519337032752 0.9419928200941007 0.7819913073914142 0.9445665709686748 0.7798465149959357 0.9505719896760141 0.7785596395586487 0.9535746990296838 0.7832781828287011 0.9522878235923968 0.7879967260987535 0.9497140727178228 0.791428393931519
0 0.9741647060262763 0.7622592173530132 0.9737357475471806 0.7528221308129083 0.974593664505372 0.7481035875428559 0.9771674153799459 0.7442429612309949 0.9771674153799459 0.7433850442728035 0.9818859586499983 0.7429560857937078 0.9870334603991464 0.7455298366682818 0.9870334603991464 0.7519642138547169 0.9844597095245723 0.7571117156038649 0.982314917129094 0.759685466478439 0.9771674153799459 0.7605433834366304
0 0.954861574466971 0.8326084079247037 0.9501430311969185 0.8296056985710341 0.9484271972805358 0.8266029892173643 0.9479982388014402 0.8236002798636946 0.9479982388014402 0.8197396535518335 0.9488561557596312 0.816307985719068 0.9501430311969183 0.8133052763653984 0.9514299066342053 0.8107315254908243 0.9570063668624493 0.8103025670117286 0.9604380346952147 0.8103025670117286 0.9621538686115972 0.8103025670117286 0.9668724118816499 0.813734234844494 0.9673013703607454 0.8154500687608768 0.9681592873189367 0.8188817365936422 0.9677303288398411 0.8248871553009816 0.9651565779652671 0.8287477816128426 0.9634407440488845 0.829605698571034 0.9604380346952147 0.8300346570501297
0 0.7952890202433801 0.8034392313461979 0.7918573524106146 0.8051550652625805 0.7884256845778492 0.8055840237416763 0.7854229752241795 0.8030102728671022 0.7871388091405622 0.7987206880761454 0.790141518494232 0.7970048541597627 0.7931442278479016 0.796575895680667 0.794002144806093 0.7991496465552411
0 0.8193106950727378 0.7970048541597627 0.8154500687608768 0.8000075635134325 0.812447359407207 0.800436521992528 0.8081577746162503 0.8012944389507195 0.8064419406998675 0.7987206880761455 0.8081577746162503 0.7935731863269974 0.81116048396992 0.7909994354524232 0.813734234844494 0.790141518494232 0.8158790272399724 0.7931442278479017
0 0.8218844459473119 0.791428393931519 0.8184527781145464 0.7905704769733277 0.8154500687608768 0.7905704769733276 0.8128763178863028 0.7892836015360406 0.815021110281781 0.7854229752241796 0.8171659026772594 0.7824202658705097 0.8214554874682162 0.7819913073914142 0.8248871553009816 0.7815623489123185 0.8266029892173643 0.7845650582659882 0.8270319476964598 0.787567767619658 0.8270319476964598 0.7897125600151362
0 0.9012417645800115 0.8184527781145465 0.8982390552263418 0.8128763178863027 0.8995259306636288 0.808586733095346 0.9046734324127769 0.808586733095346 0.9051023908918726 0.8128763178863027 0.904673432412777 0.8154500687608768
0 0.8373269511947562 0.8008654804716238 0.8364690342365648 0.7957179787224757 0.8373269511947561 0.7905704769733276 0.8424744529439041 0.7905704769733276 0.8433323699020956 0.7948600617642844 0.8416165359857128 0.7982917295970497
0 0.9471403218432488 0.8527694564422004 0.9432796955313876 0.8489088301303394 0.942850737052292 0.8433323699020955 0.942850737052292 0.8407586190275215 0.942850737052292 0.8386138266320431 0.9445665709686748 0.8356111172783733 0.9475692803223444 0.8347532003201821 0.9497140727178228 0.8351821587992777 0.9505719896760142 0.8368979927156605 0.9518588651133011 0.8386138266320431 0.9522878235923967 0.8394717435902345 0.9527167820714926 0.8433323699020956 0.9531457405505882 0.8450482038184782 0.9527167820714926 0.8489088301303394 0.9510009481551098 0.8510536225258176
0 0.9861755434409551 0.8609196675450183 0.9801701247336156 0.8613486260241139 0.97974116625452 0.8587748751495399 0.9793122077754244 0.8562011242749658 0.9801701247336158 0.8527694564422004 0.9823149171290941 0.8501957055676264 0.9844597095245724 0.8501957055676264 0.9878913773573379 0.8501957055676264 0.9900361697528163 0.8510536225258177 0.9913230451901032 0.8519115394840091 0.9938967960646773 0.8540563318794874 0.9917520036691988 0.8574879997122529
0 0.8617775845032096 0.896952179789055 0.8562011242749659 0.8986680137054376 0.8527694564422005 0.8960942628308635 0.8506246640467221 0.8943784289144807 0.8531984149212961 0.8909467610817153 0.8553432073167744 0.888801968686237 0.8600617505868269 0.8892309271653327 0.8613486260241139 0.8922336365190023
0 0.8694988371269317 0.896952179789055 0.8664961277732619 0.8930915534771938 0.8664961277732619 0.8896598856444284 0.8694988371269317 0.8879440517280457 0.8707857125642188 0.8875150932489501 0.8725015464806014 0.8875150932489501 0.874217380396984 0.8896598856444284 0.8746463388760799 0.8926625949980981
0 0.8446192453393826 0.9162553113483602 0.8386138266320432 0.9171132283065515 0.8377559096738518 0.9123946850364991 0.8381848681529476 0.908534058724638 0.8407586190275216 0.9051023908918727 0.8450482038184782 0.9055313493709682 0.8471929962139566 0.9098209341619251
0 0.8857992593325674 0.9497140727178228 0.8823675914998019 0.9522878235923968 0.8776490482297494 0.9540036575087796 0.8720725880015057 0.953574699029684 0.8703567540851229 0.9527167820714926 0.8686409201687404 0.9514299066342056 0.8682119616896447 0.9484271972805356 0.8694988371269317 0.9449955294477703 0.8725015464806014 0.9419928200941006 0.8763621727924624 0.9394190692195266 0.8823675914998019 0.9389901107404309 0.8845123838952802 0.9398480276986222 0.8866571762907587 0.9419928200941006 0.8857992593325673 0.9449955294477703
0 0.9977574223765382 0.9209738546184125 0.9951836715019642 0.91925802070203 0.9934678375855817 0.9141105189528818 0.9930388791064859 0.9102498926410206 0.9964705469392512 0.9051023908918725 1 0.9029575984963942
0 0.9445665709686748 0.8918046780399068 0.9394190692195267 0.8888019686862371 0.9394190692195267 0.8866571762907587 0.9394190692195267 0.8836544669370889 0.9398480276986223 0.8810807160625148 0.9432796955313877 0.8785069651879407 0.9492851142387272 0.8785069651879407 0.9510009481551097 0.8806517575834192 0.9505719896760142 0.8866571762907586
0 0.9595801177370233 0.9081051002455425 0.956148449904258 0.9042444739336813 0.956148449904258 0.8986680137054375 0.9570063668624493 0.8956653043517677 0.9578642838206407 0.8930915534771938 0.962582827090693 0.8930915534771937 0.9634407440488845 0.8943784289144808 0.9647276194861714 0.8973811382681506 0.9647276194861714 0.900812806100916 0.96386970252798 0.9051023908918727 0.9634407440488844 0.9055313493709684
0 0.9351294844285699 0.9274082318048478 0.9321267750749002 0.925692397888465 0.9325557335539959 0.9222607300556996 0.9334136505121872 0.9201159376602213 0.9351294844285699 0.9171132283065515 0.9385611522613353 0.9153973943901688 0.9398480276986223 0.9149684359110732 0.942850737052292 0.9184001037438386 0.9415638616150049 0.9214028130975084
0 0.9467113633641531 0.9321267750749003 0.9458534464059618 0.9256923978884649 0.9492851142387271 0.9218317715766039 0.9540036575087796 0.9239765639720823 0.9552905329460666 0.9286951072421348 0.9552905329460666 0.929553024200326 0.9518588651133012 0.9312688581167088
0 0.9527167820714926 0.9861755434409551 0.9484271972805358 0.9840307510454767 0.9462824048850574 0.9827438756081897 0.9454244879268661 0.9805990832127112 0.9488561557596314 0.9737357475471806 0.9505719896760142 0.9724488721098935 0.9548615744669708 0.9720199136307979 0.9557194914251623 0.9741647060262764 0.9582932422997363 0.978454290817233 0.9591511592579276 0.9805990832127114 0.9591511592579277 0.9818859586499984
0 0.9162553113483602 0.9814570001709028 0.912394685036499 0.9767384569008501 0.9153973943901688 0.9715909551517021 0.9175421867856471 0.9681592873189367 0.9226896885347953 0.9681592873189369 0.9239765639720824 0.9703040797144151 0.9248344809302737 0.9763094984217546 0.921831771576604 0.9784542908172329
0 0.921831771576604 0.9604380346952145 0.9166842698274559 0.9621538686115971 0.911107809599212 0.9595801177370233 0.9081051002455423 0.9557194914251623 0.9068182248082552 0.9522878235923968 0.9102498926410207 0.9501430311969183 0.9119657265574034 0.9497140727178228 0.9171132283065515 0.9501430311969183 0.9214028130975083 0.9518588651133011 0.923118647013891 0.9527167820714924 0.9252634394093694 0.9544326159878751
0 0.942850737052292 0.9557194914251623 0.9419928200941007 0.9544326159878752 0.9411349031359093 0.9497140727178228 0.9394190692195266 0.9475692803223443 0.9359874013867612 0.9458534464059616 0.9338426089912829 0.9437086540104834 0.933413650512187 0.9398480276986223 0.9338426089912828 0.9381321937822396 0.9364163598658568 0.9351294844285698 0.9424217785731963 0.9342715674703785 0.9488561557596313 0.9385611522613353 0.9505719896760141 0.941563861615005 0.9510009481551097 0.9449955294477704 0.9492851142387272 0.9510009481551098
0 0.8645422739584432 0.6660174180406215 0.8657311789095296 0.6569125708554693 0.8685412449442493 0.6477800076535063 0.8741613770136891 0.6470775046058655 0.8776740303063431 0.6498875167964286 0.8783765232319383 0.6576150739031101 0.8734588840880939 0.6653426310097914
0 0.594929308474685 0.5285070803440342 0.5882362854068093 0.526246626672159 0.587533792481214 0.5185190695654777 0.5938565118085877 0.5178165665178368 0.5987740566200935 0.5199240756607593
0 0.7633408456536513 0.8892785843008109 0.764568518662598 0.8732390251208162 0.7694861578064425 0.8718340190255348 0.7751062898758824 0.8746440312160979 0.7772138629850066 0.8816691088577713 0.7737012096923529 0.8872891332388976
0 0.6459162876206106 0.1314266669954619 0.6374125825129151 0.13010141037976722 0.6374125825129151 0.12026633823450529 0.6423302216567593 0.11605130815734419 0.6493554339097284 0.11675381710064314 0.6521654999444485 0.12518387725496533
0 0.08428698702836933 0.2565765248990975 0.08593549596629754 0.2488247909618677 0.090150618601462 0.24741977307526977 0.09296068463618189 0.25514734197326755
0 0.9170743130784877 0.2797524245108819 0.9127999029065108 0.26989992955635683 0.9177175420503552 0.2670899173657937 0.924040261377729 0.2670899173657937 0.9303628863727639 0.2698999295563568 0.9261477401545148 0.27762748666303816
0 0.9989624917067924 0.4303957719874803 0.991482034875683 0.43077362270138453 0.9949945938359983 0.4223435625470624 0.998507247128652 0.4132109993450994 1 0.4146160054403811
0 0.7664309656018893 0.5462752700464022 0.7631634384790689 0.5395942081599667 0.7666760917717225 0.5325691541009261 0.7715937309155672 0.5283541358150814 0.7779163559106019 0.5269491297197999 0.7779163559106022 0.5339741837788405 0.7737012096923528 0.5417017408855219
0 0.9348425027808557 0.7772617361771865 0.9317679665562933 0.7671381859919658 0.9338754453330792 0.7622206410758475 0.9387930844769238 0.7622206410758475 0.9458182967298927 0.7678406890396066 0.9430082306951727 0.7790807613844919
0 0.9796492420303055 0.3392372335144618 0.9739190514094301 0.35139054249164825 0.9654888533052705 0.3471755006231707 0.9690014122655858 0.34085297319440366 0.9739190514094302 0.3359354282782855
0 0.09201228689896411 0.08121221783659577 0.08804306907542209 0.07748124560219359 0.08874558558410206 0.07256370068607536 0.09296068463618189 0.06905116186523869 0.09717580727134636 0.07256370068607534
0 0.6830763206587057 0.6744752177943871 0.6915065187628653 0.6709626789735506 0.6964241579067099 0.6667476606877059 0.6964241579067099 0.6604251096763061 0.6943166791299239 0.6569125708554693 0.6879939598025502 0.6604251096763061 0.683778813584301 0.6646401279621508
0 0.6428261676723727 0.8769181045078593 0.6430328089146934 0.8626788834627057 0.6479504480585377 0.8577613385465874 0.6514630070188531 0.8577613385465874 0.6521654999444484 0.8661913987009096 0.6500579268353237 0.8739189558075909 0.6479504480585377 0.8809440098666316
0 0.45278379085574083 0.5091938306675472 0.45335273841090057 0.5010015673482919 0.4568653445373851 0.4960840460148064 0.46108044358946476 0.49467901633689204 0.46529554264154466 0.49959656125301033 0.4638905096241847 0.5045141061691285 0.459675410572105 0.5073241183596917
0 0.6976757967535957 0.421897942129826 0.6893990399860793 0.42442849932911864 0.6802662546239857 0.42161848713855554 0.6851838937678302 0.41670094222243725 0.6893990399860793 0.41670094222243725 0.6936140918719899 0.4159984391747965
0 0.48832017026047686 0.5856742993864357 0.48215603318220246 0.5838746140179989 0.4828585261077979 0.5789570691018806 0.48918119826900225 0.577552063006599 0.49409883741284677 0.5817671048750765
0 0.5648006389793653 0.5903094793087925 0.5538129057322367 0.592304674172321 0.5510028396975168 0.5880896323038436 0.5524079198810461 0.5810646018274357 0.5566229717669565 0.5796595721495212 0.5629456910943302 0.5824696079227173
0 0.8042849349678037 0.8305663052842904 0.79758691248598 0.8275761855283688 0.7961818323024505 0.823361167242524 0.7996943912627658 0.8205511550519609 0.8074220964413301 0.8247661733378057
0 0.9039413032984766 0.9078193039902385 0.898047079807316 0.903446774082534 0.9008571458420359 0.8957192169758524 0.9050721977279464 0.8936116842502975 0.9120974099809155 0.8943141637153054 0.9135024901644447 0.9006367147267051 0.9099898368717909 0.906256786273097
0 0.08351445704130984 0.9248149637055469 0.07680275777037328 0.9238193860467494 0.07820779078773323 0.9167943555703416 0.08242291342289769 0.9139843433797784
0 0.5810237687076143 0.07580450792717941 0.5755909410844005 0.0697988096346116 0.5805085802282449 0.06277375557557092 0.5882362854068093 0.06417878525348528 0.5882362854068092 0.07120381572989312
0 0.5732984688370195 0.8800082244560972 0.56856582316377 0.8852041728742084 0.5615406109108011 0.8887167116950452 0.5587305448760811 0.8852041728742084 0.5629456910943302 0.8753691302072375 0.5692683160893653 0.873964124111956
0 0.225659974660254 0.5972622491923278 0.22152158305397085 0.6091196497592333 0.21238884485804657 0.6189547395914697 0.2081737458059668 0.6189547395914697 0.20747120571420213 0.61263218858007 0.2123888448580466 0.6070121406163109 0.2159014509845311 0.6027971223304662 0.22433169625486005 0.5964745713190663
0 0.5593929290699489 0.41030999232393384 0.5538129057322367 0.41670094222243725 0.5495977595139876 0.417403445270078 0.5432751345189526 0.41670094222243725 0.5390599883007035 0.41599843917479645 0.538357495375108 0.41248592393659256 0.5432751345189525 0.40686587597283363 0.5495977595139876 0.4068658759728336
0 0.6513239975300269 0.04953848836715713 0.6430328089146934 0.05291611696510114 0.6374125825129151 0.04799859563161562 0.6367100895873198 0.042378547667856634 0.6395201556220396 0.032543481418252876 0.6451402876914792 0.031138451740338483 0.6507605140932576 0.03324598446589362 0.6528679928700436 0.04027103852493426
0 0.9958723717585546 0.1468772667366515 0.9893744617665587 0.1561392504034231 0.9816467565879945 0.159651765641627 0.9767291174441499 0.15684175345106385 0.9767291174441499 0.14981669939202324 0.9816467565879945 0.1434941483806234 0.9865643957318389 0.14068413619006032 0.9921845278012786 0.1427916453329826
0 0.370210955661851 0.7286156423580894 0.35719499263104376 0.7280874631307074 0.35559331599215444 0.7190181401735763 0.3603983459088224 0.7094153386920956 0.36787287273522945 0.7179511562615646
0 0.5419258004436338 0.4987819270347802 0.5349816909889966 0.4953866296438567 0.5323121940792575 0.48311638181400285 0.5392528107702397 0.4751140427688836 0.5472611939646865 0.4719131178961609 0.5552695771591328 0.4761810266808954 0.5515323675133147 0.4825828764263408 0.5451256071903722 0.4921856779078215
0 0.7735206936621408 0.2751123343446632 0.767225502603957 0.27633956878303567 0.761352598649054 0.26780375121356675 0.7661576823331072 0.2608683692171466 0.7730982990240894 0.26246885851682056 0.7763016523018682 0.2688707082622659
0 0.5454481562340293 0.30769412540582197 0.5387189006348149 0.306748435663839 0.5381850442667753 0.2982126180943701 0.5419222539125935 0.29447818783398527 0.5477951578674964 0.2960786502703465 0.54993063710704 0.30194704835475494
0 0.9355490600203358 0.03383096270256847 0.9263257763611218 0.033285517650169266 0.924190243354193 0.025283165173393667 0.9332663930521039 0.0194147805206416 0.9396730996076612 0.020481764432653368 0.9402070097430861 0.026350135653749173
0 0.956683194762709 0.02150271743618408 0.9498171771111924 0.013012917343539904 0.95622388366675 0.002343131950047494 0.9695712069132895 0 0.9786473566112004 0 0.9786473566112006 0.0076780246467937005 0.9722406500556433 0.014079887823895389 0.965833943500086 0.019414780520641585
0 0.48380692990210733 0.16415812694720355 0.4773211169194399 0.16964175514308033 0.4709143565964974 0.1712422175794417 0.46450765004094013 0.16644081683870138 0.4682449134541435 0.16217292148562318 0.47678720678401504 0.15897196974958794 0.48105838033264336 0.15843847779358206
0 0.6925065104830433 0.2944852911918387 0.6908786114683828 0.3017300972829132 0.6855397251836751 0.30386406510693675 0.6796668212287723 0.30493102215563594 0.678599108492693 0.3006631268025578 0.6844719049128255 0.29532822067415526