0 0.03508172437746219 0.9726580052888538 0.03026658573741836 0.9705943744431208 0.02820295489168529 0.9657792358030769 0.02957870878884067 0.9609640971630331 0.033018093531729124 0.9582125893687223 0.03714535522319526 0.9644034819059215
0 0.15614806732713565 0.9685307435973876 0.1547723134299803 0.9630277280087661 0.15683594427571335 0.956836835471567 0.16096320596717947 0.9533974507286784 0.16440259071006794 0.9575247124201447 0.16302683681291258 0.9644034819059215
0 0.3363718278544905 0.9375762809113916 0.332932443111602 0.9437671734485908 0.32949305836871357 0.9444550503971685 0.3260536736258251 0.9437671734485908 0.3226142888829366 0.9417035426028577 0.321926411934359 0.9334490192199255 0.32536579667724747 0.9313853883741925 0.32811730447155824 0.9286338805798817 0.3301809353172913 0.9231308649912601 0.33430819700875747 0.9245066188884155 0.33568395090591285 0.9293217575284594
0 0.30908203125 0.866943359375 0.31298828125 0.863037109375 0.31201171875 0.858642578125 0.305908203125 0.85302734375 0.298095703125 0.85400390625 0.294921875 0.858642578125 0.29541015625 0.862548828125 0.302001953125 0.8671875
0 0.64453125 0.948486328125 0.656005859375 0.9423828125 0.6591796875 0.938720703125 0.66064453125 0.932861328125 0.656005859375 0.92529296875 0.642822265625 0.91357421875 0.637451171875 0.912109375 0.632080078125 0.9140625 0.62890625 0.917724609375 0.62841796875 0.926025390625 0.63525390625 0.943115234375 0.639892578125 0.947265625
0 0.5695621134223274 0.9506459429343677 0.5668106056280168 0.9568368354715668 0.5619954669879728 0.9575247124201447 0.5578682052965067 0.9547732046258338 0.5578682052965067 0.9506459429343677 0.5585560822450844 0.9465186812429016 0.5606197130908174 0.9451429273457461 0.5640590978337059 0.9451429273457462
0 0.42510795422101244 0.8495280314934472 0.4230443233752794 0.8426492620076704 0.4244200772724348 0.8364583694704711 0.42510795422101255 0.8323311077790051 0.42923521591247865 0.8282038460875388 0.43542610844967783 0.832331107779005 0.4381776162439886 0.8343947386247381 0.43473823150110014 0.8419613850590927 0.430610969809634 0.8460886467505588
0 0.4161655538895025 0.9362005270142362 0.4113504152494587 0.9327611422713478 0.4113504152494587 0.9245066188884156 0.4127261691466141 0.9176278494026386 0.4120382921980364 0.9135005877111725 0.4147897999923471 0.910061202968284 0.4202928155809687 0.910061202968284 0.4223564464267018 0.9169399724540608 0.4216685694781241 0.9258823727855707 0.4189170616838133 0.930009634477037
0 0.36319902884902033 0.8398977542133595 0.3549445054660881 0.8378341233676265 0.3501293668260443 0.8357704925218934 0.3460021051345782 0.832331107779005 0.3453142281860004 0.8275159691389613 0.34806573598031115 0.8261402152418059 0.35288087462035495 0.8254523382932282 0.3576960132603988 0.8268280921903836 0.36251115190044264 0.8316432308304273 0.36595053664333116 0.8357704925218935
0 0.48082598705580537 1 0.4718835867242954 0.9974215754376505 0.47050783282714 0.9932943137461845 0.46981995587856235 0.9877912981575631 0.4705078328271401 0.9836640364660969 0.477386602312917 0.9816004056203638 0.4863290026444269 0.9829761595175192 0.4973350338216699 0.9816004056203638 0.5021501724617138 0.9857276673118299 0.4945835260273592 0.9967336984890729
0 0.4539987860612754 1 0.4436806318326101 0.9953579445919176 0.4402412470897217 0.9898549290032961 0.4409291240382993 0.9836640364660968 0.4429927548840324 0.978848897826053 0.45055940131838695 0.9829761595175192 0.45537453995843086 0.9822882825689414 0.4581260477527416 0.9864155442604077 0.46018967859847465 0.9884791751061407 0.4622533094442078 0.9912306829004515 0.4615654324956301 0.9981094523862284
0 0.46431694028994075 0.9540853276772561 0.4588139247013193 0.94995806598579 0.45537453995843086 0.9444550503971686 0.45675029385558624 0.9410156656542801 0.46087755554705234 0.9403277887057023 0.4636290633413631 0.9437671734485908
0 0.5901984218796581 0.9850397903632522 0.5833196523938812 0.9829761595175192 0.5778166368052596 0.9788488978260532 0.5785045137538374 0.9733458822374316 0.5812560215481481 0.9719701283402762 0.5860711601881919 0.9726580052888538 0.5895105449310803 0.9754095130831646 0.5922620527253912 0.978848897826053
0 0.5957014374682796 0.9781610208774754 0.5908862988282357 0.9781610208774754 0.5867590371367697 0.9726580052888538 0.5853832832396143 0.9671549897002323 0.5860711601881919 0.9623398510601886 0.5901984218796581 0.9616519741116107 0.5943256835711243 0.9623398510601885 0.5957014374682796 0.9671549897002323 0.597077191365435 0.9719701283402762
0 0.54736328125 0.978759765625 0.55078125 0.974365234375 0.55078125 0.967529296875 0.54931640625 0.963623046875 0.545166015625 0.96142578125 0.5361328125 0.968994140625 0.5361328125 0.973876953125 0.538330078125 0.9775390625
0 0.734652581080973 1 0.7298374424409292 0.99467006764334 0.7298374424409292 0.9884791751061408 0.7298374424409292 0.9850397903632523 0.7319010732866622 0.9822882825689415 0.7387798427724391 0.9822882825689415 0.7449707353096383 0.9850397903632523 0.7463464892067937 0.9898549290032961 0.7477222431039491 0.9932943137461846 0.7490979970011045 0.9981094523862284 0.7477222431039491 1
0 0.7133283956750646 0.9705943744431207 0.7071375031378654 0.9692186205459654 0.7078253800864431 0.9650913588544993 0.7112647648293315 0.9602762202144555 0.7174556573665308 0.9602762202144555 0.7174556573665307 0.9664671127516546
0 0.3542566285175104 0.9444550503971685 0.3521929976717773 0.9368884039628139 0.35838389020897654 0.9320732653227701 0.3666384135919088 0.9313853883741925 0.3693899213862195 0.9348247731170809 0.3631990288490204 0.9382641578599693
0 0.3707656752833749 0.952021696831523 0.3680141674890642 0.9472065581914793 0.37214142918053034 0.9417035426028578 0.3755808139234188 0.936888403962814 0.3776444447691519 0.9313853883741925 0.38383533730635105 0.9327611422713478 0.383835337306351 0.9382641578599693 0.3783323217177295 0.9444550503971685 0.37626869087199644 0.94995806598579
0 0.3762686908719965 0.9128127107625948 0.36732629054048643 0.9114369568654395 0.36663841359190885 0.9073096951739732 0.37007779833479726 0.9018066795853518 0.3748929369748411 0.9045581873796625
0 0.519347096176156 0.9760973900317422 0.5145319575361121 0.9733458822374315 0.5117804497418015 0.969906497494543 0.5110925727932237 0.9637156049573439 0.5165955883818453 0.9602762202144554 0.5248501117647776 0.9623398510601886 0.5227864809190444 0.9692186205459654
0 0.5117804497418015 0.9589004663173 0.508341064998913 0.9527095737801008 0.50627743415318 0.9485823120886347 0.50627743415318 0.9437671734485908 0.5104046958446462 0.9430792965000132 0.5138440805875345 0.9472065581914793 0.5165955883818453 0.94995806598579 0.5186592192275784 0.9547732046258339 0.5172834653304229 0.9589004663173
0 0.5276016195590884 0.9602762202144554 0.5255379887133552 0.9547732046258339 0.5241622348161998 0.9506459429343677 0.5248501117647776 0.9423914195514353 0.5324167581991321 0.9410156656542801 0.5324167581991321 0.9485823120886347 0.5324167581991321 0.9554610815744116
0 0.5207228500733114 0.9430792965000131 0.5131562036389568 0.9410156656542801 0.5124683266903791 0.9334490192199255 0.5145319575361121 0.9265702497341486 0.5186592192275783 0.9224429880426823 0.5227864809190443 0.9217551110941047 0.526225865661933 0.9217551110941047 0.5269137426105106 0.9265702497341486 0.5310410043019768 0.9293217575284594 0.5310410043019768 0.9362005270142362 0.528289496507666 0.9417035426028577
0 0.19673280729321935 0.8295795999846942 0.18985403780744248 0.8275159691389612 0.18779040696170937 0.8240765843960728 0.18779040696170937 0.8213250766017621 0.18985403780744242 0.8178856918588736 0.1919176686531755 0.8165099379617181 0.19604493034464163 0.8165099379617182 0.197420684241797 0.8199493227046066 0.19742068424179704 0.8227008304989174
0 0.8254523382932281 0.9334490192199254 0.8206371996531843 0.9348247731170809 0.8171978149102959 0.9355126500656585 0.8144463071159851 0.9348247731170808 0.812382676270252 0.9334490192199254 0.8110069223730967 0.9320732653227701 0.8158220610131405 0.9279460036313041 0.8185735688074512 0.9265702497341486 0.8227008304989173 0.9265702497341486 0.8247644613446504 0.9306975114256146
0 0.56591796875 0.872314453125 0.56884765625 0.869384765625 0.56787109375 0.861572265625 0.565673828125 0.85986328125 0.557373046875 0.861328125 0.55712890625 0.868896484375
0 0.9286338805798816 0.9451429273457461 0.9272581266827262 0.9389520348085469 0.9313853883741925 0.9355126500656585 0.9382641578599693 0.9389520348085469 0.9362005270142362 0.9430792965000131
0 0.9754095130831645 0.930009634477037 0.9795367747746306 0.9272581266827263 0.9850397903632522 0.9251944958369932 0.9857276673118298 0.9286338805798817 0.9836640364660969 0.9327611422713479 0.9795367747746306 0.9375762809113916 0.9747216361345868 0.9382641578599693
0 0.6472922086116064 0.8839218789223318 0.6424770699715625 0.8804824941794434 0.6452285777658733 0.8763552324879773 0.6500437164059171 0.8708522168993558 0.6562346089431164 0.870164339950778 0.6582982397888494 0.8763552324879772 0.6562346089431164 0.8818582480765987 0.6527952242002278 0.885985509768065
0 0.6754951635032916 0.7986251372986982 0.6699921479146701 0.7972493834015428 0.6686163940175147 0.7931221217100767 0.6727436557089809 0.790370613915766
0 0.005859375 0.718017578125 0.012939453125 0.71484375 0.015625 0.710693359375 0.01513671875 0.706298828125 0.009033203125 0.7021484375 0.003173828125 0.703125 0.00048828125 0.707275390625 0.00048828125 0.716064453125
0 0.0283203125 0.777587890625 0.031005859375 0.77685546875 0.03759765625 0.769287109375 0.0380859375 0.764404296875 0.034423828125 0.75927734375 0.031494140625 0.75927734375 0.020751953125 0.765625 0.01611328125 0.772705078125 0.022705078125 0.77734375
0 0.12037846600109575 0.7291495654923514 0.11487545041247425 0.7263980576980408 0.11418757346389655 0.7222707960065746 0.11418757346389656 0.7167677804179531 0.11693908125820733 0.7140162726236424 0.12312997379540652 0.7167677804179531 0.12312997379540655 0.7222707960065746
0 0.19604493034464165 0.7167677804179531 0.19054191475602014 0.7133283956750647 0.18572677611597638 0.7092011339835985 0.18641465306455407 0.7036981183949769 0.18985403780744248 0.6995708567035108 0.19604493034464168 0.7009466106006662 0.19604493034464168 0.70576174924071
0 0.9644034819059215 0.8447128928534036 0.9589004663173 0.8412735081105149 0.956836835471567 0.8364583694704713 0.956836835471567 0.832331107779005 0.9575247124201447 0.8288917230361166 0.9595883432658777 0.8247644613446503 0.9616519741116109 0.8227008304989174 0.9671549897002323 0.8206371996531843 0.9712822513916984 0.823388707447495 0.9760973900317422 0.8261402152418058 0.9767852669803199 0.8309553538818497 0.9719701283402761 0.8343947386247381 0.9678428666488099 0.8364583694704713 0.969906497494543 0.8398977542133597
0 0.45947265625 0.748779296875 0.46484375 0.744384765625 0.46484375 0.736572265625 0.46337890625 0.733154296875 0.458251953125 0.72998046875 0.451171875 0.734130859375 0.44921875 0.741455078125 0.453369140625 0.7470703125
0 0.5709378673194828 0.8116947993216743 0.5654348517308613 0.8130705532188297 0.5613075900393951 0.812382676270252 0.5606197130908174 0.8082554145787859 0.5640590978337059 0.8041281528873198 0.5674984825765943 0.803440275938742 0.5695621134223274 0.8048160298358975
0 0.900390625 0.741455078125 0.908935546875 0.73681640625 0.91455078125 0.729736328125 0.9150390625 0.721435546875 0.911376953125 0.71728515625 0.899658203125 0.71875 0.89306640625 0.726806640625 0.89306640625 0.737548828125 0.896240234375 0.74072265625
0 0.998046875 0.700439453125 1 0.699462890625 1 0.686279296875 0.992431640625 0.68701171875 0.98876953125 0.690673828125 0.98828125 0.695556640625 0.992431640625 0.70068359375
0 0.9637156049573438 0.8598461857221127 0.9533974507286784 0.8598461857221127 0.9492701890372123 0.8570946779278019 0.9492701890372123 0.8515916623391804 0.952021696831523 0.8488401545448696 0.9561489585229892 0.8474644006477143 0.9602762202144554 0.8502159084420251 0.9650913588544991 0.8536552931849135
0 0.9726580052888537 0.8612219396192681 0.9760973900317423 0.8550310470820688 0.9809125286717862 0.8515916623391804 0.9843519134146745 0.852279539287758 0.9864155442604079 0.854343170133491 0.9850397903632524 0.8591583087735348 0.9802246517232085 0.8632855704650011 0.9760973900317425 0.8653492013107342
0 0.9492701890372123 0.8041281528873198 0.943079296500013 0.8020645220415866 0.9417035426028577 0.7958736295043874 0.9451429273457461 0.7889948600186105 0.9492701890372123 0.7855554752757221 0.9547732046258339 0.7848675983271444 0.9582125893687223 0.7896827369671883 0.9575247124201447 0.7958736295043874 0.9547732046258339 0.801376645093009
0 0.95361328125 0.707763671875 0.962646484375 0.70458984375 0.96630859375 0.697998046875 0.957763671875 0.6923828125 0.948486328125 0.69091796875 0.9453125 0.694091796875 0.9443359375 0.705322265625 0.948486328125 0.7080078125
0 0.9822882825689414 0.7098890109321763 0.9774731439288976 0.7078253800864431 0.9760973900317425 0.7119526417779093 0.9726580052888537 0.712640518726487 0.9705943744431207 0.7098890109321763 0.9699064974945429 0.7036981183949771 0.9747216361345867 0.6995708567035108 0.9802246517232082 0.6988829797549332 0.9822882825689413 0.7023223644978216
0 0.8412735081105149 0.936888403962814 0.8385220003162042 0.9320732653227701 0.8405856311619374 0.9279460036313039 0.8426492620076703 0.9251944958369933 0.8433371389562481 0.9203793571969494 0.8467765236991365 0.9183157263512163 0.8515916623391803 0.9176278494026386 0.8536552931849134 0.9231308649912602 0.8536552931849134 0.9272581266827263 0.8488401545448696 0.925882372785571 0.8474644006477142 0.9300096344770371 0.8454007698019811 0.9341368961685033
0 0.8770431094365548 0.9066218182253956 0.8708522168993557 0.9121248338140171 0.8625976935164233 0.910061202968284 0.8632855704650011 0.9052460643282403 0.8667249552078895 0.9024945565339295 0.8701643399507779 0.9018066795853519
0 0.8515916623391803 0.8935521562024196 0.8515916623391802 0.8859855097680649 0.8564068009792242 0.8839218789223318 0.8632855704650011 0.8832340019737541 0.8660370782593116 0.8887370175623757 0.8612219396192679 0.8956157870481525 0.8577825548763794 0.8997430487396187 0.8550310470820687 0.9031824334825072 0.8529674162363355 0.8983672948424632
0 0.5461742971706859 0.7738615671499014 0.5475500510678413 0.7656070437669691 0.5530530666564628 0.761479782075503 0.5578682052965067 0.7649191668183914 0.5523651897078852 0.772485813252746
0 0.51416015625 0.822998046875 0.5205078125 0.820068359375 0.52392578125 0.812255859375 0.5234375 0.806884765625 0.516357421875 0.802734375 0.510009765625 0.8037109375 0.5087890625 0.807373046875 0.509765625 0.821044921875
0 0.37351718307768567 0.7711100593555906 0.3666384135919089 0.7724858132527459 0.36182327495186506 0.7683585515612799 0.36182327495186506 0.7614797820755029 0.36526265969475347 0.7566646434354591 0.37282930612910803 0.7539131356411484 0.37833232171772957 0.7559767664868814 0.37764444476915193 0.7621676590240807
0 0.19260554560175322 0.6314710387943195 0.18503889916739863 0.6321589157428972 0.17678437578446635 0.6307831618457418 0.1726571140930002 0.6266559001542757 0.17265711409300022 0.6225286384628096 0.17678437578446637 0.6190892537199211 0.18297526832166558 0.6163377459256103 0.19054191475602017 0.6184013767713434 0.19260554560175322 0.6239043923599649
0 0.9018066795853517 0.8832340019737541 0.8976794178938855 0.8784188633337102 0.8956157870481526 0.8729158477450887 0.899055171791041 0.8632855704650011 0.9011188026367741 0.8564068009792243 0.9052460643282403 0.859158308773535 0.9038703104310849 0.8667249552078896 0.912124833814017 0.8715400938479334 0.9086854490711286 0.877043109436555
0 0.9334490192199254 0.9740337591860092 0.9279460036313039 0.97678526698032 0.9217551110941048 0.9760973900317422 0.9196914802483717 0.9733458822374316 0.9203793571969494 0.9685307435973876 0.9231308649912602 0.9664671127516545 0.9265702497341486 0.9650913588544991 0.9306975114256147 0.9650913588544993 0.9327611422713479 0.9692186205459654
0 0.9554610815744116 0.9657792358030769 0.9513338198829454 0.9719701283402762 0.947894435140057 0.9726580052888538 0.9458308042943239 0.9712822513916985 0.945830804294324 0.9664671127516546 0.9492701890372124 0.9623398510601885 0.9540853276772563 0.9589004663173 0.9582125893687221 0.9561489585229892
0 0.7807403366356782 0.870164339950778 0.7745494440984791 0.8736037246936664 0.7704221824070129 0.8749794785908218 0.7676706746127021 0.8708522168993558 0.7676706746127021 0.8653492013107342 0.7704221824070129 0.8605340626706903 0.7766130749442121 0.8639734474135787 0.7807403366356782 0.8653492013107342
0 0.72265625 0.885009765625 0.7294921875 0.882080078125 0.73193359375 0.874755859375 0.728271484375 0.86865234375 0.721923828125 0.865234375 0.71533203125 0.869873046875 0.7099609375 0.879150390625 0.716064453125 0.88427734375
0 0.71044921875 0.880126953125 0.712890625 0.875244140625 0.7119140625 0.866943359375 0.708251953125 0.86279296875 0.701904296875 0.8623046875 0.69921875 0.866455078125 0.7001953125 0.871826171875 0.706298828125 0.87939453125
0 0.7578125 0.836669921875 0.763671875 0.832763671875 0.7705078125 0.816650390625 0.7685546875 0.807861328125 0.761962890625 0.80419921875 0.757080078125 0.80419921875 0.751953125 0.807861328125 0.75244140625 0.816162109375 0.7548828125 0.819091796875 0.7529296875 0.832275390625 0.755615234375 0.83642578125
0 0.8130705532188297 0.8343947386247381 0.8089432915273637 0.8398977542133597 0.8006887681444314 0.8433371389562481 0.7993130142472759 0.839209877264782 0.803440275938742 0.832331107779005
0 0.8715400938479333 0.8385220003162043 0.8625976935164235 0.839209877264782 0.861221939619268 0.8330189847275828 0.8625976935164233 0.8254523382932282 0.8694764630022003 0.8261402152418059 0.8742916016422442 0.8295795999846943 0.8742916016422441 0.8343947386247381
0 0.9066218182253956 0.7883069830700329 0.8997430487396187 0.7841797213785668 0.8997430487396185 0.7779888288413676 0.9011188026367741 0.7717979363041683 0.9045581873796625 0.7697343054584351 0.9100612029682841 0.7704221824070129 0.912124833814017 0.7738615671499014 0.912124833814017 0.7779888288413674
0 0.9267578125 0.794677734375 0.9326171875 0.787353515625 0.93212890625 0.781982421875 0.929443359375 0.7783203125 0.92333984375 0.781494140625 0.91943359375 0.789794921875 0.921630859375 0.794921875
0 0.91259765625 0.806884765625 0.915771484375 0.80615234375 0.919921875 0.799560546875 0.918212890625 0.78759765625 0.908447265625 0.79052734375 0.90576171875 0.794677734375 0.90576171875 0.804931640625
0 0.6466043316630287 0.7931221217100766 0.643852823868718 0.7889948600186105 0.643852823868718 0.7834918444299891 0.6445407008172958 0.7759251979956345 0.647980085560184 0.774549444098479 0.6500437164059173 0.7800524596871006 0.6527952242002278 0.7869312291728776
0 0.63916015625 0.809814453125 0.643798828125 0.8095703125 0.64697265625 0.806884765625 0.647216796875 0.79541015625 0.6298828125 0.800048828125 0.63134765625 0.808349609375
0 0.7112647648293315 0.8454007698019811 0.7071375031378654 0.8419613850590927 0.7098890109321763 0.832331107779005 0.7133283956750646 0.830267476933272 0.7133283956750646 0.8220129535503398 0.7188314112636861 0.8192614457560288 0.72364654990373 0.8240765843960727 0.7243344268523076 0.8288917230361166 0.7215829190579969 0.834394738624738 0.7174556573665307 0.8412735081105149
0 0.78173828125 0.807373046875 0.78759765625 0.802978515625 0.79150390625 0.796142578125 0.7919921875 0.792236328125 0.785400390625 0.787109375 0.77978515625 0.788330078125 0.77490234375 0.802978515625 0.776611328125 0.8076171875
0 0.8839218789223318 0.7573525203840368 0.8742916016422441 0.7587282742811923 0.8694764630022003 0.7573525203840368 0.867412832156467 0.7552888895383039 0.8660370782593119 0.7511616278468376 0.868100709105045 0.7456586122582161 0.8715400938479334 0.7408434736181724 0.8756673555393996 0.7380919658238614 0.8811703711280211 0.7401555966695945 0.8866733867166425 0.7422192275153277 0.8852976328194871 0.7470343661553714 0.8846097558709094 0.7497858739496822
0 0.8660370782593118 0.7669827976641244 0.8681007091050449 0.7607919051269252 0.8715400938479333 0.7656070437669691 0.8674128321564673 0.7731736902013238 0.8625976935164235 0.7731736902013236 0.861221939619268 0.7717979363041683
0 0.84716796875 0.816162109375 0.849609375 0.813232421875 0.85009765625 0.807861328125 0.843505859375 0.80029296875 0.840087890625 0.80078125 0.83642578125 0.808349609375 0.842529296875 0.8154296875
0 0.8240765843960727 0.812382676270252 0.8171978149102959 0.8096311684759412 0.8178856918588735 0.8027523989901644 0.8227008304989173 0.7965615064529651 0.8268280921903834 0.7931221217100767 0.8323311077790049 0.7910584908643435 0.8357704925218934 0.7917463678129213 0.8330189847275827 0.7986251372986982 0.830267476933272 0.803440275938742 0.8330189847275827 0.8061917837330528 0.830267476933272 0.8103190454245189
0 0.74755859375 0.739013671875 0.755615234375 0.73681640625 0.76025390625 0.730224609375 0.76025390625 0.725830078125 0.752685546875 0.72021484375 0.747314453125 0.72119140625 0.740234375 0.730224609375 0.74072265625 0.736572265625
0 0.80859375 0.784423828125 0.813232421875 0.7822265625 0.81787109375 0.776611328125 0.81884765625 0.768310546875 0.816162109375 0.765625 0.808349609375 0.771484375 0.803466796875 0.77099609375 0.7998046875 0.773193359375 0.798828125 0.777099609375 0.80029296875 0.780029296875
0 0.77294921875 0.729736328125 0.78369140625 0.721435546875 0.791015625 0.709716796875 0.791015625 0.698486328125 0.79443359375 0.686767578125 0.792236328125 0.68115234375 0.781982421875 0.68408203125 0.77001953125 0.700439453125 0.76806640625 0.726318359375
0 0.8369140625 0.746337890625 0.84130859375 0.742431640625 0.8427734375 0.732177734375 0.83984375 0.726806640625 0.835205078125 0.724609375 0.8330078125 0.728759765625 0.83154296875 0.741455078125 0.834716796875 0.74658203125
0 0.849609375 0.713134765625 0.855224609375 0.71240234375 0.86279296875 0.705810546875 0.8642578125 0.697998046875 0.862060546875 0.6953125 0.851318359375 0.6923828125 0.837890625 0.697509765625 0.8369140625 0.702392578125 0.83984375 0.708251953125 0.843505859375 0.71240234375
0 0.6885648255262677 0.7188314112636862 0.6796224251947577 0.7188314112636862 0.6782466712976024 0.7133283956750647 0.6823739329890686 0.7098890109321763 0.6871890716291124 0.7071375031378655 0.6878769485776901 0.712640518726487
0 0.71435546875 0.708740234375 0.7197265625 0.704345703125 0.72216796875 0.695556640625 0.715576171875 0.68798828125 0.709716796875 0.6865234375 0.70654296875 0.694091796875 0.70751953125 0.704345703125
0 0.7001953125 0.683837890625 0.703369140625 0.68310546875 0.70654296875 0.677490234375 0.70751953125 0.666259765625 0.703369140625 0.662109375 0.694580078125 0.6650390625 0.6904296875 0.670654296875 0.69189453125 0.680419921875 0.695556640625 0.68359375
0 0.6630859375 0.674072265625 0.677490234375 0.671875 0.6806640625 0.664306640625 0.6806640625 0.658935546875 0.671142578125 0.65478515625 0.664306640625 0.64990234375 0.655029296875 0.63916015625 0.651123046875 0.638671875 0.6474609375 0.642822265625 0.6474609375 0.662841796875 0.659423828125 0.67333984375
0 0.6318359375 0.675048828125 0.63623046875 0.666748046875 0.6357421875 0.662841796875 0.631591796875 0.65966796875 0.627197265625 0.6591796875 0.6240234375 0.662353515625 0.62451171875 0.670654296875 0.626708984375 0.67431640625
0 0.53857421875 0.677490234375 0.544677734375 0.67529296875 0.54736328125 0.670654296875 0.54638671875 0.666748046875 0.542236328125 0.6640625 0.536865234375 0.66455078125 0.53173828125 0.669189453125 0.53271484375 0.675048828125
0 0.54248046875 0.642333984375 0.55810546875 0.627197265625 0.56103515625 0.615966796875 0.560546875 0.612060546875 0.557373046875 0.60986328125 0.543701171875 0.61181640625 0.5341796875 0.620361328125 0.533203125 0.627685546875 0.53759765625 0.632080078125 0.5390625 0.641357421875
0 0.52978515625 0.630126953125 0.53173828125 0.627685546875 0.53076171875 0.620849609375 0.529541015625 0.619140625 0.525634765625 0.61962890625 0.521484375 0.623291015625 0.521484375 0.627685546875 0.525634765625 0.63037109375
0 0.8037109375 0.664794921875 0.806640625 0.661376953125 0.8056640625 0.651123046875 0.803466796875 0.64697265625 0.799560546875 0.646484375 0.79345703125 0.650634765625 0.79345703125 0.656005859375 0.797607421875 0.6640625
0 0.8173828125 0.679443359375 0.82421875 0.674560546875 0.82568359375 0.666748046875 0.823486328125 0.66455078125 0.817626953125 0.6640625 0.8134765625 0.669189453125 0.81201171875 0.677978515625
0 0.81787109375 0.660888671875 0.821533203125 0.65966796875 0.82373046875 0.656005859375 0.820068359375 0.642578125 0.8134765625 0.648681640625 0.81201171875 0.652587890625 0.8125 0.658935546875
0 0.91064453125 0.659912109375 0.9150390625 0.652587890625 0.91455078125 0.643798828125 0.910400390625 0.63671875 0.903564453125 0.6357421875 0.90087890625 0.638427734375 0.90087890625 0.648681640625 0.90478515625 0.656494140625
0 0.93408203125 0.678955078125 0.93798828125 0.675048828125 0.94091796875 0.666748046875 0.925537109375 0.662109375 0.921875 0.666259765625 0.92236328125 0.674072265625 0.929443359375 0.67919921875
0 0.8976794178938855 0.6734315326575586 0.8894248945109533 0.6713679018118256 0.8852976328194873 0.6699921479146702 0.8859855097680647 0.6651770092746263 0.8901127714595309 0.6610497475831603 0.8963036639967301 0.6596739936860048 0.9011188026367741 0.6638012553774709 0.8997430487396186 0.6699921479146702
0 0.8681640625 0.679931640625 0.8720703125 0.678466796875 0.87255859375 0.673583984375 0.866943359375 0.66455078125 0.861572265625 0.66552734375 0.853515625 0.670654296875 0.855712890625 0.6787109375
0 0.8674128321564671 0.6404134391258295 0.8612219396192681 0.6404134391258295 0.8584704318249573 0.6362861774343633 0.8612219396192681 0.6335346696400526 0.8667249552078896 0.6328467926914749 0.8687885860536225 0.6355983004857857
0 0.1181640625 0.521728515625 0.1240234375 0.515869140625 0.12451171875 0.510009765625 0.117919921875 0.5029296875 0.110107421875 0.5029296875 0.1064453125 0.506103515625 0.10693359375 0.512451171875 0.113037109375 0.521484375
0 0.2412109375 0.526123046875 0.244140625 0.524658203125 0.24560546875 0.517333984375 0.242431640625 0.51416015625 0.234619140625 0.5126953125 0.23291015625 0.513916015625 0.2333984375 0.518310546875 0.23583984375 0.523193359375 0.239013671875 0.5263671875
0 0.376953125 0.553955078125 0.38818359375 0.547119140625 0.39111328125 0.537841796875 0.388427734375 0.533203125 0.376220703125 0.5322265625 0.369140625 0.537353515625 0.3671875 0.541748046875 0.3681640625 0.550537109375 0.371337890625 0.5537109375
0 0.37744140625 0.585205078125 0.384765625 0.576416015625 0.38525390625 0.572021484375 0.381591796875 0.56884765625 0.375732421875 0.5693359375 0.37158203125 0.572998046875 0.3701171875 0.581298828125 0.372314453125 0.58447265625
0 0.3687020444376419 0.5846954062910366 0.36113539800328726 0.5812560215481481 0.3611353980032873 0.577128759856682 0.3638869057975981 0.575065129010949 0.36663841359190885 0.575065129010949 0.3687020444376419 0.579192390702415
0 0.6184013767713434 0.48220174095296076 0.617025622874188 0.49114414128447076 0.6122104842341441 0.49320777213020384 0.603955960851212 0.4959592799245146 0.5984529452625904 0.49664715687309224 0.5977650683140127 0.4911441412844707 0.5977650683140127 0.4842653717986938 0.6018923300054788 0.48013811010722773 0.6067074686455226 0.47807447926149466 0.6128983611827219 0.47738660231291696
0 0.5599318361422397 0.5200349731247337 0.5523651897078852 0.5269137426105106 0.546174297170686 0.526225865661933 0.5399834046334868 0.5248501117647776 0.5351682659934429 0.5227864809190446 0.5276016195590884 0.517283465330423 0.5365440198905984 0.5035259263588692 0.54204703547922 0.4945835260273592 0.5489258049649968 0.49114414128447076 0.5592439591936621 0.4952714029759369 0.5626833439365505 0.5021501724617138 0.5626833439365505 0.5097168188960683
0 0.46337890625 0.602294921875 0.468017578125 0.60009765625 0.4697265625 0.596923828125 0.46826171875 0.582275390625 0.465087890625 0.5791015625 0.460693359375 0.580078125 0.458984375 0.583740234375 0.45947265625 0.599365234375
0 0.7023223644978215 0.6032680839026342 0.6981951028063553 0.6046438377997896 0.6920042102691562 0.6046438377997896 0.6878769485776901 0.6005165761083235 0.6871890716291122 0.5950135605197019 0.689940579423423 0.5922620527253912 0.6968193489091999 0.5915741757768135 0.7016344875492437 0.5943256835711243
0 0.6300952848971642 0.5908862988282357 0.6252801462571203 0.588134791033925 0.6225286384628095 0.5826317754453035 0.6252801462571203 0.5785045137538374 0.6307831618457418 0.5819438984967258 0.6342225465886303 0.586071160188192
0 0.7890625 0.573974609375 0.79345703125 0.566650390625 0.7939453125 0.555908203125 0.792236328125 0.55322265625 0.785400390625 0.5537109375 0.7822265625 0.556884765625 0.78271484375 0.570068359375 0.785400390625 0.57373046875
0 0.8715400938479333 0.5688742364737497 0.8632855704650012 0.5668106056280167 0.8619098165678457 0.5626833439365506 0.8619098165678457 0.5564924513993512 0.8667249552078895 0.5551166975021959 0.8715400938479333 0.5558045744507736 0.8736037246936664 0.5599318361422397
0 0.9033203125 0.582763671875 0.909912109375 0.58056640625 0.912109375 0.576904296875 0.91259765625 0.565185546875 0.910400390625 0.5625 0.903076171875 0.5634765625 0.89599609375 0.576416015625 0.897705078125 0.58251953125
0 0.95947265625 0.536865234375 0.96337890625 0.534423828125 0.96435546875 0.520751953125 0.961669921875 0.51611328125 0.953857421875 0.51513671875 0.9482421875 0.521728515625 0.94775390625 0.526123046875 0.955322265625 0.5361328125
0 0.08873612636652202 0.9196914802483716 0.08254523382932281 0.9169399724540609 0.08185735688074512 0.9114369568654392 0.08392098772647819 0.9045581873796624 0.08667249552078894 0.8976794178938856 0.0907997572122551 0.9031824334825072 0.0907997572122551 0.9128127107625947
0 0.49462890625 0.547119140625 0.4990234375 0.542724609375 0.5009765625 0.537353515625 0.498779296875 0.5322265625 0.490478515625 0.533203125 0.48779296875 0.536376953125 0.48876953125 0.543701171875
0 0.41748046875 0.518310546875 0.42431640625 0.510986328125 0.4228515625 0.505126953125 0.420166015625 0.5029296875 0.411865234375 0.5087890625 0.40966796875 0.512451171875 0.411865234375 0.51806640625
0 0.22119140625 0.448974609375 0.22802734375 0.440185546875 0.22802734375 0.434326171875 0.224365234375 0.42919921875 0.219970703125 0.4296875 0.2138671875 0.435302734375 0.2158203125 0.447021484375
0 0.10302734375 0.387939453125 0.10693359375 0.385009765625 0.10693359375 0.374267578125 0.093994140625 0.3740234375 0.091796875 0.376708984375 0.09326171875 0.381103515625 0.098388671875 0.38720703125
0 0.228515625 0.361083984375 0.23291015625 0.357666015625 0.23291015625 0.352783203125 0.227294921875 0.3505859375 0.22412109375 0.352783203125 0.22265625 0.357177734375 0.224853515625 0.36083984375
0 0.1142578125 0.324462890625 0.122314453125 0.3212890625 0.12646484375 0.315673828125 0.12646484375 0.309814453125 0.122314453125 0.3056640625 0.117919921875 0.3056640625 0.11376953125 0.311767578125 0.11181640625 0.322998046875
0 0.727773811595196 0.5846954062910366 0.7188314112636861 0.5833196523938813 0.7174556573665307 0.5785045137538374 0.7195192882122639 0.5750651290109489 0.7250223038008854 0.5785045137538374
0 0.7291495654923514 0.5716257442680605 0.7229586729551523 0.5709378673194828 0.7188314112636862 0.5709378673194828 0.7181435343151085 0.5668106056280167 0.7215829190579969 0.5640590978337059 0.7263980576980408 0.5640590978337059
0 0.5943256835711243 0.5723136212166382 0.5915741757768135 0.5674984825765943 0.5950135605197019 0.5633712208851283 0.597077191365435 0.5599318361422398 0.6005165761083234 0.5544288205536182 0.608083222542678 0.557180328347929 0.606019591696945 0.5626833439365504 0.6025802069540566 0.5668106056280167
0 0.515625 0.518798828125 0.51904296875 0.517822265625 0.52099609375 0.509521484375 0.517822265625 0.50439453125 0.512939453125 0.50341796875 0.50732421875 0.509033203125 0.5068359375 0.514892578125 0.510009765625 0.51806640625
0 0.79248046875 0.548095703125 0.794921875 0.541259765625 0.791748046875 0.5322265625 0.786376953125 0.53173828125 0.7783203125 0.537353515625 0.781982421875 0.5458984375
0 0.703125 0.450927734375 0.7060546875 0.447509765625 0.703369140625 0.44140625 0.698486328125 0.43896484375 0.6923828125 0.443115234375 0.69189453125 0.447021484375 0.694580078125 0.4501953125
0 0.748046875 0.500732421875 0.75048828125 0.498779296875 0.74951171875 0.490966796875 0.739501953125 0.48974609375 0.7373046875 0.493408203125 0.73828125 0.497802734375 0.741455078125 0.50048828125
0 0.76953125 0.526611328125 0.774169921875 0.525390625 0.7763671875 0.521728515625 0.77587890625 0.511962890625 0.773681640625 0.5078125 0.768310546875 0.5087890625 0.765625 0.513916015625 0.7646484375 0.522216796875 0.766845703125 0.52587890625
0 0.904296875 0.377685546875 0.91015625 0.373291015625 0.912109375 0.362548828125 0.910400390625 0.359375 0.902587890625 0.35986328125 0.89501953125 0.366943359375 0.89697265625 0.374267578125 0.901611328125 0.3779296875
0 0.9086854490711286 0.36044752105470956 0.9052460643282402 0.3535687515689327 0.9066218182253956 0.3494414898774666 0.9086854490711286 0.34531422818600044 0.9135005877111725 0.34393847428884505 0.9162520955054831 0.34531422818600044 0.9183157263512164 0.3501293668260443 0.9135005877111725 0.3563202593632435
0 0.97705078125 0.360595703125 0.98583984375 0.356201171875 0.988525390625 0.34375 0.981689453125 0.345703125 0.9755859375 0.352294921875 0.97265625 0.357666015625
0 0.9176278494026385 0.42029281558096865 0.9141884646597502 0.4134140460951917 0.9217551110941047 0.40859890745514793 0.9258823727855708 0.4127261691466141 0.925882372785571 0.4202928155809687
0 0.8570946779278018 0.4553745399584308 0.8481522775962919 0.4498715243698093 0.8433371389562482 0.44712001657549855 0.8371462464190489 0.4491836474212317 0.830267476933272 0.4478078935240763 0.8295795999846942 0.44230487793545475 0.8357704925218934 0.43817761624398854 0.8392098772647819 0.43405035455252244 0.8419613850590927 0.4319867237067894 0.8515916623391803 0.4333624776039448 0.8564068009792242 0.4361139853982556 0.8605340626706903 0.44092912403829937 0.8591583087735349 0.4491836474212317
0 0.8454007698019811 0.4312988467582117 0.8412735081105149 0.4271715850667455 0.8392098772647819 0.4237322003238571 0.8392098772647819 0.419604938632391 0.8426492620076703 0.41685343083808024 0.8481522775962919 0.419604938632391 0.8481522775962919 0.4264837081181679
0 0.75 0.464599609375 0.757080078125 0.46142578125 0.76220703125 0.454833984375 0.757080078125 0.44921875 0.749267578125 0.447265625 0.7421875 0.451904296875 0.7412109375 0.459228515625 0.743896484375 0.46435546875
0 0.76123046875 0.455322265625 0.771484375 0.447021484375 0.77587890625 0.438720703125 0.7763671875 0.433837890625 0.772705078125 0.4296875 0.764892578125 0.43017578125 0.7607421875 0.435791015625 0.7568359375 0.448486328125
0 0.8894248945109533 0.5062774341531799 0.8846097558709095 0.5028380494102915 0.8873612636652202 0.4966471568730923 0.8942400331509972 0.49595927992451455 0.8928642792538417 0.5021501724617137
0 0.84765625 0.499755859375 0.852294921875 0.49853515625 0.8583984375 0.490478515625 0.8583984375 0.486572265625 0.854736328125 0.48291015625 0.850341796875 0.48291015625 0.84326171875 0.494384765625 0.84326171875 0.498291015625
0 0.3525390625 0.398193359375 0.360595703125 0.396484375 0.3623046875 0.394287109375 0.36279296875 0.385009765625 0.359130859375 0.38134765625 0.351318359375 0.38134765625 0.3466796875 0.385986328125 0.34521484375 0.396728515625 0.347412109375 0.3984375
0 0.5248501117647776 0.4423048779354547 0.519347096176156 0.44780789352407624 0.5124683266903791 0.4491836474212317 0.5090289419474907 0.4464321396269209 0.5090289419474907 0.44230487793545475 0.5145319575361121 0.441617000986877 0.5165955883818453 0.439553370141144 0.5220986039704668 0.43748973929541085
0 0.0751953125 0.196533203125 0.08642578125 0.185791015625 0.0869140625 0.180419921875 0.071533203125 0.1708984375 0.062744140625 0.17138671875 0.056396484375 0.17431640625 0.052734375 0.179443359375 0.05517578125 0.183837890625 0.070556640625 0.1962890625
0 0.021324185405908393 0.1320723741269165 0.015133292868709184 0.1306966202297611 0.01306966202297611 0.12725723548687265 0.013757538971553802 0.12175421989825114 0.01857267761159763 0.12037846600109572 0.022699939303063774 0.12656935853829496
0 0.042648370811816785 0.06809981790919134 0.03645747827461759 0.06397255621772517 0.03301809353172912 0.052966525040482194 0.03576960132603988 0.04608775555470524 0.04196049386323909 0.039896863017506 0.05296652504048213 0.03508172437746221 0.059157417577681344 0.03508172437746221 0.05434227893763752 0.04677563250328293 0.04883926334901599 0.05709378673194826 0.04539987860612754 0.06397255621772518
0 0.08185735688074511 0.028202954891685283 0.07222707960065745 0.02751507794310759 0.068787694857769 0.024075693200219073 0.07016344875492439 0.019260554560175298 0.07291495654923515 0.01650904676586456 0.0763543412921236 0.013069662022976075 0.07979372603501204 0.015821169817286887
0 0.02476357014879684 0.23662967031072538 0.017196923714442258 0.22906302387637079 0.01582116981728688 0.22149637744201622 0.015133292868709177 0.215305484904817 0.019260554560175322 0.21255397711050622 0.02269993930306377 0.21049034626477317 0.026827200994529912 0.21943274659628312 0.03026658573741836 0.22975090082494848
0 0.0206363084573307 0.26070536351094453 0.0206363084573307 0.25313871707658997 0.024075693200219142 0.24763570148796843 0.025451447097374527 0.24557207064223538 0.028890831840262986 0.2428205628479246 0.03233021658315143 0.24419631674508 0.03370597048030681 0.24694782453939076 0.03301809353172912 0.25313871707658997 0.02889083184026298 0.25932960961378915
0 0.52001953125 0.185302734375 0.527099609375 0.18310546875 0.53173828125 0.177490234375 0.53076171875 0.170166015625 0.522216796875 0.16162109375 0.5146484375 0.167236328125 0.51220703125 0.174560546875 0.513671875 0.183349609375
0 0.5458984375 0.364990234375 0.555908203125 0.35791015625 0.56787109375 0.343017578125 0.56787109375 0.337646484375 0.561279296875 0.328125 0.5537109375 0.330810546875 0.5498046875 0.339111328125 0.5400390625 0.347900390625 0.537109375 0.353271484375 0.53759765625 0.364013671875
0 0.21255397711050622 0.2139297310076616 0.20636308457330702 0.21599336185339468 0.20429945372757394 0.20980246931619548 0.2077388384704624 0.20636308457330704 0.21255397711050622 0.20567520762472932
0 0.23594179336214768 0.09836640364660967 0.23456603946499233 0.0907997572122551 0.23731754725930307 0.08460886467505589 0.24144480895076925 0.07841797213785669 0.24625994759081302 0.07841797213785669 0.24832357843654615 0.0832331107779005 0.24625994759081304 0.09011188026367742 0.24144480895076925 0.09561489585229893
0 0.25313871707658997 0.17540862188731096 0.24901145538512381 0.16990560629868945 0.2503872092822792 0.16302683681291258 0.25451447097374535 0.1588995751214464 0.2579538557166338 0.157523821224291 0.2627689943566776 0.1595874520700241 0.2627689943566776 0.16440259071006794 0.26070536351094453 0.17265711409300022
0 0.5 0.368408203125 0.5029296875 0.366943359375 0.5029296875 0.361083984375 0.499755859375 0.35888671875 0.492919921875 0.35986328125 0.49072265625 0.365966796875
0 0.52587890625 0.381103515625 0.53125 0.376708984375 0.53125 0.372314453125 0.526611328125 0.369140625 0.523681640625 0.36962890625 0.52099609375 0.373291015625 0.521484375 0.380615234375
0 0.6123046875 0.392333984375 0.61767578125 0.388916015625 0.6181640625 0.380126953125 0.615478515625 0.376953125 0.608154296875 0.376953125 0.60498046875 0.379638671875 0.60498046875 0.387939453125 0.608154296875 0.3916015625
0 0.63232421875 0.392822265625 0.638671875 0.384521484375 0.638671875 0.376220703125 0.636962890625 0.37451171875 0.629638671875 0.37548828125 0.62158203125 0.380615234375 0.62548828125 0.390869140625 0.628173828125 0.39306640625
0 0.64453125 0.385498046875 0.6494140625 0.382080078125 0.65087890625 0.378173828125 0.650390625 0.372802734375 0.647216796875 0.369140625 0.640380859375 0.37060546875 0.63671875 0.376708984375 0.640625 0.384521484375
0 0.7738615671499013 0.36182327495186495 0.7669827976641246 0.3604475210547096 0.7649191668183913 0.35769601326039885 0.7669827976641246 0.350817243774622 0.7724858132527461 0.3487536129288889 0.7773009518927898 0.3556323824146658
0 0.7353515625 0.308349609375 0.747314453125 0.3046875 0.75048828125 0.301025390625 0.75 0.296142578125 0.745849609375 0.2939453125 0.734619140625 0.2939453125 0.728271484375 0.2958984375 0.7255859375 0.300048828125 0.7265625 0.304443359375 0.730712890625 0.30810546875
0 0.68310546875 0.332763671875 0.689453125 0.326904296875 0.6884765625 0.322509765625 0.684326171875 0.31982421875 0.679443359375 0.32080078125 0.6767578125 0.325439453125 0.677734375 0.329833984375
0 0.6445407008172956 0.30748099601422746 0.639037685228674 0.30472948821991674 0.6355983004857857 0.30266585737418367 0.6294074079485864 0.29922647263129515 0.6287195310000088 0.29647496483698443 0.6314710387943195 0.29165982619694064 0.634910423537208 0.2902840722997852 0.6383498082800964 0.2909719492483629 0.6417891930229849 0.2923477031455183 0.6431649469201403 0.29991434957987284
0 0.603955960851212 0.3308688122658689 0.6046438377997896 0.32536579667724747 0.6032680839026343 0.32055065803720356 0.6012044530569012 0.3177991502428928 0.6032680839026342 0.3136718885514267 0.6087710994912556 0.3184870271914705 0.6101468533884112 0.3267415505744028 0.6073953455941005 0.3349960739573351
0 0.901118802636774 0.26208111740809986 0.8942400331509971 0.2613932404595222 0.8935521562024195 0.25589022487090074 0.8928642792538418 0.2503872092822792 0.896991540945308 0.24488419369365771 0.9011188026367741 0.24419631674508002 0.9052460643282402 0.24763570148796843 0.9038703104310848 0.25451447097374535
0 0.8866733867166425 0.28546893365974135 0.8846097558709094 0.2779022872253868 0.8846097558709094 0.273087148585343 0.8859855097680648 0.26964776384245454 0.8887370175623756 0.26483262520241063 0.8914885253566863 0.264144748253833 0.8942400331509971 0.2634568713052553 0.8969915409453079 0.26689625604814377 0.8969915409453079 0.2723992716367653 0.8928642792538417 0.27996591807111987
0 0.3046875 0.139892578125 0.309814453125 0.1376953125 0.31298828125 0.133544921875 0.3125 0.128173828125 0.309814453125 0.125 0.300537109375 0.12939453125 0.2978515625 0.133056640625 0.29833984375 0.138427734375
0 0.3388671875 0.109619140625 0.343505859375 0.107421875 0.3505859375 0.098388671875 0.35107421875 0.093994140625 0.346435546875 0.08984375 0.337646484375 0.09130859375 0.3310546875 0.096435546875 0.33203125 0.106689453125
0 0.37833232171772957 0.21668123880197238 0.37420506002626347 0.21186610016192856 0.3735171830776857 0.20567520762472935 0.37420506002626336 0.1987964381389524 0.3803959525634627 0.1960449303446417 0.3858989681520842 0.1974206842417971 0.3907141067921279 0.20154794593326325 0.390714106792128 0.2070509615218848 0.3858989681520841 0.21255397711050628
0 0.45556640625 0.177001953125 0.461669921875 0.17529296875 0.46533203125 0.169189453125 0.4638671875 0.165283203125 0.459228515625 0.16259765625 0.45458984375 0.164794921875 0.45166015625 0.172607421875 0.4521484375 0.176025390625
0 0.48583984375 0.203857421875 0.48828125 0.200439453125 0.48779296875 0.192626953125 0.485107421875 0.18994140625 0.479736328125 0.1904296875 0.47607421875 0.194580078125 0.4755859375 0.200439453125 0.478271484375 0.2041015625
0 0.43212890625 0.108642578125 0.43408203125 0.104736328125 0.43310546875 0.093505859375 0.43212890625 0.090576171875 0.427978515625 0.08837890625 0.423828125 0.104736328125 0.427978515625 0.10888671875
0 0.44384765625 0.115478515625 0.44970703125 0.111572265625 0.4521484375 0.106201171875 0.451416015625 0.10107421875 0.444091796875 0.10302734375 0.43798828125 0.107666015625 0.4384765625 0.114013671875
0 0.47945023315865 0.12794511243545031 0.4815138640043831 0.11969058905251806 0.48082598705580537 0.11556332736105193 0.47945023315865 0.11212394261816344 0.4842653717986937 0.11006031177243042 0.48839263349015993 0.11418757346389655 0.4890805104387377 0.12244209684682883 0.4870168795930045 0.12725723548687265
0 0.6083984375 0.200927734375 0.611328125 0.189697265625 0.615234375 0.183837890625 0.615234375 0.178955078125 0.61328125 0.164794921875 0.606689453125 0.16064453125 0.592529296875 0.16650390625 0.5888671875 0.172119140625 0.5888671875 0.177978515625 0.59423828125 0.192138671875 0.603759765625 0.2001953125
0 0.62890625 0.161865234375 0.6328125 0.159912109375 0.63623046875 0.147705078125 0.6318359375 0.139404296875 0.626708984375 0.1376953125 0.6220703125 0.140869140625 0.619140625 0.155029296875 0.623291015625 0.16015625
0 0.6533203125 0.220947265625 0.658203125 0.217041015625 0.66015625 0.211181640625 0.657470703125 0.2060546875 0.651123046875 0.2041015625 0.64599609375 0.207275390625 0.64453125 0.212158203125 0.6484375 0.219482421875
0 0.66943359375 0.191650390625 0.67431640625 0.188232421875 0.67236328125 0.181884765625 0.667724609375 0.17919921875 0.663330078125 0.18017578125 0.66162109375 0.183349609375 0.6630859375 0.190185546875
0 0.70458984375 0.180419921875 0.7138671875 0.176025390625 0.71826171875 0.166259765625 0.715087890625 0.1611328125 0.706298828125 0.158203125 0.698486328125 0.1611328125 0.6943359375 0.168701171875 0.6962890625 0.178466796875
0 0.7734375 0.197998046875 0.77880859375 0.195556640625 0.77880859375 0.187744140625 0.768798828125 0.17919921875 0.764892578125 0.18017578125 0.75927734375 0.184814453125 0.75830078125 0.192626953125 0.764404296875 0.19775390625
0 0.51904296875 0.056884765625 0.524169921875 0.05615234375 0.5283203125 0.052490234375 0.53125 0.047607421875 0.53173828125 0.039794921875 0.52783203125 0.030517578125 0.517822265625 0.0234375 0.5107421875 0.036376953125 0.5078125 0.051513671875 0.512939453125 0.056640625
0 0.56982421875 0.073486328125 0.57470703125 0.071044921875 0.57763671875 0.063720703125 0.573486328125 0.05078125 0.5673828125 0.053955078125 0.56201171875 0.063232421875 0.56298828125 0.070068359375
0 0.5771484375 0.109619140625 0.58056640625 0.106689453125 0.58154296875 0.101806640625 0.576416015625 0.0947265625 0.572509765625 0.09521484375 0.56884765625 0.097900390625 0.568359375 0.102783203125 0.572509765625 0.109375
0 0.62060546875 0.090087890625 0.627197265625 0.08740234375 0.62890625 0.082275390625 0.623291015625 0.076171875 0.615478515625 0.0732421875 0.61328125 0.076416015625 0.61279296875 0.086669921875 0.615966796875 0.08984375
0 0.6514194703030725 0.01857267761159763 0.643852823868718 0.01994843150875298 0.6417891930229849 0.014445415920131509 0.6452285777658733 0.011006031177243036 0.6500437164059172 0.010318154228665367
0 0.73258895023524 0.019948431508752987 0.7270859346466183 0.022012062354486092 0.7188314112636862 0.02201206235448608 0.7160799034693753 0.01857267761159766 0.7195192882122639 0.015133292868709167 0.7243344268523076 0.015133292868709167 0.7291495654923514 0.016509046765864552
0 0.75341796875 0.016357421875 0.75732421875 0.012939453125 0.75830078125 0.008056640625 0.755615234375 0.0048828125 0.749267578125 0.0048828125 0.74462890625 0.013427734375
0 0.7497858739496822 0.03370597048030681 0.7442828583610607 0.032330216583151425 0.7408434736181723 0.02751507794310762 0.7401555966695945 0.020636308457330672 0.7408434736181723 0.016509046765864555 0.7463464892067937 0.01582116981728686 0.7511616278468376 0.019260554560175322 0.754601012589726 0.02613932404595222
0 0.832331107779005 0.030266585737418347 0.8282038460875388 0.02751507794310761 0.821325076601762 0.024763570148796828 0.8165099379617181 0.022699939303063757 0.8185735688074514 0.016509046765864552 0.8247644613446505 0.017196923714442272 0.8302674769332721 0.019948431508753015 0.8357704925218934 0.022699939303063785
0 0.8681007091050449 0.06878769485776899 0.8625976935164235 0.06603618706345823 0.8605340626706903 0.06328467926914746 0.861221939619268 0.05778166368052598 0.8646613243621565 0.055030155886215196 0.8687885860536226 0.05915741757768132
0 0.94995806598579 0.04402412470897214 0.945830804294324 0.041272616914661414 0.9410156656542801 0.040584739966083735 0.9382641578599693 0.03783323217177296 0.9430792965000131 0.03233021658315143 0.9472065581914793 0.033018093531729145 0.94995806598579 0.03714535522319527
0 0.9816004056203638 0.1871025300131317 0.9816004056203638 0.17884800663019937 0.982976159517519 0.17128136019584483 0.9857276673118298 0.16302683681291252 0.9919185598490289 0.15889957512144637 0.9974215754376508 0.15614806732713563 1 0.15614806732713565 1 0.17128136019584483 0.9946700676433398 0.1740328679901556 0.9905428059518737 0.1795358835787771 0.9864155442604077 0.18572677611597632
0 0.8784188633337102 0.19742068424179704 0.8791067402822881 0.19191766865317553 0.8818582480765987 0.18641465306455396 0.8852976328194871 0.18228739137308786 0.8873612636652202 0.1795358835787771 0.8873612636652202 0.17609649883588868 0.8928642792538417 0.1815995144245102 0.8914885253566863 0.19191766865317558 0.8866733867166425 0.195357053396064
0 0.9258823727855708 0.18572677611597632 0.9251944958369932 0.17953588357877714 0.9231308649912602 0.17816012968162168 0.9203793571969494 0.17403286799015563 0.9183157263512164 0.16921772935011176 0.9169399724540609 0.1609632059671795 0.9190036032997939 0.15683594427571335 0.9251944958369932 0.15614806732713565 0.9293217575284592 0.1637147137614902 0.9286338805798816 0.16852985240153404 0.9306975114256147 0.17472074493873327 0.9300096344770371 0.17884800663019937
0 0.8942400331509971 0.12244209684682882 0.8942400331509971 0.11349969651531885 0.8990551717910409 0.11074818872100811 0.903182433482507 0.10662092702954193 0.9038703104310849 0.10455729618380888 0.9079975721225509 0.09836640364660965 0.9100612029682841 0.10799668092669731 0.9066218182253957 0.11487545041247421 0.9011188026367741 0.11831483515536267
0 0.8784188633337102 0.15408443648140258 0.8729158477450886 0.1520208056356695 0.8736037246936663 0.14651779004704793 0.8777309863851325 0.14101477445842653 0.8818582480765987 0.14514203614989266 0.8818582480765987 0.15064505173851414
0 0.8591583087735349 0.1520208056356695 0.8509037853906026 0.14926929784135873 0.846088646750559 0.14582991309847032 0.8419613850590928 0.14239052835558186 0.8454007698019812 0.13963902056127106 0.8509037853906027 0.1389511436126934 0.8550310470820689 0.14032689750984878 0.861221939619268 0.14239052835558186
0 0.73258895023524 0.09561489585229892 0.725710180749463 0.09148763416083278 0.7243344268523075 0.08667249552078893 0.72364654990373 0.07910584908643437 0.7284616885437738 0.0756664643435459 0.7374040888752836 0.07704221824070129 0.739467719721017 0.08460886467505588 0.7360283349781285 0.09217551110941047
0 0.7511616278468376 0.07360283349781281 0.7511616278468376 0.06809981790919134 0.7559767664868815 0.06328467926914746 0.7621676590240806 0.06741194096061362 0.7607919051269252 0.07291495654923516
0 0.7566646434354591 0.1520208056356695 0.7546010125897261 0.1451420361498926 0.7594161512297698 0.13826326666411567 0.7635434129212361 0.1327602510754942 0.7690464285098575 0.1306966202297612 0.7738615671499013 0.1306966202297612 0.7752373210470567 0.13963902056127114 0.7690464285098575 0.1485814208927811 0.7642312898698137 0.15202080563566955
0 0.7779888288413674 0.14239052835558186 0.7766130749442121 0.137575389715538 0.7793645827385229 0.13207237412691647 0.7814282135842558 0.12725723548687262 0.785555475275722 0.12381785074398421 0.790370613915766 0.12175421989825111 0.7889948600186105 0.12932086633260576 0.7855554752757221 0.13619963581838263
0 0.8447265625 0.073974609375 0.8525390625 0.070068359375 0.85302734375 0.062255859375 0.850830078125 0.0595703125 0.834228515625 0.0595703125 0.82861328125 0.062744140625 0.828125 0.067138671875 0.830322265625 0.06982421875
0 0.9396399117571247 0.10043003449234274 0.9327611422713478 0.09561489585229893 0.9313853883741924 0.08942400331509967 0.9327611422713478 0.08529674162363357 0.9382641578599693 0.08116947993216739 0.9451429273457462 0.08392098772647819 0.9506459429343677 0.0894240033150997 0.9472065581914793 0.09561489585229893
0 0.9561489585229892 0.08048160298358974 0.9513338198829455 0.07566646434354586 0.9533974507286785 0.07153920265207975 0.9589004663173001 0.06741194096061359 0.9616519741116109 0.0736028334978128
0 0.0206363084573307 0.41410192304376936 0.024075693200219142 0.40791103050657024 0.028202954891685287 0.40653527660941485 0.03370597048030681 0.4085989074551479 0.03783323217177295 0.4134140460951917 0.036457478274617566 0.4189170616838133 0.03301809353172912 0.4244200772724348 0.02682720099452991 0.4237322003238571 0.024075693200219146 0.41891706168381326
0 0.0969906497494543 0.14514203614989263 0.09079975721225508 0.14651779004704796 0.07979372603501204 0.1451420361498926 0.07635434129212358 0.14307840530415955 0.07153920265207976 0.1382632666641157 0.07497858739496821 0.1293208663326058 0.08048160298358974 0.1272572354868726 0.08804824941794433 0.13276025107549416 0.09423914195514353 0.13688751276696032 0.09630277280087661 0.1389511436126934
0 0.09905428059518737 0.09423914195514353 0.09423914195514355 0.09148763416083278 0.09217551110941048 0.0894240033150997 0.09286338805798817 0.08392098772647816 0.097678526698032 0.07979372603501209 0.10180578838949816 0.07773009518927898 0.10593305008096428 0.07910584908643437 0.10662092702954197 0.08460886467505588 0.10249366533807584 0.0894240033150997
0 0.43313387672250314 0.24193321911226384 0.4339365441979564 0.22754496464856627 0.4361283711786298 0.21731647122304024 0.4419733575836633 0.2180470743925867 0.4448958262597719 0.2282755678181127 0.44343459192171764 0.24069584622633983 0.43905083985473853 0.2450794897695564
0 0.8131568279568022 0.39378171336867507 0.8065523795637662 0.3977760181975808 0.8021687256024193 0.39850659684118916 0.8007074422115489 0.39193114378933336 0.8065523795637664 0.38754752477205484 0.8123973169159837 0.3868169461284465
0 0.9111754327149089 0.03786169773063182 0.9117615462205749 0.028820295514973664 0.9132228296114452 0.021514239293571425 0.9176065816784245 0.018591814352416722 0.9249127043158801 0.019322423653447662 0.9263739877067505 0.025897870573818968 0.9219902356397713 0.033934536096252146
0 0.8131568279568022 0 0.8080136629546366 0.009093948622375236 0.7985155661780595 0.011285764262499005 0.791940036183223 0.005440920511674111 0.7904787527923524 0
0 0.122206007530804 0.6621277296736557 0.11100274990521816 0.663622455721292 0.10808028122910951 0.6614306462126527 0.10808028122910951 0.653393986821704 0.11757835347927878 0.653393986821704 0.1219620564934418 0.6548552176867349 0.12488452516955048 0.6570470271953741
0 0.733013602072592 0.1430239922048303 0.7235016220502496 0.13789407062021997 0.7261710651926031 0.12882477452640145 0.7341793946196646 0.1261573013147158 0.7400522985745676 0.12829126913873934 0.7405862087099924 0.13629360818385866
0 0.3173756188059179 0.37549947437093617 0.30866608216066815 0.3801977324518639 0.3027932319731505 0.3753963182794673 0.31133552530302194 0.36739397923434797 0.31934396226485384 0.36846093628304716
0 0.20113787772286496 0.7541527218384572 0.1917433111500507 0.7580075720729363 0.18640437109795782 0.7585410774605985 0.18800604773684715 0.7446703403310708 0.19708230496952875 0.7457373511063952
0 0.3490768209194778 0.5304831291483401 0.35671648886211843 0.5261567579945994 0.3588520756364326 0.5186879243371422 0.3551148122232291 0.5165539565131188 0.34764033916420733 0.5218888760731775
0 0.3342929621502826 0.5053506925952767 0.3284201119627649 0.49361392328977244 0.3316235190079288 0.48241065937193045 0.33642854892459684 0.48081019693556915 0.34283525548015403 0.4872120466810145 0.3401658123378003 0.4984153374621691
0 0.2715849935307758 0.6907503176113373 0.26969182515712903 0.6795846709214171 0.27716635198353595 0.6689148855279247 0.2841069686745182 0.6747832567490205 0.2798357951258898 0.6854530421425129