0 0.26171875 0.999755859375 0.25927734375 0.989990234375 0.252197265625 0.98681640625 0.240478515625 0.990234375 0.23583984375 0.999267578125
0 0.2820232607439165 0.9795541013738878 0.275499591011406 0.9795541013738878 0.2734923080167873 0.9780486391279238 0.2734923080167873 0.9730304316413771 0.2760014117600606 0.9685140449034852 0.2810196192466071 0.9720267901440679 0.28352872298988047 0.9750377146359959
0 0.23184118587845093 0.9539612431925003 0.22180477090535788 0.9559685261871189 0.21728838416746593 0.9549648846898096 0.21427745967553796 0.9509503187005723 0.21377563892688334 0.9469357527113351 0.21779020491612056 0.9449284697167165 0.22280841240266713 0.9454302904653712 0.23083754438114162 0.9469357527113351
0 0.1595789980721805 0.9539612431925003 0.16459720555872706 0.9484412149572992 0.16810995079930965 0.9489430357059537 0.16810995079930963 0.9559685261871189 0.16359356406141773 0.9584776299303922 0.15957899807218048 0.958979450679047
0 0.1856736770022226 0.9208410737812931 0.17764454502374807 0.9178301492893651 0.17563726202912947 0.9138155833001279 0.1796518280183667 0.9103028380595453 0.1841682147562586 0.9113064795568546 0.18818278074549585 0.9153210455460918 0.18918642224280516 0.9198374322839837
0 0.055702103100666776 0.8791899516429567 0.052691178608738856 0.8867172628727764 0.04767297112219229 0.8872190836214311 0.045163867378919004 0.8872190836214311 0.04215294288699108 0.8837063383808486 0.045665688127573656 0.8791899516429567 0.04917843336815625 0.8776844893969926
0 0.014050980962330352 0.9328847717490047 0.008530952727129153 0.9333865924976594 0.010036414973093115 0.9278665642624582 0.014552801710985016 0.9228483567759116 0.018567367700222263 0.923851998273221 0.018567367700222263 0.9283683850111129
0 0.012043697967711736 0.9414157244761339 0.005520028235201211 0.9414157244761339 0.005018207486546562 0.9358956962409326 0.009032773475783802 0.9338884132463141 0.013047339465021051 0.9338884132463141 0.014050980962330359 0.936899337738242
0 0.03663291465178987 0.9845723088604343 0.027600141176006066 0.9850741296090889 0.02308375443811416 0.9850741296090889 0.01806554695156761 0.982063205117161 0.016058263956948992 0.9780486391279237 0.018567367700222263 0.9725286108927227 0.025091037432732784 0.9700195071494493 0.034625631657171245 0.9700195071494493 0.03663291465178987 0.972026790144068 0.03813837689775384 0.9765431768819599
0 0.0928368385011113 0.9890886955983262 0.0873168102659101 0.9890886955983261 0.0873168102659101 0.9845723088604342 0.0893240932605287 0.980557742871197 0.09233501775245664 0.9795541013738878 0.09634958374169389 0.9795541013738878 0.09634958374169389 0.9845723088604343
0 0.11692423443653477 0.996616006828146 0.11391330994460683 0.9946087238335275 0.11391330994460684 0.9905941578442901 0.11391330994460684 0.9855759503577437 0.1154187721905708 0.9830668466144703 0.11842969668249875 0.9820632051171609 0.120938800425772 0.9830668466144703 0.12294608342039066 0.9845723088604342 0.12294608342039065 0.9885868748496716 0.122444262671736 0.9926014408389088 0.12144062117442667 0.996616006828146
0 0.13097521539886514 0.9639976581655934 0.1279642909069372 0.9609867336736655 0.12696064940962787 0.9564703469357736 0.1299715739015558 0.9479393942086445 0.13749888513137562 0.9464339319626804 0.13649524363406634 0.9549648846898096 0.13649524363406634 0.9599830921763561
0 0.12746247015828255 0.9404120829788246 0.11943333817980803 0.9409139037274793 0.11842969668249875 0.9363975169895873 0.12043697967711736 0.9308774887543861 0.12645882866097324 0.9298738472570769 0.13097521539886514 0.9303756680057316 0.1309752153988651 0.9374011584868966
0 0.08029131978474491 0.9158228662947465 0.07426947080088904 0.9163246870434011 0.07276400855492507 0.9153210455460918 0.07276400855492507 0.9103028380595453 0.07728039529281697 0.9082955550649267 0.08129496128205421 0.9082955550649267
0 0.28503418523584445 0.9123101210541639 0.2800159777492979 0.9123101210541639 0.27800869475467926 0.909299196562236 0.27901233625198857 0.9047828098243441 0.2840305437385351 0.9037791683270348 0.2865396474818084 0.906288272070308
0 0.3291944111174541 0.9559685261871189 0.32618348662552615 0.951452139449227 0.32718712812283546 0.9454302904653712 0.33069987336341805 0.9439248282194073 0.33320897710669134 0.9444266489680619 0.33571808084996463 0.9469357527113351 0.33521626010131 0.951452139449227
0 0.36532550502058936 0.9624921959196295 0.3603072975340428 0.9604849129250108 0.3577981937907695 0.9564703469357736 0.35679455229346013 0.9524557809465363 0.3593036560367334 0.9474375734599898 0.36783460876386254 0.9459321112140258 0.37184917475309986 0.9499466772032631 0.3718491747530998 0.9559685261871189 0.3703437125071358 0.9609867336736655
0 0.37536191999368246 0.9730304316413771 0.36833642951251727 0.972026790144068 0.3678346087638626 0.9685140449034852 0.3678346087638626 0.9660049411602121 0.37235099550175454 0.9624921959196295 0.37636556149099176 0.9584776299303923 0.3793764859829196 0.958979450679047 0.3808819482288836 0.9614885544223202 0.3803801274802289 0.9670085826575214 0.3783728444856103 0.9710231486467586
0 0.37837284448561037 0.9584776299303922 0.37536191999368235 0.9569721676844282 0.3723509955017545 0.9549648846898097 0.3728528162504091 0.9484412149572992 0.3753619199936824 0.9444266489680619 0.3823874104748476 0.9439248282194073 0.3859001557154301 0.9474375734599898 0.3833910519721569 0.9554667054384642
0 0.47472242822730426 1 0.4586641642703553 1 0.4576605227730459 0.9936050823362181 0.46016962651631915 0.9900923370956356 0.4656896547515204 0.9885868748496716 0.4727151452326856 0.9915977993415994 0.4757260697246135 0.9941069030848728
0 0.47321696598134033 0.9629940166682841 0.46870057924344843 0.9594812714277015 0.46669329624882977 0.9559685261871189 0.46568965475152035 0.9509503187005723 0.46568965475152035 0.9459321112140259 0.46819875849479364 0.9424193659734432 0.4717115037353762 0.9419175452247887 0.4757260697246136 0.9424193659734432 0.47873699421654137 0.9434230074707526 0.48174791870846945 0.9459321112140259 0.48174791870846945 0.9524557809465364 0.4802424564625055 0.9584776299303923 0.47974063571385084 0.9594812714277016
0 0.5309263520766258 0.9434230074707526 0.5249045030927697 0.9399102622301699 0.5213917578521872 0.9368993377382421 0.5208899371035325 0.9313793095030408 0.5294208898306616 0.9298738472570768 0.533435455819899 0.9328847717490047 0.5354427388145175 0.9379029792355513
0 0.5098498806331302 0.9825650258658156 0.502824390151965 0.9825650258658156 0.49931164491138236 0.9775468183792692 0.498308003414073 0.972026790144068 0.498308003414073 0.9660049411602121 0.5018207486546555 0.9624921959196295 0.5058353146438929 0.9609867336736655 0.5103517013817848 0.9599830921763561 0.5148680881196765 0.9599830921763561 0.5168753711142953 0.9604849129250108 0.518882654108914 0.9629940166682841 0.5208899371035325 0.9685140449034852 0.5213917578521872 0.9720267901440679 0.5198862956062231 0.9760413561333052 0.5153699088683312 0.9810595636198517
0 0.5264099653387337 0.970521327898104 0.5309263520766258 0.970521327898104 0.5339372765685535 0.9690158656521399 0.5369482010604816 0.9655031204115574 0.5384536633064454 0.9604849129250108 0.5359445595631721 0.9579758091817375 0.5324318143225896 0.9574739884330828 0.5279154275846977 0.9594812714277015 0.5254063238414244 0.9609867336736655 0.5233990408468059 0.9670085826575213
0 0.5565192102580131 1 0.5535082857660852 0.99812146907411 0.5525046442687758 0.9926014408389088 0.5565192102580131 0.9895905163469809 0.5610355969959051 0.9890886955983262 0.5645483422364876 0.9905941578442902 0.5655519837337969 0.9926014408389088 0.5640465214878329 0.9971178275768007
0 0.5645483422364876 0.9695176864007946 0.5600319554985956 0.970521327898104 0.556519210258013 0.9675104034061759 0.5550137480120492 0.9634958374169388 0.5605337762472504 0.9569721676844283 0.5665556252311061 0.9564703469357736 0.5700683704716888 0.9599830921763561 0.5700683704716888 0.9655031204115574
0 0.578599323198818 0.9800559221225424 0.5745847572095807 0.9780486391279238 0.5785993231988179 0.9715249693954133 0.5806066061934366 0.9660049411602121 0.5851229929313285 0.9675104034061761 0.584119351434019 0.9745358938873412
0 0.5821120684394006 0.9956123653308367 0.5755883987068899 0.9946087238335275 0.5715738327176528 0.9915977993415994 0.5690647289743794 0.9875832333523622 0.5700683704716888 0.9805577428711971 0.5775956817015085 0.9795541013738878 0.5821120684394004 0.9820632051171609 0.5831157099367098 0.9830668466144703 0.5856248136799832 0.9860777711063982 0.5846211721826738 0.9915977993415994
0 0.6026867191342414 0.9885868748496716 0.5961630494017309 0.9875832333523622 0.5896393796692203 0.9815613843685063 0.5926503041611483 0.9765431768819597 0.6006794361396227 0.9770449976306144 0.6016830776369321 0.9820632051171609 0.6056976436261694 0.9850741296090889
0 0.30209609069010274 0.872666281910446 0.29757970395221084 0.8706589989158275 0.29757970395221084 0.867146253675245 0.30209609069010274 0.8626298669373531 0.30510701518203065 0.8641353291833169 0.3061106566793399 0.8666444329265902
0 0.31564525090377843 0.8440624992371307 0.3126343264118505 0.8380406502532749 0.31564525090377843 0.830513339023455 0.3231725621335982 0.8264987730342178 0.3266853073741807 0.8300115182748004 0.3231725621335982 0.8385424710019296 0.32066345839032495 0.8420552162425121
0 0.5384536633064455 0.9905941578442902 0.5364463803118269 0.983568667363125 0.5384536633064455 0.9755395353846504 0.5439736915416468 0.9735322523900318 0.5474864367822293 0.9785504598765784 0.5454791537876107 0.9855759503577436 0.5424682292956828 0.9910959785929448
0 0.6784616521810944 0.9956123653308369 0.6709343409512746 0.9946087238335275 0.6689270579566559 0.9910959785929448 0.6694288787053105 0.9845723088604343 0.6734434446945478 0.9825650258658157 0.678963472929749 0.983568667363125 0.6824762181703317 0.9860777711063984 0.6839816804162956 0.9910959785929448 0.6824762181703317 0.9946087238335275
0 0.01123046875 0.821044921875 0.015625 0.818115234375 0.0185546875 0.808837890625 0.021484375 0.792236328125 0.020751953125 0.7802734375 0.008056640625 0.78173828125 0.0009765625 0.788330078125 0.00146484375 0.814697265625 0.004638671875 0.81982421875
0 0.034625631657171245 0.7893640376337734 0.024087395935423472 0.7908694998797373 0.020072829946186234 0.788360396136464 0.018065546951567615 0.7823385471526081 0.020574650694840886 0.7778221604147162 0.025592858181387436 0.7768185189174068 0.03412381090851659 0.7783239811633708 0.03663291465178986 0.7818367264039534
0 0.09384047999842063 0.8285060560288364 0.08832045176321941 0.8285060560288364 0.08581134801994614 0.8259969522855631 0.08581134801994614 0.8199751033017073 0.08781863101456475 0.8134514335691968 0.09384047999842063 0.8134514335691967 0.09685140449034857 0.814455075066506 0.09835686673631251 0.818971461804398 0.09835686673631253 0.8234878485422898
0 0.20072829946186227 0.8375388295046203 0.19872101646724363 0.832018801269419 0.2002264787132076 0.8270005937828724 0.20424104470244484 0.8244914900395992 0.20875743144033676 0.8259969522855631 0.20875743144033676 0.8310151597721097 0.2072519691943728 0.8350297257613469
0 0.2820232607439165 0.8375388295046203 0.27700505325736996 0.8345279050126923 0.27499777026275124 0.8285060560288364 0.2800159777492978 0.8270005937828724 0.28453236448718977 0.8270005937828724 0.287041468230463 0.8295096975261458 0.2860378267331537 0.833524263515383
0 0.4350785890835865 0.85259345196426 0.42704945710511194 0.8546007349588786 0.42554399485914796 0.8490807067236772 0.42855491935107587 0.8445643199857854 0.4340749475862771 0.8405497539965481 0.43909315507282365 0.8440624992371306 0.4405986173187876 0.8455679614830947 0.4400967965701329 0.8500843482209866 0.43859133432416897 0.8515898104669505
0 0.4983080034140731 0.8320188012694191 0.4952970789221452 0.8285060560288364 0.4968025411681092 0.8229860277936352 0.5018207486546556 0.8239896692909445 0.505835314643893 0.8264987730342177 0.5043298523979289 0.832018801269419
0 0.5856248136799832 0.9037791683270349 0.5796029646961272 0.9057864513216534 0.5725774742149621 0.904782809824344 0.5730792949636166 0.9002664230864521 0.5775956817015085 0.8977573193431789 0.5821120684394004 0.8977573193431789 0.5856248136799831 0.8987609608404883
0 0.580104785444782 0.8917354703593231 0.5755883987068899 0.891735470359323 0.5745847572095808 0.8877209043700858 0.5745847572095808 0.8842081591295032 0.5765920402041994 0.8811972346375752 0.5796029646961273 0.8791899516429567 0.5856248136799832 0.8801935931402659 0.5881339174232565 0.8827026968835392 0.5856248136799832 0.8877209043700858
0 0.6563815392402896 0.9494448564546085 0.6468469450158512 0.9509503187005723 0.6438360205239232 0.9469357527113351 0.6443378412725779 0.9414157244761339 0.6483524072618151 0.938404799984206 0.6533706147483617 0.936899337738242 0.6588906429835628 0.9399102622301699 0.6593924637322175 0.9449284697167165
0 0.6453414827698872 0.8164623580611248 0.6373123507914126 0.8129496128205421 0.6277777565669742 0.807429584585341 0.6277777565669742 0.8004040941041757 0.6322941433048661 0.7928767828743559 0.6348032470481394 0.7868549338905 0.6438360205239232 0.7848476508958814 0.648352407261815 0.7833421886499174 0.654374256245671 0.7878585753878092 0.6548760769943257 0.7948840658689744 0.6533706147483617 0.8034150185961035 0.6508615110050884 0.8114441505745781
0 0.19269916748338778 0.7718003114308604 0.1841682147562586 0.7672839246929684 0.1841682147562586 0.7597566134631486 0.18968824299145984 0.7577493304685301 0.19571009197531572 0.7642730002010405
0 0.15456079058563396 0.7562438682225661 0.151549866093706 0.7502220192387101 0.15656807358025254 0.7431965287575449 0.1605826395694898 0.7431965287575449 0.16108446031814447 0.7502220192387101 0.15907717732352586 0.7557420474739114
0 0.4325694853403132 0.741691066511581 0.42805309860242124 0.7396837835169624 0.425543994859148 0.7366728590250344 0.4295585608483853 0.7316546515384879 0.4355804098322411 0.7341637552817611 0.43608223058089574 0.7371746797736891
0 0.547988257530884 0.6839816804162957 0.5419664085470282 0.6864907841595689 0.5389554840551001 0.6854871426622595 0.5389554840551001 0.6809707559243676 0.541966408547028 0.6774580106837851 0.5459809745362653 0.6764543691864757 0.5499955405255026 0.6779598314324398 0.550999182022812 0.6799671144270584
0 0.24438670459481732 0.7346655760304159 0.2328448273757602 0.7331601137844518 0.22983390288383232 0.72864372704656 0.23334664812441488 0.7246291610573227 0.2398703178569254 0.7246291610573227 0.24488852534347197 0.727138264800596
0 0.19470645047800642 0.7261346233032867 0.19169552598607847 0.7211164158167401 0.19169552598607847 0.7166000290788482 0.19621191272397034 0.7155963875815389 0.2002264787132076 0.7150945668328843 0.20123012021051687 0.7186073120734668 0.19922283721589826 0.7221200573140494
0 0.13197885689617445 0.6864907841595689 0.12746247015828252 0.6849853219136048 0.12746247015828252 0.6804689351757129 0.13197885689617442 0.675952548437821 0.136997064382721 0.6764543691864757 0.14000798887464894 0.6794652936784037 0.13800070588003033 0.6844835011649503
0 0.10437871572016838 0.6895017086514968 0.10186961197689512 0.6829780389189863 0.10337507422285906 0.6774580106837851 0.10839328170940563 0.67043252020262 0.11441513069326151 0.6694288787053105 0.11842969668249874 0.6744470861918571 0.11391330994460686 0.6834798596676409 0.11140420620133357 0.6884980671541875
0 0.30711429817664926 0.6508615110050884 0.30109244919279343 0.6478505865131604 0.3010924491927934 0.6428323790266138 0.3041033736847213 0.6368105300427579 0.31062704341723185 0.6438360205239231 0.31213250566319584 0.649857869507779
0 0.6719379824485839 0.7135891045869203 0.6664179542133828 0.7120836423409563 0.6659161334647281 0.7055599726084458 0.6694288787053106 0.7015454066192086 0.6759525484378212 0.702549048116518 0.6769561899351305 0.7060617933571005 0.6769561899351304 0.7105781800949924
0 0.6910071708974609 0.7482147362440916 0.6839816804162956 0.7436983495061996 0.683479859667641 0.7366728590250344 0.6879962464055329 0.7306510100411787 0.6970290198813166 0.7261346233032867 0.7045563311111366 0.7261346233032867 0.7105781800949923 0.7291455477952147 0.7100763593463377 0.7356692175277252 0.7050581518597911 0.741691066511581 0.6975308406299713 0.7457056325008182
0 0.6568833599889443 0.683479859667641 0.6543742562456709 0.6794652936784037 0.6518651525023977 0.675952548437821 0.6503596902564337 0.6699306994539653 0.6538724354970162 0.6639088504701094 0.6598942844808722 0.6608979259781814 0.6629052089728001 0.6598942844808721 0.665916133464728 0.6649124919674186 0.6639088504701094 0.6724398031972385 0.6629052089728 0.6779598314324398 0.6624033882241454 0.681974397421677
0 0.6769561899351305 0.681974397421677 0.6694288787053105 0.6794652936784036 0.6664179542133827 0.6739452654432024 0.665916133464728 0.6709343409512745 0.6664179542133827 0.6654143127160733 0.6679234164593466 0.6629052089728 0.6694288787053105 0.6598942844808722 0.6744470861918571 0.6578870014862535 0.6824762181703318 0.6588906429835628 0.6879962464055328 0.661399746726836 0.6910071708974608 0.6669197749620372 0.6874944256568781 0.6754507276891664 0.6849853219136048 0.6779598314324398 0.681974397421677 0.6799671144270583
0 0.4988098241627278 0.6102140303640613 0.49278797517887185 0.6072031058721333 0.49529707892214514 0.6026867191342414 0.49931164491138236 0.6001776153909681 0.5033262109006198 0.6061994643748239
0 0.4697042207407577 0.6082067473694427 0.4636823717569018 0.6051958228775147 0.4606714472649738 0.6026867191342413 0.45816234352170054 0.5986721531450041 0.457660522773046 0.591646662663839 0.45916598501900996 0.5891375589205656 0.4621769095109379 0.5871302759259471 0.4676969377461391 0.5906430211665297 0.47472242822730415 0.6011812568882775
0 0.3678346087638626 0.6016830776369322 0.3638200427746253 0.5956612286530762 0.3663291465178986 0.5911448419151842 0.3703437125071358 0.5876320966746017 0.37536191999368246 0.5876320966746017 0.3748600992450278 0.5951594079044216 0.3738564577477185 0.5991739738936588
0 0.37335463699906385 0.5630428799905236 0.37285281625040917 0.5560173895093583 0.3783728444856103 0.5489918990281932 0.3833910519721569 0.5454791537876107 0.3909183632019767 0.5439736915416467 0.3914201839506314 0.5509991820228118 0.3869037972127395 0.558024672503977 0.3793764859829196 0.5635447007391783
0 0.004014565989237245 0.6122213133586799 0.01003641497309312 0.610715851112716 0.010036414973093117 0.6067012851234785 0.005520028235201212 0.6061994643748241 0.002509103743273282 0.6077049266207879
0 0.0351274524058259 0.5540101065147398 0.032618348662552615 0.5454791537876107 0.03813837689775383 0.5439736915416467 0.040647480641027106 0.5504973612741573 0.039142018395063136 0.5525046442687759
0 0.1189315174311534 0.5354427388145175 0.12896793240424648 0.531929993573935 0.12997157390155584 0.5239008615954605 0.12746247015828255 0.5193844748575686 0.1244515456663546 0.518882654108914 0.11842969668249875 0.5244026823441151 0.11642241368788012 0.5314281728252803
0 0.1731281582858562 0.5409627670497188 0.16911359229661893 0.5384536633064455 0.17112087529123757 0.5324318143225896 0.1751354412804748 0.5324318143225896 0.1756372620291295 0.537450021809136
0 0.2333466481244149 0.5379518425577908 0.2248156953972857 0.5394573048037548 0.22180477090535783 0.5394573048037548 0.22180477090535783 0.5309263520766256 0.22632115764324973 0.5269117860873884 0.2333466481244149 0.528919069082007 0.23786303486230687 0.5329336350712442
0 0.6061994643748241 0.5821120684394006 0.6011812568882775 0.5775956817015085 0.5991739738936588 0.571072011968998 0.6011812568882774 0.5655519837337968 0.606199464374824 0.5650501629851422 0.6122213133586799 0.5705701912203434 0.6127231341073346 0.577093860952854
0 0.5901412004178751 0.5961630494017309 0.5941557664071122 0.5941557664071122 0.5961630494017309 0.5911448419151843 0.5951594079044217 0.5866284551772925 0.5921484834124937 0.5881339174232563 0.5881339174232564 0.5931521249098028
0 0.5605337762472504 0.577093860952854 0.5570210310066677 0.5735811157122713 0.5520028235201212 0.5735811157122712 0.5434718707929921 0.5700683704716887 0.5439736915416468 0.5645483422364875 0.5499955405255026 0.5610355969959049 0.5600319554985957 0.5595301347499408 0.565551983733797 0.5635447007391782 0.5660538044824515 0.572577474214962
0 0.49780618266541843 0.5605337762472504 0.4942934374248359 0.5565192102580131 0.49529707892214514 0.550999182022812 0.4998134656600371 0.5494937197768479 0.5033262109006198 0.5545119272633945 0.5033262109006196 0.5590283140012864
0 0.4385913343241691 0.5228972200981512 0.43256948534031314 0.5193844748575686 0.43457676833493175 0.5133626258737126 0.43959497582147833 0.5108535221304394 0.4466204663026435 0.511355342879094 0.4466204663026435 0.5193844748575686 0.44461318330802485 0.5223953993494965
0 0.4370858720782051 0.4917843336815625 0.43106402309434916 0.4912825129329078 0.42955856084838523 0.4867661261950159 0.43006038159703985 0.4792388149651961 0.43558040983224106 0.4757260697246135 0.44009679657013295 0.4762278904732682 0.44461318330802485 0.4807442772111601 0.44461318330802485 0.4887734091896346
0 0.5570210310066678 0.5274136068360431 0.5525046442687758 0.5208899371035325 0.5535082857660851 0.5148680881196767 0.556519210258013 0.512860805125058 0.5620392384932144 0.512860805125058 0.5660538044824515 0.5153699088683313 0.5640465214878329 0.5208899371035325 0.5625410592418689 0.5254063238414244
0 0.54648279528492 0.5208899371035325 0.5419664085470282 0.518882654108914 0.5414645877983735 0.5148680881196765 0.5414645877983735 0.5108535221304393 0.544977333038956 0.5048316731465835 0.5484900782795387 0.5028243901519649 0.5540101065147399 0.5033262109006196 0.5560173895093585 0.5068389561412021 0.5515010027714666 0.5153699088683312
0 0.610715851112716 0.5108535221304394 0.6016830776369322 0.5063371353925474 0.5966648701503856 0.4988098241627277 0.5991739738936589 0.49228615443021717 0.6067012851234788 0.4877697676923252 0.6137267756046438 0.4882715884409799 0.6182431623425357 0.49228615443021717 0.620752266085809 0.5018207486546555 0.6187449830911904 0.5093480598844754
0 0.5981703323963495 0.4496313907945715 0.5886357381719111 0.4451150040566796 0.5896393796692204 0.440096796570133 0.5926503041611484 0.43959497582147833 0.5981703323963495 0.44360954181071555 0.6011812568882775 0.44561682480533416
0 0.5474864367822293 0.4526423152864994 0.5399591255524095 0.4516386737891901 0.5389554840551001 0.44461318330802485 0.5439736915416467 0.44009679657013295 0.5499955405255026 0.44009679657013295 0.550999182022812 0.44561682480533416
0 0.5660538044824516 0.4290567400997306 0.5620392384932142 0.42554399485914796 0.5620392384932142 0.42253307036722 0.5640465214878329 0.41952214587529213 0.5690647289743794 0.41651122138336416 0.571072011968998 0.4215294288699107 0.5700683704716888 0.42604581560780264
0 0.5163735503656407 0.46217690951093787 0.5098498806331302 0.4611732680136285 0.5058353146438929 0.45916598501900985 0.505835314643893 0.4541477775324633 0.5063371353925475 0.4506350322918808 0.5133626258737127 0.4486277492972622 0.5173771918629501 0.4496313907945715 0.5198862956062231 0.4536459567838087 0.5203881163548779 0.4581623435217006
0 0.3537836278015323 0.43056220234569453 0.34826359956633096 0.4265476363564573 0.34976906181229495 0.4205257873726014 0.35328180705287754 0.41902032512663745 0.35779819379076944 0.42102760812125606 0.3583000145394241 0.42604581560780264
0 0.38690379721273954 0.41600940063470954 0.38489651421812093 0.4089839101535443 0.38489651421812093 0.40095477817506986 0.38740561796139417 0.39694021218583253 0.3909183632019767 0.39643839143717796 0.394932929191214 0.3994493159291059 0.394932929191214 0.4049693441643071 0.394932929191214 0.4114930138968176 0.39342746694525 0.41701304213201884 0.3914201839506314 0.4170130421320188
0 0.365827325769244 0.4049693441643071 0.3583000145394241 0.4059729856616164 0.3583000145394241 0.40145659892372454 0.3608091182826974 0.3979438536831419 0.362816401277316 0.3974420329344872 0.36733278801520797 0.4004529574264152
0 0.2855360059844991 0.37837284448561037 0.270983204273514 0.3808819482288836 0.26897592127889547 0.3738564577477185 0.27248866651947806 0.36883825026117184 0.28051779849795255 0.3703437125071358 0.2875432889791177 0.37235099550175443
0 0.22883026138652302 0.3768673822396464 0.227324799140559 0.3708455332557905 0.22883026138652302 0.3663291465178986 0.23133936512979625 0.3668309672665533 0.2323430066271056 0.37235099550175443
0 0.14151345112061292 0.4521404945378448 0.1364952436340663 0.4521404945378448 0.135491602136757 0.44662046630264346 0.14050980962330356 0.4451150040566796 0.1445243756125408 0.4486277492972621
0 0.5003152864086917 0.40547116491296176 0.49278797517887185 0.4059729856616164 0.4877697676923253 0.4024602404210338 0.486766126195016 0.3969402121858326 0.49027887143559856 0.3924238254479407 0.4917843336815626 0.38740561796139417 0.49479525817349046 0.3813837689775383 0.5008171071573464 0.38740561796139417 0.5008171071573464 0.39443110844255935 0.49931164491138236 0.4004529574264152
0 0.5458984375 0.378662109375 0.555908203125 0.375 0.56640625 0.364501953125 0.5673828125 0.361083984375 0.5654296875 0.353271484375 0.560791015625 0.34619140625 0.54638671875 0.359130859375 0.5380859375 0.372802734375 0.540771484375 0.3779296875
0 0.5891375589205657 0.3653255050205893 0.5836175306853646 0.36432186352328 0.5801047854447818 0.35830001453942406 0.5796029646961272 0.3547872692988415 0.5796029646961272 0.3502708825609496 0.5846211721826737 0.34475085432574837 0.5876320966746017 0.3452526750744031 0.5921484834124937 0.3492672410636403 0.597668511647695 0.3547872692988415 0.5966648701503856 0.3598054767853881 0.5951594079044217 0.3623145805286614
0 0.636810530042758 0.39995113667776055 0.6312905018075569 0.3954347499398686 0.632294143304866 0.3894129009560128 0.6388178130373766 0.3869037972127395 0.6418287375293046 0.38991472170466746 0.6428323790266138 0.3939292876939047
0 0.5489918990281933 0.3402344675878566 0.5379518425577908 0.33772536384458324 0.5344390973172083 0.33421261860400064 0.5344390973172083 0.3286925903687994 0.5364463803118269 0.3216670998876342 0.5389554840551002 0.31664889240108773 0.547988257530884 0.3151434301551237 0.5535082857660851 0.3166488924010876 0.5580246725039771 0.3226707413849435 0.5580246725039771 0.3301980526147633 0.5555155687607038 0.3367217223472739 0.5540101065147399 0.3377253638445832
0 0.5871302759259471 0.3301980526147634 0.5796029646961273 0.32768894887149014 0.5785993231988179 0.32417620363090754 0.5821120684394004 0.31564525090377843 0.5891375589205657 0.31664889240108773 0.5931521249098031 0.32216892063628894 0.5926503041611484 0.3246780243795622
0 0.6428323790266139 0.31564525090377843 0.638315992288722 0.3156452509037784 0.6348032470481394 0.3126343264118504 0.6348032470481394 0.3066124774279946 0.636810530042758 0.303099732187412 0.639821454534686 0.2990851661981747 0.6453414827698871 0.30460519443337597 0.6468469450158512 0.30761611892530394 0.6468469450158512 0.3131361471605051
0 0.6634070297214548 0.32267074138494356 0.6578870014862536 0.3201616376416703 0.6583888222349082 0.31363796790915976 0.6608979259781815 0.30912158117126787 0.6669197749620372 0.31263432641185046 0.6684252372080014 0.31715071314974236 0.6679234164593467 0.32116527913897963
0 0.1269606494096279 0.351274524058259 0.12294608342039065 0.34876542031498564 0.1244515456663546 0.34123810908516583 0.12746247015828255 0.33571808084996463 0.12946975315290116 0.3437472128284391 0.12946975315290116 0.348263599566331
0 0.29155785496835496 0.2910560342197003 0.28403054373853504 0.2950706002089375 0.27800869475467926 0.29406695871162825 0.275499591011406 0.29155785496835496 0.27449594951409667 0.28352872298988047 0.2800159777492979 0.27851051550333383 0.2855360059844991 0.27851051550333383 0.29155785496835496 0.2805177984979525 0.29406695871162825 0.2860378267331537
0 0.3392308260905472 0.2639577137923489 0.33621990159861925 0.2624522515463849 0.33471443935265527 0.2569322233111837 0.33872900534189254 0.25241583657329175 0.3432453920797845 0.25241583657329175 0.3452526750744031 0.25592858181387435 0.3427435713311298 0.2614486100490756
0 0.28352872298988047 0.25743404405983833 0.2795141570006432 0.25492494031656504 0.2800159777492979 0.24840127058405453 0.28453236448718977 0.24689580833809055 0.28804510972777236 0.2519140158246371 0.28804510972777236 0.25492494031656504
0 0.244888525343472 0.24940491208136387 0.243383063097508 0.24689580833809058 0.24137578010288938 0.24388488384616264 0.2413757801028894 0.2398703178569254 0.243383063097508 0.23685939336499745 0.2478994498353999 0.23685939336499745 0.24990673283001846 0.24237942160019865 0.24890309133270916 0.24689580833809055
0 0.10036414973093113 0.25392129881925574 0.09333865924976595 0.259441327054457 0.08932409326052866 0.2609467893004209 0.08430588577398215 0.259441327054457 0.08330224427667285 0.2554267610652197 0.08581134801994614 0.2519140158246371 0.08882227251187405 0.24739762908674523 0.09183319700380199 0.24589216684078125 0.09484412149572993 0.24589216684078125 0.09885868748496718 0.2499067328300185
0 0.055200282352012124 0.24689580833809058 0.05118571636277487 0.24388488384616264 0.050683895614120233 0.24037213860558004 0.049680254116810915 0.23485211037037884 0.050683895614120233 0.23133936512979625 0.056203923849321435 0.23033572363248692 0.05971666908990403 0.23685939336499745 0.061222131335867985 0.2443867045948173
0 0.019571009197531568 0.25843768555714763 0.015556443208294315 0.2524158365732918 0.015556443208294319 0.2448885253434719 0.016560084705603637 0.2388666763596161 0.020574650694840883 0.23435028962172416 0.024087395935423465 0.2353539311190335 0.025592858181387436 0.24037213860558004 0.02760014117600605 0.24689580833809055 0.026596499678696747 0.2519140158246371 0.024589216684078125 0.25592858181387435
0 0.023585575186768813 0.23184118587845093 0.019069188448876916 0.23033572363248692 0.01656008470560364 0.22632115764324967 0.0170619054542583 0.22230659165401243 0.021578292192150197 0.21829202566477515 0.02609467893004211 0.21879384641342983 0.029105603421970026 0.22180477090535775 0.026596499678696754 0.22732479914055898
0 0.10086597047958579 0.212771997429574 0.09835686673631253 0.20725196919437278 0.09835686673631254 0.20223376170782623 0.09785504598765786 0.19721555422127965 0.10337507422285908 0.19269916748338775 0.10889510245806025 0.1987210164672436 0.10688781946344164 0.2067501484457181 0.10538235721747766 0.21126653518361002
0 0.08079314053339956 0.20072829946186224 0.09082955550649269 0.19771737496993433 0.09484412149572993 0.1947064504780064 0.09735322523900317 0.18918642224280516 0.09735322523900317 0.18517185625356794 0.09534594224438456 0.1796518280183667 0.09333865924976595 0.1751354412804748 0.08982591400918336 0.17112087529123757 0.08480770652263678 0.17212451678854687 0.0767785745441623 0.18065546951567601 0.07527311229819834 0.1876809599968412 0.07828403679012627 0.196713733472625
0 0.06523669732510523 0.19520827122666107 0.061222131335867985 0.19219734673473313 0.06021848983855865 0.18617549775087722 0.06072031058721332 0.18015364876702136 0.0677458010683785 0.18065546951567604 0.07075672556030645 0.18316457325894933 0.07176036705761575 0.18918642224280519 0.06975308406299713 0.19219734673473313 0.06925126331434248 0.19320098823204243
0 0.018567367700222263 0.17463362053182016 0.014552801710985021 0.17312815828585618 0.015556443208294322 0.16710630930200032 0.018567367700222263 0.16359356406141773 0.022080112940804857 0.16409538481007238 0.022080112940804857 0.16961541304527358
0 0.08781863101456475 0.16158628106679912 0.08330224427667285 0.1585753565748712 0.08029131978474488 0.15556443208294324 0.0792876782874356 0.15255350759101532 0.07878585753878095 0.14954258309908736 0.0792876782874356 0.14753530010446878 0.0838040650253275 0.14753530010446878 0.0883204517632194 0.14954258309908738 0.09082955550649266 0.15255350759101532 0.09082955550649266 0.15606625283159792
0 0.5148680881196767 0.2770050532573699 0.5223953993494964 0.272488666519478 0.524402682344115 0.27098320427351397 0.5269117860873883 0.26445953454100346 0.5249045030927697 0.25994314780311156 0.5223953993494964 0.256430402562529 0.5193844748575686 0.25743404405983833 0.512860805125058 0.2639577137923489 0.511355342879094 0.2664668175356221 0.5098498806331301 0.272488666519478 0.5098498806331301 0.273994128765442
0 0.4757260697246136 0.24840127058405453 0.46669329624882977 0.24789944983539988 0.4692023999921031 0.24137578010288938 0.47522424897595894 0.24087395935423472 0.4797406357138507 0.2448885253434719
0 0.40045295742641523 0.22581933689459505 0.3894129009560128 0.22130295015670315 0.3859001557154302 0.2182920256647752 0.3914201839506314 0.21076471443495537 0.39342746694525 0.20725196919437278 0.3969402121858326 0.20323740320513553 0.3999511366777605 0.20072829946186227 0.4044675234156525 0.2002264787132076 0.4049693441643071 0.20323740320513553 0.40446752341565245 0.20725196919437278 0.40195841967237916 0.21227017668091933 0.4014565989237245 0.21779020491612056 0.40296206116968847 0.22029930865939382
0 0.37736920298830107 0.169113592296619 0.3723509955017545 0.16810995079930963 0.3723509955017545 0.16359356406141773 0.3738564577477184 0.16058263956948982 0.378874665234265 0.16158628106679912 0.3808819482288836 0.16560084705603637
0 0.21728838416746593 0.20574650694840885 0.21227017668091935 0.19821919571858898 0.21377563892688328 0.1901900637401145 0.22130295015670312 0.19169552598607845 0.22080112940804852 0.20022647871320756
0 0.2504085535786732 0.19821919571858898 0.24438670459481732 0.19621191272397037 0.2423794216001987 0.19069188448876911 0.2443867045948173 0.18717913924818658 0.24940491208136387 0.18768095999684123 0.25341947807060106 0.19320098823204243
0 0.2644595345410035 0.18065546951567604 0.25693222331118365 0.1851718562535679 0.24890309133270921 0.18617549775087722 0.23936849710827074 0.18617549775087722 0.2484012705840546 0.17413179978316548 0.2564304025625291 0.17162269603989225 0.2649613552896582 0.1746336205318202
0 0.3171507131497424 0.14301891336657688 0.31112886416588653 0.14000798887464894 0.31213250566319584 0.13398613989079305 0.3171507131497424 0.1334843191421384 0.31965981689301565 0.13699706438272097 0.320663458390325 0.14151345112061287
0 0.33923082609054717 0.13950616812599426 0.33672172234727393 0.13398613989079303 0.3402344675878565 0.1289679324042465 0.34424903357709374 0.1324806776448291 0.3447508543257485 0.13850252662868495
0 0.21578292192150195 0.1279642909069372 0.21176835593226473 0.12796429090693717 0.20675014844571815 0.12595700791231856 0.20424104470244484 0.1234479041690453 0.2057465069484088 0.11792787593384406 0.2107647144349553 0.11642241368788013 0.2147792804241926 0.1169242344365348 0.21628474267015657 0.1214406211744267
0 0.055200282352012124 0.07728039529281698 0.06473487657645058 0.06874944256568785 0.06624033882241455 0.06624033882241456 0.06874944256568782 0.058713027592594724 0.06925126331434249 0.050683895614120233 0.06824762181703317 0.04717115037353763 0.06322941433048662 0.04516386737891903 0.056203923849321435 0.049680254116810894 0.05218935786008419 0.054698461603357444 0.0496802541168109 0.059716669089903994 0.04968025411681091 0.06674215957106919 0.05118571636277488 0.07176036705761574
0 0.08129496128205421 0.033621990159861934 0.07627675379550765 0.0316147071652433 0.07527311229819834 0.026094678930042088 0.07627675379550765 0.021076471443495566 0.07928767828743559 0.018065546951567625 0.08380406502532749 0.01806554695156763 0.08581134801994612 0.025091037432732815 0.08581134801994612 0.027600141176006076 0.08530952727129147 0.03111288641658867
0 0.28352872298988047 0.041651122138336424 0.273994128765442 0.0431565843843004 0.2689759212788954 0.040647480641027134 0.2689759212788954 0.034123810908516614 0.270983204273514 0.0270983204273514 0.2744959495140966 0.02509103743273279 0.2845323644871897 0.029607424170624674 0.2910560342197002 0.03362199015986192 0.290052392722391 0.04114930138968176
0 0.29908516619817477 0.016560084705603634 0.2940669587116282 0.014050980962330373 0.2900523927223909 0.008530952727129153 0.28955057197373635 0.004516386737891903 0.2985833454495201 0.004014565989237263 0.3025979114387573 0.006523669732510529 0.30360155293606667 0.010538235721747774
0 0.3588018352880788 0.021578292192150197 0.35127452405825893 0.021578292192150197 0.34725995806902166 0.020072829946186248 0.34625631657171235 0.016560084705603627 0.35227816555556823 0.014050980962330366 0.3593036560367334 0.01505462245963968 0.3608091182826974 0.01756372620291297
0 0.39694021218583264 0.04365840513295503 0.39242382544794074 0.04165112213833645 0.39242382544794074 0.03562927315448057 0.3974420329344873 0.03261834866255263 0.39995113667776055 0.036632914651789875 0.39995113667776055 0.041651122138336424
0 0.425543994859148 0.012043697967711736 0.4190203251266375 0.014050980962330359 0.4165112213833642 0.012043697967711743 0.4145039383887456 0.008530952727129143 0.41400211764009087 0.006021848983855877 0.41550757988605486 0.004014565989237245 0.42052578737260143 0.0035127452405826 0.42454035336183865 0.004014565989237256 0.4280530986024213 0.005018207486546574 0.4280530986024213 0.009534594224438472
0 0.4822497394571241 0.08430588577398217 0.4762278904732682 0.08229860277936354 0.4742206074786496 0.07527311229819833 0.4742206074786496 0.06975308406299716 0.4822497394571242 0.06624033882241456 0.48576248469770666 0.07075672556030646 0.4862643054463614 0.07577493304685301
0 0.4957988996707998 0.13197885689617442 0.4922861544302172 0.136997064382721 0.4887734091896347 0.1344879606394477 0.48827158844097995 0.12746247015828252 0.48827158844098 0.12344790416904527 0.4922861544302172 0.11842969668249873 0.49680254116810924 0.11943333817980806 0.5008171071573464 0.1234479041690453 0.49880982416272784 0.12946975315290118
0 0.5520028235201212 0.1465316586071595 0.5484900782795386 0.13950616812599426 0.5484900782795386 0.13649524363406632 0.5494937197768479 0.13298249839348375 0.5509991820228118 0.1314770361475198 0.5540101065147399 0.1304733946502105 0.5590283140012864 0.1304733946502105 0.5605337762472504 0.13448796063944773 0.5600319554985957 0.13900434737733963 0.5575228517553225 0.14452437561254083
0 0.5530064650174306 0.07778221604147163 0.544977333038956 0.07477129154954368 0.5409627670497188 0.07125854630896108 0.5389554840551001 0.06774580106837852 0.5389554840551001 0.06322941433048665 0.5414645877983734 0.05971666908990403 0.5494937197768479 0.059214848341249376 0.5555155687607038 0.06172395208452264 0.5580246725039771 0.06573851807375988 0.5580246725039771 0.07125854630896108
0 0.5294208898306616 0.07025490481165182 0.5203881163548778 0.0692512633143425 0.5158717296169859 0.06624033882241456 0.5143662673710221 0.06473487657645058 0.5133626258737126 0.058211206843940044 0.514366267371022 0.05269117860873884 0.5153699088683312 0.047171150373537606 0.5168753711142953 0.043658405132955075 0.5188826541089139 0.03813837689775383 0.5208899371035325 0.03462563165717124 0.5249045030927697 0.03312016941120728 0.5299227105793163 0.03261834866255266 0.5364463803118269 0.03663291465178985 0.5389554840551002 0.04466204663026434 0.5379518425577909 0.05570210310066674 0.5364463803118269 0.061723952084522624 0.5354427388145176 0.06573851807375987
0 0.534940918065863 0.02208011294080485 0.5284172483333524 0.01957100919753156 0.5274136068360431 0.01555644320829433 0.5279154275846978 0.01053823572174778 0.5339372765685536 0.008530952727129157 0.5379518425577908 0.009534594224438475 0.5394573048037549 0.015054622459639677 0.5394573048037549 0.016560084705603648
0 0.6172395208452265 0.007527311229819839 0.6142285963532984 0.0080291319784745 0.6087085681180974 0.007025490481165188 0.6056976436261694 0.003010924491927928 0.6061994643748241 0 0.6197486245884998 0
0 0.654374256245671 0.03211652791389795 0.6478505865131604 0.02810196192466071 0.6473487657645057 0.027098320427351365 0.6493560487591243 0.022581933689459505 0.6548760769943256 0.022581933689459516 0.6558797184916348 0.025091037432732805 0.6563815392402896 0.027098320427351413
0 0.6167377000965718 0.19922283721589834 0.6102140303640613 0.19571009197531575 0.6067012851234788 0.19119370523742382 0.6056976436261694 0.1886846014941505 0.6067012851234788 0.18366639400760398 0.6092103888667519 0.17965182801836677 0.6117194926100252 0.17613908277778415 0.6157340585992626 0.1731281582858562 0.6197486245884998 0.1766409035264388 0.6212540868344637 0.1811572902643307 0.6212540868344637 0.1856736770022226 0.6212540868344637 0.19119370523742385 0.620752266085809 0.19721555422127968
0 0.6142285963532985 0.15305532833967 0.6172395208452265 0.1485389416017781 0.619246803839845 0.14602983785850482 0.6182431623425357 0.1415134511206129 0.6157340585992624 0.1415134511206129 0.6142285963532984 0.14602983785850476 0.6137267756046437 0.15104804534505134
0 0.7144245734106018 0.9962555600697269 0.7198574599004163 0.9915017843911393 0.7201970153060296 0.9830128992508043 0.7174805720611224 0.9809755668171238 0.7110290193544677 0.9830128992508043 0.7093312423264008 0.9908226735799125 0.7110290193544677 0.9952368938528868
0 0.7446450045101948 0.9748635695160826 0.7392121180203802 0.9724866816767888 0.7358165639642462 0.9687515722150413 0.736495674775473 0.9623000195083866 0.7378538963979266 0.957546243829799 0.7412494504540607 0.9527924681512114 0.7436263382933544 0.9514342465287577 0.7483801139719422 0.9548298005848918 0.7487196693775555 0.9616209086971599 0.7473614477551019 0.9697702384318816
0 0.8278360788854786 0.9541506897736649 0.821384526178824 0.9510946911231444 0.8196867491507569 0.9466804708501699 0.821384526178824 0.941587139765969 0.8241009694237311 0.9412475843603556 0.8329294099696798 0.9436244721996494 0.8346271869977469 0.94668047085017 0.832250299158453 0.9531320235568247
0 0.885220942434144 0.920534704617938 0.8818253883780098 0.9249489248909122 0.8770716126994222 0.9235907032684586 0.8719782816152213 0.9215533708347782 0.8706200599927676 0.9174787059674173 0.8729969478320614 0.9120458194776029 0.8774111681050356 0.9103480424495358 0.8842022762173037 0.911366708666376 0.8862396086509841 0.9164600397505771 0.8862396086509841 0.9178182613730307
0 0.856698288362618 0.9449826938221029 0.8512654018728036 0.9426058059828091 0.84990718025035 0.9402289181435154 0.8495676248447366 0.9354751424649278 0.8505862910615767 0.932419143814407 0.8519445126840304 0.9283444789470462 0.8536422897120974 0.9242698140796853 0.8573773991738448 0.9235907032684586 0.8587356207962985 0.9303818113807267 0.8587356207962985 0.9358146978705412 0.8587356207962985 0.9426058059828092
0 0.9324191438144072 0.9928600060135929 0.9266467019189792 0.9904831181742991 0.9249489248909122 0.9853897870900981 0.9249489248909123 0.9809755668171238 0.9337773654368606 0.9796173451946701 0.9358146978705411 0.9840315654676446 0.9341169208424741 0.9904831181742992
0 0.9493969140950773 0.9789382343834433 0.9412475843603556 0.9789382343834434 0.9385311411154482 0.975203124921696 0.9368333640873814 0.9694306830262681 0.9381915857098351 0.9670537951869743 0.9463409154445568 0.9650164627532938 0.9493969140950773 0.9650164627532938 0.9548298005848916 0.9673933505925877 0.9568671330185721 0.9714680154599485 0.9551693559905051 0.9762217911385361 0.9527924681512113 0.9779195681666032
0 0.9507551357175309 0.9864084533069382 0.9551693559905052 0.9843711208732578 0.9565275776129588 0.9830128992508043 0.9585649100466391 0.9806360114115104 0.9599231316690928 0.975203124921696 0.9558484668017319 0.9752031249216959 0.9524529127455978 0.976900901949763 0.9493969140950773 0.9796173451946703 0.9480386924726236 0.9819942330339642 0.9476991370670103 0.9847106762788713
0 0.9789382343834434 0.9965951154753403 0.9735053478936291 0.9918413397967527 0.9728262370824021 0.9901435627686858 0.9724866816767888 0.9867480087125516 0.973505347893629 0.9816546776283507 0.975203124921696 0.9792777897890568 0.976900901949763 0.9779195681666032 0.9796173451946701 0.97859867897783 0.9816546776283506 0.9816546776283507 0.9826733438451908 0.9874271195237785 0.983692010062031 0.9904831181742992 0.983692010062031 0.9942182276360466
0 0.9538111343680515 0.944982693822103 0.9497364695006907 0.9463409154445567 0.9463409154445566 0.9443035830108762 0.9443035830108761 0.9412475843603555 0.9436244721996494 0.9388706965210617 0.9460013600389432 0.9354751424649278 0.9521133573399845 0.9344564762480875 0.9544902451792783 0.938191585709835 0.9548298005848916 0.9409080289547422
0 0.9887853411462322 0.9249489248909122 0.9884457857406187 0.9188369275898709 0.9901435627686858 0.9167995951561905 0.992860006013593 0.9164600397505771 0.9955764492585002 0.9235907032684586 0.9935391168248198 0.9286840343526597 0.9908226735799125 0.9283444789470463
0 0.9476991370670103 0.9184973721842575 0.9460013600389432 0.9184973721842575 0.9388706965210618 0.9157809289393504 0.9371729194929947 0.9127249302888296 0.9402289181435154 0.9086502654214688 0.9473595816613969 0.9089898208270821 0.9493969140950773 0.91476226272251
0 0.9195160384010977 0.8882769410846645 0.9151018181281234 0.8947284937913191 0.9086502654214688 0.8984636032530666 0.904575600554108 0.8988031586586801 0.9001613802811337 0.8960867154137728 0.8981240478474533 0.8923516059520255 0.8977844924418399 0.8882769410846646 0.899482269469907 0.8838627208116904 0.9011800464979739 0.8801276113499429 0.907971154610242 0.8808067221611697 0.9110271532607626 0.8825044991892367 0.9140831519112833 0.885220942434144
0 0.962639574914 0.8699409491815407 0.9595835762634795 0.8672245059366335 0.9582253546410258 0.8648476180973398 0.9578857992354124 0.8604333978243655 0.959244020857866 0.8580565099850717 0.9633186857252268 0.8587356207962985 0.9656955735645206 0.8604333978243656 0.9667142397813608 0.8617916194468191 0.9656955735645206 0.8672245059366336
0 0.9945577830416599 0.877750723510649 0.9894644519574589 0.874355169454515 0.9857293424957116 0.8723178370208347 0.9796173451946703 0.8750342802657418 0.9779195681666032 0.8757133910769687 0.9752031249216959 0.8668849505310202 0.9789382343834434 0.8631498410692727 0.9850502316844847 0.8621311748524325 0.9901435627686856 0.8628102856636592 0.9962555600697269 0.8662058397197933 0.9965951154753403 0.870959615398381 0.9955764492585002 0.8740156140489016
0 0.7334396761249524 0.8916724951407986 0.7300441220688183 0.892012050546412 0.7249507909846173 0.8916724951407986 0.7215552369284832 0.8906538289239585 0.7208761261172565 0.8886164964902781 0.7208761261172565 0.885220942434144 0.724611235579004 0.8818253883780099 0.7303836774744318 0.8811462775667831 0.7337792315305658 0.88284405459485 0.7341187869361792 0.8872582748678244
0 0.7093312423264007 0.8655267289085666 0.7069543544871069 0.8638289518804995 0.7055961328646534 0.8607729532299789 0.7045774666478131 0.8556796221457778 0.7042379112421997 0.853302734306484 0.7066147990814935 0.8509258464671902 0.7120476855713079 0.8478698478166696 0.7161223504386688 0.8482094032222829 0.7195179044948028 0.8519445126840304 0.7157827950330554 0.8634893964748861 0.7154432396274419 0.8638289518804996
0 0.7904849842680042 0.8621311748524324 0.7864103194006433 0.858396065390685 0.7908245396736175 0.8556796221457778 0.7959178707578187 0.856698288362618 0.7986343140027259 0.858396065390685 0.7982947585971125 0.8624707302580459 0.7962574261634321 0.8638289518804995 0.7948992045409784 0.8641685072861129
0 0.81798897212269 0.8468511815998292 0.8156120842833962 0.8526236234952571 0.8128956410384889 0.8536422897120973 0.8084814207655147 0.853302734306484 0.8050858667093806 0.8505862910615767 0.8067836437374477 0.8465116261942158 0.8098396423879684 0.8434556275436952 0.8152725288777828 0.842436961326855
0 0.7942200937297517 0.8135747518497156 0.7928618721072982 0.8149329734721693 0.7853916531838032 0.8179889721226901 0.7816565437220557 0.8183285275283033 0.7792796558827619 0.8149329734721693 0.7819960991276691 0.8081418653599012 0.7904849842680042 0.8050858667093806 0.7938805383241383 0.807123199143061 0.7942200937297517 0.8095000869823549
0 0.8740156140489016 0.8431160721380818 0.8679036167478603 0.8427765167324685 0.865187173502953 0.8380227410538807 0.8655267289085666 0.8349667424033602 0.8675640613422471 0.8329294099696797 0.873336503237675 0.8329294099696797 0.8753738356713552 0.8346271869977467 0.8763925018881955 0.8393809626763343
0 0.9721471262711754 0.8526236234952571 0.969430683026268 0.8505862910615768 0.9667142397813608 0.8482094032222829 0.9653560181589073 0.8461720707886025 0.964337351942067 0.8424369613268551 0.9653560181589074 0.8387018518651076 0.9673933505925878 0.835645853214587 0.9694306830262682 0.83394807618652 0.9735053478936289 0.8349667424033602 0.9782591235722166 0.8410787397044015 0.9806360114115105 0.844813849166149 0.9796173451946703 0.8505862910615768 0.9775800127609898 0.8519445126840304
0 0.997953337097794 0.8624707302580459 0.9952368938528868 0.8614520640412058 0.9925204506079797 0.8590751762019119 0.9915017843911393 0.8570378437682314 0.991162228985526 0.8526236234952571 0.9918413397967528 0.8492280694391232 0.9955764492585002 0.8451534045717624 0.9989720033146341 0.844813849166149 1 0.8488885140335098 1 0.8604333978243655
0 0.9918413397967527 0.7962574261634321 0.9864084533069383 0.7945596491353651 0.9853897870900981 0.7908245396736177 0.9853897870900981 0.7864103194006434 0.9874271195237785 0.7799587666939887 0.9884457857406187 0.7755445464210144 0.9894644519574589 0.7721489923648804 0.992860006013593 0.7690929937143598 0.9993115587202476 0.7663765504694526 1 0.7721489923648804 1 0.7816565437220557 0.999651114125861 0.7894663180511641 0.9952368938528868 0.7942200937297517
0 0.9232511478628451 0.807123199143061 0.9208742600235514 0.8061045329262208 0.9191764829954844 0.8040672004925404 0.9184973721842575 0.8016903126532465 0.9184973721842575 0.798634314002726 0.9208742600235513 0.7942200937297517 0.9225720370516184 0.7915036504848444 0.9259675911077523 0.7898058734567774 0.9300422559751134 0.7932014275129115 0.9283444789470463 0.8050858667093805 0.9273258127302062 0.8057649775206074
0 0.837343630242654 0.8152725288777827 0.8346271869977469 0.8166307505002364 0.8315711883472261 0.8125560856328755 0.8312316329416127 0.808820976171128 0.83394807618652 0.8037276450869271 0.8353062978089736 0.8013507572476333 0.8387018518651076 0.8016903126532466 0.8427765167324686 0.8074627545486746 0.8410787397044015 0.8149329734721694
0 0.8145934180665559 0.7948992045409784 0.8108583086048085 0.7935409829185249 0.8091605315767416 0.7918432058904579 0.8071231991430611 0.7881080964287105 0.807123199143061 0.7819960991276692 0.8091605315767414 0.7786005450715352 0.8111978640104218 0.7775818788546949 0.8169703059058497 0.7789401004771485 0.8196867491507569 0.7792796558827618 0.8203658599619839 0.7833543207501227 0.8200263045563704 0.787768541023097 0.8186680829339168 0.7901454288623908 0.81798897212269 0.7915036504848444
0 0.7568689991122772 0.7490592247831689 0.7531338896505297 0.75313388965053 0.7510965572168494 0.7541525558673701 0.7483801139719422 0.7531338896505299 0.7460032261326484 0.7487196693775555 0.7453241153214216 0.7453241153214216 0.7493987801887824 0.7419285612652875 0.7527943342449165 0.7402307842372204 0.7561898883010505 0.7419285612652875
0 0.7758841018266278 0.7687534383087464 0.7694325491199732 0.7690929937143598 0.7660369950638393 0.7660369950638392 0.7670556612806794 0.7606041085740247 0.7711303261480402 0.7561898883010505 0.7775818788546949 0.7585667761403443 0.7755445464210146 0.7653578842526124
0 0.8451534045717622 0.7524547788393029 0.8387018518651076 0.7490592247831689 0.8387018518651076 0.7446450045101947 0.8390414072707211 0.7405703396428338 0.840739184298788 0.736495674775473 0.8434556275436953 0.7371747855866998 0.8458325153829891 0.7388725626147669 0.8471907370054426 0.7426076720765142 0.8471907370054426 0.7487196693775555 0.8471907370054428 0.7490592247831689
0 0.8875978302734377 0.7772423234490814 0.8777507235106492 0.7752049910154011 0.8743551694545151 0.7714698815536536 0.8740156140489017 0.7650183288469989 0.8743551694545151 0.7592458869515711 0.8770716126994222 0.7510965572168494 0.8797880559443295 0.7490592247831689 0.8831836100004635 0.7490592247831689 0.8892956073015047 0.7521152234336896 0.892012050546412 0.7575481099235041 0.8913329397351852 0.7646787734413856 0.8892956073015048 0.7714698815536536
0 0.9167995951561905 0.7534734450561431 0.9117062640719895 0.7534734450561433 0.9028778235260411 0.7534734450561432 0.8991427140642935 0.7507570018112361 0.8960867154137728 0.7477010031607154 0.8950680491969327 0.7453241153214214 0.8960867154137728 0.7419285612652875 0.8977844924418399 0.7388725626147669 0.8998218248755203 0.7347978977474059 0.9021987127148141 0.7307232328800451 0.9052547113653349 0.7273276788239111 0.9096689316383091 0.7259694572014576 0.9130644856944431 0.7293650112575916 0.9167995951561905 0.7334396761249524 0.919855593806711 0.7395516734259937 0.9212138154291647 0.7439658936989679 0.9201951492123246 0.7510965572168494
0 0.913064485694443 0.799652980219566 0.9045756005541079 0.7962574261634322 0.9025382681204276 0.7928618721072981 0.9021987127148141 0.789466318051164 0.9089898208270821 0.777581878854695 0.9171391505618038 0.7789401004771486 0.9184973721842575 0.7799587666939888 0.9195160384010976 0.7850520977781899 0.9191764829954843 0.7901454288623909 0.918157816778644 0.7948992045409785 0.9174787059674172 0.7965969815690456
0 0.9504155803119174 0.7891267626455507 0.9446431384164896 0.7867498748062569 0.94668047085017 0.7816565437220557 0.9487178032838505 0.7806378775052155 0.9521133573399845 0.7809774329108289 0.9548298005848918 0.7830147653445093 0.9534715789624382 0.789466318051164
0 0.9789382343834434 0.7246112355790038 0.9765613465441496 0.7208761261172564 0.9765613465441496 0.7195179044948029 0.976900901949763 0.7147641288162151 0.97859867897783 0.7123872409769214 0.9809755668171238 0.7113685747600812 0.9840315654676445 0.712047685571308 0.9843711208732577 0.7147641288162152 0.9833524546564176 0.7201970153060298 0.9819942330339639 0.7256299017958441
0 0.9718075708655619 0.72223434773971 0.9684120168094279 0.718838793683576 0.9677329059982009 0.7174805720611225 0.9663746843757475 0.7144245734106017 0.9667142397813608 0.7093312423264008 0.9690911276206546 0.7083125761095604 0.9724866816767888 0.7089916869207873 0.9745240141104692 0.7117081301656946 0.9762217911385361 0.7174805720611224 0.9755426803273093 0.7212156815228699
0 0.7130663517881481 0.7249507909846173 0.7110290193544677 0.7208761261172565 0.7120476855713079 0.7144245734106018 0.7123872409769213 0.710349908543241 0.7127267963825348 0.7055961328646534 0.7174805720611224 0.6998236909692255 0.7195179044948028 0.6988050247523852 0.7235925693621637 0.699484135563612 0.7249507909846173 0.7089916869207873 0.7222343477397101 0.7174805720611224 0.7201970153060296 0.7242716801733905 0.7181596828723492 0.7263090126070708
0 0.7802983220996021 0.7252903463902307 0.7752049910154011 0.7218947923340968 0.7752049910154011 0.7198574599004163 0.7782609896659216 0.7151036842218286 0.7864103194006433 0.7168014612498956 0.7833543207501228 0.7229134585509369
0 0.8624707302580459 0.7198574599004164 0.8560191775513912 0.7232530139565503 0.8492280694391232 0.7232530139565502 0.8458325153829891 0.7208761261172564 0.8475302924110562 0.7151036842218286 0.8502467356559633 0.7117081301656947 0.8546609559289376 0.7093312423264008 0.8594147316075254 0.7089916869207873 0.8614520640412058 0.7089916869207873 0.8631498410692726 0.7154432396274419
0 0.8067836437374476 0.6760548125762872 0.8044067558981538 0.6750361463594469 0.8016903126532466 0.6723197031145397 0.8006716464364064 0.6709614814920861 0.8006716464364064 0.6655285950022716 0.80202986805886 0.6624725963517509 0.8040672004925404 0.6600957085124571 0.8071231991430611 0.6604352639180706 0.8115374194160354 0.6645099287854315 0.8101791977935817 0.6726592585201531 0.8098396423879684 0.6770734787931273
0 0.7086521315151739 0.6920139166401171 0.7066147990814935 0.6940512490737976 0.7035588004309729 0.6943908044794109 0.6994841355636121 0.6933721382625707 0.6981259139411584 0.6920139166401171 0.6988050247523853 0.6865810301503027 0.7015214679972924 0.6808085882548748 0.7042379112421997 0.6770734787931274 0.7083125761095606 0.675036146359447 0.709670797732014 0.678431700415581 0.7106894639488543 0.6875996963671429 0.7100103531376276 0.6882788071783696
0 0.8349667424033602 0.6740174801426068 0.8308920775359994 0.6740174801426067 0.8302129667247725 0.6699428152752459 0.8295338559135457 0.6679054828415655 0.8325898545640663 0.6648494841910448 0.835645853214587 0.6655285950022716 0.8366645194314273 0.6692637044640191
0 0.8750342802657418 0.6543232666170293 0.8672245059366336 0.6597561531068438 0.8604333978243655 0.6604352639180706 0.858396065390685 0.6563605990507096 0.8611125086355922 0.6509277125608952 0.865187173502953 0.6471926030991478 0.870959615398381 0.6437970490430138 0.8743551694545151 0.648211269315988 0.8753738356713552 0.6509277125608952
0 0.8916724951407986 0.6410806057981064 0.8879373856790512 0.6407410503924931 0.8848813870285306 0.6393828287700395 0.8825044991892368 0.6353081639026786 0.8835231654060769 0.6325917206577714 0.8886164964902781 0.6285170557904106 0.893709827574479 0.6302148328184776 0.8954076046025461 0.6349686084970653 0.894388938385706 0.6380246071475859
0 0.9089898208270821 0.667565927435952 0.9055942667709482 0.6645099287854315 0.9032173789316543 0.6597561531068438 0.9021987127148141 0.6570397098619365 0.9015196019035874 0.6529650449945756 0.904575600554108 0.6468530476935345 0.9100084870439225 0.6471926030991478 0.91476226272251 0.6519463787777355 0.9167995951561905 0.6563605990507098 0.9174787059674172 0.6611143747292973 0.9164600397505771 0.664170373379818 0.9120458194776029 0.6672263720303386
0 0.8903142735183449 0.6848832531222356 0.8821649437836234 0.6889579179895965 0.8780902789162626 0.6889579179895965 0.8757133910769687 0.6869205855559161 0.8743551694545151 0.6845436977166223 0.8733365032376748 0.6821668098773285 0.874355169454515 0.6791108112268077 0.8767320572938088 0.6774130341987408 0.8855604978397573 0.6763943679819006 0.8889560518958913 0.6804690328492614
0 0.9412475843603556 0.6828459206885551 0.9361542532761546 0.6889579179895965 0.9307213667863401 0.6899765842064367 0.9286840343526597 0.6886183625839831 0.9252884802965256 0.6845436977166223 0.9242698140796854 0.6808085882548749 0.9297027005695 0.6774130341987408 0.9317400330031804 0.6774130341987408 0.9395498073322887 0.6804690328492614
0 0.964337351942067 0.6587374868900034 0.962639574914 0.667565927435952 0.9606022424803196 0.6689241490584057 0.9548298005848919 0.6689241490584057 0.9527924681512114 0.667565927435952 0.9521133573399845 0.6634912625685911 0.9541506897736649 0.6583979314843902 0.9548298005848918 0.6556814882394829 0.9602626870747062 0.6550023774282561
0 0.6943908044794109 0.6325917206577715 0.6882788071783696 0.6349686084970653 0.6814876990661016 0.6356477193082921 0.6787712558211945 0.633949942280225 0.6770734787931274 0.6308939436297044 0.676733923387514 0.6258006125455033 0.6763943679819006 0.6203677260556889 0.6780921450099675 0.6169721719995549 0.6842041423110088 0.616293061188328 0.6903161396120501 0.6183303936220085 0.6926930274513439 0.6227446138949827 0.6937116936681841 0.6278379449791838
0 0.7297045666632049 0.5993152909076578 0.7266485680126844 0.5982966246908176 0.7229134585509369 0.5945615152290702 0.7205365707116431 0.5904868503617093 0.7198574599004163 0.5864121854943485 0.7208761261172565 0.5806397435989207 0.7239321247677771 0.5772441895427866 0.728006789635138 0.5782628557596268 0.7327605653137256 0.5830166314382145 0.7358165639642462 0.5877704071168022 0.7354770085586328 0.5959197368515238 0.7344583423417925 0.5965988476627506
0 0.7042379112421997 0.5867517408999618 0.6994841355636121 0.5881099625224155 0.6947303598850243 0.5884495179280289 0.690995250423277 0.5884495179280289 0.68929747339521 0.5853935192775084 0.6903161396120502 0.5816584098157609 0.692693027451344 0.5786024111652402 0.6954094706962513 0.5769046341371732 0.6988050247523853 0.5765650787315598 0.7025401342141326 0.5799606327876938 0.7045774666478131 0.5830166314382145
0 0.9157809289393501 0.5887890733336423 0.9096689316383091 0.5935428490122301 0.9049151559597213 0.5938824044178433 0.8971053816306132 0.5898077395504825 0.897105381630613 0.585053963871895 0.9032173789316543 0.5779233003540134 0.9110271532607626 0.5775837449484 0.9154413735337369 0.5823375206269876
0 0.9619604641027732 0.547363313848807 0.9561880222073453 0.5429490935758329 0.9555089113961186 0.5388744287084719 0.9595835762634795 0.5303855435681368 0.9670537951869743 0.5331019868130441 0.9670537951869742 0.5412513165477658 0.9663746843757475 0.5473633138488071
0 0.9857293424957114 0.5276691003232296 0.9836920100620311 0.5358184300579514 0.9796173451946704 0.5419304273589927 0.9772404573553763 0.5432886489814461 0.9714680154599485 0.5429490935758329 0.9684120168094279 0.5415908719533793 0.9663746843757475 0.5378557624916318 0.9667142397813608 0.533781097624271 0.9690911276206546 0.5293668773512967 0.970109793837495 0.5276691003232297 0.9731657924880155 0.5235944354558688 0.980296456005897 0.5222362138334152 0.9826733438451909 0.5242735462670957
0 0.6763943679819006 0.45466468811634775 0.6733383693313799 0.46179535163422925 0.6706219260864726 0.4624744624454561 0.6668868166247253 0.4634931286622963 0.6638308179742046 0.4631535732566829 0.6621330409461376 0.46111624082300245 0.6617934855405242 0.459078908389322 0.6645099287854315 0.45228780027705395 0.665868150407885 0.44957135703214673 0.6679054828415655 0.44651535838162615 0.6706219260864728 0.44617580297601267 0.6760548125762872 0.44991091243776016
0 0.710349908543241 0.44413847054233224 0.7096707977320142 0.4516086894658271 0.7052565774590398 0.4553437989275746 0.7018610234029059 0.45500424352196117 0.6994841355636119 0.45160868946582716 0.6988050247523853 0.44889224622091994 0.7008423571860657 0.44278024891987866 0.7052565774590399 0.44040336108058487
0 0.734797897747406 0.42410470161114144 0.7310627882856585 0.4298771435065693 0.7293650112575915 0.4312353651290229 0.7246112355790039 0.43123536512902294 0.7235925693621638 0.4281793664785023 0.7235925693621638 0.42512336782798166 0.7256299017958442 0.42206736917746107 0.7269881234182978 0.420369592149394 0.7307232328800453 0.418671815121327 0.7317418990968854 0.418671815121327 0.7351374531530195 0.420369592149394
0 0.8624707302580459 0.4977882246292501 0.8611125086355922 0.5059375543639718 0.8590751762019118 0.5117099962593996 0.8570378437682316 0.5144264395043069 0.8533027343064841 0.5151055503155337 0.84990718025035 0.5130682178818533 0.8468511815998294 0.5059375543639718 0.8482094032222829 0.5028815557134512 0.8505862910615768 0.4994860016573171 0.8539818451177108 0.49609044760118304 0.8570378437682314 0.4943926705731161
0 0.9055942667709482 0.4468549137872395 0.9018591573092007 0.452287800277054 0.89880315865868 0.4529669110882808 0.8940493829800924 0.4526273556826674 0.892012050546412 0.4519482448714406 0.8913329397351852 0.4502504678433736 0.8926911613576389 0.4451571367591725 0.8957471600081595 0.4424406935142653 0.8974449370362265 0.44074291648619823 0.9035569343372678 0.44108247189181166
0 0.9901435627686856 0.41018292998099193 0.987766674929392 0.4115411516034455 0.9840315654676446 0.4125598178202857 0.9823337884395774 0.41120159619783214 0.9816546776283506 0.40848515295292487 0.9816546776283506 0.4047500434911775 0.9881062303350052 0.402712711057497 0.9891248965518454 0.402712711057497 0.9908226735799126 0.406108265113631
0 0.8247800802349581 0.5602664192621164 0.8220636369900509 0.5595873084508897 0.8207054153675972 0.5568708652059824 0.8217240815844374 0.5538148665554617 0.8237614140181179 0.5527962003386215 0.8257987464517982 0.5531357557442349 0.8278360788854786 0.5558521989891422 0.8271569680742519 0.5589081976396628
0 0.7881080964287104 0.5589081976396628 0.7860707639950301 0.5558521989891422 0.7853916531838032 0.5500797570937144 0.7867498748062568 0.5483819800656473 0.7918432058904579 0.5480424246600338 0.7955783153522052 0.5504193124993277 0.7965969815690455 0.5531357557442349 0.7952387599465919 0.5578895314228226 0.7928618721072981 0.5589081976396628
0 0.780977432910829 0.5341206530298843 0.7782609896659218 0.5402326503309256 0.7738467693929474 0.5426095381702194 0.7673952166862927 0.5432886489814461 0.7636601072245452 0.5412513165477657 0.7612832193852515 0.5388744287084719 0.7606041085740247 0.5354788746523379 0.7636601072245454 0.5300459881625235 0.7684138829031331 0.5269899895120029 0.7765632126378548 0.5283482111344564 0.7782609896659218 0.5297064327569101
0 0.7460032261326484 0.5225757692390285 0.7432867828877412 0.5256317678895492 0.7405703396428339 0.526310878700776 0.7375143409923133 0.5266504341063895 0.7324210099081123 0.5259713232951626 0.7310627882856586 0.5249526570783224 0.7307232328800453 0.5218966584278018 0.7327605653137257 0.5181615489660544 0.7358165639642462 0.5164637719379873 0.7398912288316071 0.516124216532374 0.7439658936989679 0.5181615489660544
0 0.7286859004463647 0.5045793327415181 0.7259694572014576 0.5123891070706266 0.7235925693621638 0.5154451057211471 0.7181596828723492 0.5164637719379873 0.7154432396274419 0.5151055503155336 0.7144245734106017 0.5117099962593996 0.7140850180049884 0.508653997608879 0.7154432396274419 0.503560666524678 0.7164619058442823 0.5015233340909975 0.7229134585509369 0.500165112468544 0.7269881234182978 0.500165112468544
0 0.8169703059058497 0.4852246746215541 0.8152725288777829 0.4879411178664614 0.8111978640104219 0.4916762273282088 0.8091605315767416 0.49303444895066245 0.8084814207655147 0.4879411178664614 0.808820976171128 0.48658289624400775 0.8101791977935817 0.48318734218787374 0.8118769748216487 0.4821686759710335
0 0.9134040411000565 0.2560247758325065 0.9096689316383091 0.26824877043458906 0.9062733775821751 0.277416766386151 0.9025382681204275 0.28149143125351184 0.8940493829800925 0.28352876368719226 0.8909933843295719 0.28149143125351184 0.8906538289239584 0.27673765557492414 0.8913329397351852 0.2716443244907231 0.8923516059520253 0.26655099340652205 0.8947284937913192 0.25874121907741376 0.8967658262249997 0.2560247758325065 0.9015196019035874 0.25296877718198585 0.9076315992046287 0.25127100015391884 0.9096689316383091 0.2512710001539189
0 0.9850502316844847 0.3089954191081975 0.9782591235722167 0.30356253261838306 0.976900901949763 0.2977900907229552 0.9772404573553765 0.293375870449981 0.9806360114115105 0.28964076098823355 0.9891248965518455 0.29099898261068713 0.9925204506079797 0.2937154258555944 0.9918413397967528 0.3042416434296099 0.9901435627686858 0.30831630829697076
0 0.7212156815228699 0.3847162745599866 0.7181596828723493 0.3806416096926258 0.7164619058442823 0.37826472185333193 0.7174805720611225 0.3711340583354505 0.7215552369284832 0.36739894887370306 0.7242716801733905 0.3741900569859711 0.7252903463902307 0.379962498881399
0 0.7639996626301587 0.390149161049801 0.7619623301964783 0.3881118286161206 0.7612832193852516 0.383358052937533 0.7616227747908649 0.3806416096926257 0.7650183288469989 0.37826472185333193 0.766716105875066 0.38166027590946594 0.7670556612806793 0.3850558299656 0.7656974396582257 0.38845138402173407
0 0.7792796558827619 0.3823393867206928 0.7755445464210144 0.38845138402173407 0.7728281031761073 0.3918469380778681 0.7701116599312001 0.3918469380778681 0.7701116599312001 0.3877722732105073 0.7718094369592671 0.38471627455998664 0.7731676585817207 0.38301849753191963 0.7748654356097877 0.3819998313150794
0 0.750757001811236 0.3103536407306511 0.7466823369438751 0.3185029704653729 0.7429472274821278 0.3208798583046667 0.7412494504540608 0.3215589691158935 0.7371747855866998 0.3208798583046667 0.7344583423417925 0.31884252587098627 0.7327605653137257 0.316126082626079 0.7324210099081122 0.312730528569945 0.7344583423417926 0.309334974513811 0.7402307842372204 0.3055998650520635 0.7460032261326484 0.30593942045767686 0.7487196693775556 0.3089954191081975
0 0.699484135563612 0.3232567461439605 0.6964281369130915 0.32359630154957386 0.6954094706962511 0.32257763533273365 0.6943908044794109 0.32020074749343985 0.6950699152906377 0.31680519343730584 0.6988050247523852 0.3151074164092388 0.701181912591679 0.31578652722046563 0.7018610234029059 0.3164656380316924 0.7018610234029059 0.32121941371028007
0 0.7551712220842103 0.22308790148800636 0.7504174464056227 0.22478567851607337 0.7446450045101948 0.22478567851607337 0.7405703396428339 0.22512523392168676 0.7385330072091535 0.22240879067677954 0.7385330072091535 0.21969234743187233 0.7446450045101948 0.21731545959257847 0.7514361126224628 0.21663634878135168 0.7572085545178907 0.2186736812150321
0 0.6631517071629778 0.22546478932730019 0.6577188206731633 0.23123723122272805 0.6526254895889623 0.2339536744676353 0.6519463787777354 0.22580434473291358 0.6509277125608952 0.22172967986555275 0.6553419328338694 0.21901323662064553 0.6604352639180706 0.22240879067677957
0 0.8960867154137728 0.20339368796242893 0.8875978302734377 0.21086390688592382 0.8808067221611697 0.21086390688592382 0.8767320572938089 0.20712879742417636 0.8736760586432882 0.20373324336804233 0.870959615398381 0.20033768931190832 0.8692618383703141 0.19490480282209385 0.8689222829647005 0.19015102714350618 0.8699409491815406 0.18607636227614532 0.8723178370208345 0.1813225865975577 0.8757133910769686 0.17928525416387725 0.8831836100004635 0.17826658794703704 0.8892956073015047 0.17894569875826385 0.8957471600081595 0.1833599190312381 0.8974449370362265 0.19015102714350618 0.8974449370362265 0.19660257985016086
0 0.9341169208424741 0.18811369470982575 0.925628035702139 0.18641591768175877 0.9229115924572318 0.18302036362562468 0.9215533708347781 0.17962480956949067 0.9201951492123246 0.1745314784852896 0.9212138154291647 0.17011725821231535 0.9300422559751133 0.16807992577863495 0.9358146978705412 0.17147547983476896 0.9381915857098349 0.1745314784852896 0.9392102519266752 0.17928525416387725 0.9385311411154484 0.18369947443685153
0 0.9877666749293919 0.19558391363332064 0.9850502316844847 0.19354658119964024 0.983692010062031 0.18981147173789278 0.9833524546564176 0.1850576960593051 0.9833524546564176 0.18098303119194425 0.9843711208732578 0.17826658794703704 0.9874271195237785 0.17419192307967618 0.9915017843911393 0.17079636902354217 0.9945577830416601 0.1694381474010885 0.9986324479090207 0.17079636902354217 1 0.1752105892965164 0.9989720033146342 0.18200169740878447 0.9965951154753404 0.18811369470982575 0.9942182276360465 0.1925279149828 0.9921808952023661 0.19456524741648043
0 0.7174805720611224 0.18913236092666597 0.7140850180049885 0.19490480282209383 0.7100103531376275 0.19796080147261447 0.7083125761095606 0.1983003568782279 0.7035588004309729 0.19660257985016086 0.7025401342141326 0.19490480282209385 0.7049170220534264 0.1894719163322794 0.7069543544871069 0.18709502849298554 0.7117081301656946 0.18505769605930514 0.7127267963825348 0.18607636227614535
0 0.7673952166862927 0.210184796074697 0.7609436639796382 0.21256168391399086 0.7575481099235041 0.2095056852634702 0.7582272207347309 0.20373324336804235 0.7606041085740247 0.1999981339062949 0.7673952166862928 0.20135635552874853 0.7673952166862928 0.20475190958488257
0 0.7738467693929475 0.21018479607469703 0.7707907707424267 0.20848701904662997 0.7694325491199732 0.20509146499049596 0.7690929937143598 0.2020354663399753 0.7704512153368134 0.20033768931190832 0.7741863247985608 0.1979608014726145 0.7769027680434681 0.1999981339062949 0.7769027680434681 0.20373324336804235 0.7762236572322414 0.2074683528297898
0 0.821384526178824 0.21867368121503208 0.8183285275283034 0.2156176825645115 0.8176494167170767 0.2105243514803104 0.8176494167170765 0.20644968661294957 0.821384526178824 0.20644968661294955 0.8237614140181178 0.20780790823540318 0.8241009694237313 0.21493857175328465
0 0.6444761598542406 0.1646843717225009 0.6407410503924932 0.16468437172250092 0.6376850517419725 0.16128881766636685 0.6383641625531993 0.1568745973933926 0.6417597166093334 0.15449770955409875 0.6475321585047612 0.1568745973933926 0.649909046344055 0.15993059604391321
0 0.6414201612037199 0.1402363825183358 0.6373454963363591 0.13616171765097496 0.6390432733644261 0.13072883116116052 0.6404014949868797 0.12563550007695945 0.6448157152598539 0.12665416629379964 0.6465134922879211 0.13446394062290795 0.6468530476935345 0.13819905008465538
0 0.9130644856944431 0.12054216899275841 0.9100084870439223 0.12495638926573263 0.9066129329877884 0.12529594467134603 0.9035569343372678 0.12427727845450583 0.9018591573092007 0.12088172439837179 0.9038964897428811 0.11646750412539753 0.9110271532607626 0.1130719500692635 0.9127249302888296 0.11680705953101098
0 0.9646769073476804 0.09507551357175309 0.9548298005848918 0.10628084195699541 0.9453222492277165 0.10865772979628924 0.9419266951715825 0.10831817439067584 0.9398893627379019 0.10458306492892841 0.941587139765969 0.10084795546718095 0.9487178032838505 0.09507551357175309 0.9510946911231443 0.09269862573245927 0.9531320235568247 0.08930307167632522 0.955848466801732 0.08624707302580457 0.9616209086971599 0.07911640950792313 0.9653560181589073 0.07877685410230974 0.9680724614038145 0.08081418653599015 0.9673933505925878 0.08964262708193865
0 0.957546243829799 0.06994841355636121 0.9541506897736649 0.07096707977320144 0.9521133573399845 0.0692693027451344 0.9504155803119175 0.06587374868900034 0.9497364695006908 0.06179908382163951 0.9514342465287577 0.05772441895427868 0.955848466801732 0.05772441895427867 0.957546243829799 0.05874308517111888 0.9578857992354124 0.06315730544409313
0 0.9555089113961186 0.05331019868130441 0.9487178032838505 0.056366197331825046 0.941587139765969 0.05500797570937144 0.9405684735491288 0.05331019868130442 0.9402289181435154 0.04923553381394356 0.9429453613884227 0.04482131354096931 0.9480386924726236 0.04278398110728891 0.9551693559905052 0.0421048702960621 0.9561880222073453 0.04583997975780954
0 0.9561880222073453 0.009507551357175313 0.9510946911231444 0.014600882441376365 0.9446431384164895 0.01595910406382999 0.938191585709835 0.015959104063829978 0.9337773654368606 0.013921771630149557 0.9320795884087936 0.01052621757401552 0.9327586992200204 0.006451552706654682 0.9358146978705411 0.004414220272974258 0.941587139765969 0.004074664867360847 0.9497364695006907 0.0030559986505206485 0.9544902451792783 0.003395554056134044 0.9561880222073453 0.005432886489814465
0 0.8376831856482674 0.03938842705115484 0.8342876315921335 0.03904887164554145 0.8312316329416127 0.03633242840063422 0.830552522130386 0.03259731893888676 0.830552522130386 0.030220431099592937 0.8359854086202004 0.03022043109959295 0.8400600734875612 0.03157865272204656 0.8414182951100149 0.03361598515572699 0.8417578505156282 0.03599287299502081
0 0.7619623301964783 0.024108433798551675 0.7602645531684112 0.027843543260299128 0.7585667761403444 0.03022043109959295 0.7531338896505299 0.03123909731643317 0.7514361126224628 0.030220431099592958 0.7514361126224628 0.02682487704345892 0.7541525558673701 0.02105243514803104 0.7555107774898236 0.02003376893119083 0.7585667761403443 0.02003376893119084 0.7606041085740247 0.02003376893119084
0 0.8013507572476333 0.01765688109189699 0.7982947585971125 0.015959104063829978 0.7962574261634321 0.012223994602082539 0.7962574261634321 0.007130663517881476 0.7972760923802724 0.0040746648673608485 0.7996529802195662 0.0020373324336804277 0.80202986805886 0.001358221622453623 0.8064440883318342 0.0027164432449072323 0.8067836437374476 0.005093331084201062 0.807123199143061 0.008828440545948509 0.803727645086927 0.013582216224536162 0.8033880896813135 0.014261327035762966
0 0.7388725626147669 0.014600882441376362 0.7361561193698596 0.014600882441376362 0.7324210099081122 0.012903105413309345 0.7300441220688184 0.008149329734721683 0.7300441220688184 0.005772441895427869 0.7320814545024988 0.002376887839293823 0.7361561193698596 0.0020373324336804208 0.7405703396428339 0.004074664867360838 0.7419285612652875 0.006451552706654668 0.7419285612652875 0.008488885140335089 0.7412494504540607 0.011884439196469133
0 0.7286859004463647 0.03361598515572698 0.7259694572014574 0.033615985155727 0.7222343477397101 0.032257763533273386 0.7205365707116431 0.029541320288366146 0.7215552369284832 0.023768878392938272 0.7276672342295245 0.022071101364871254 0.7303836774744318 0.021731545959257866 0.7327605653137256 0.024787544609778476 0.7310627882856585 0.03022043109959294
0 0.7656974396582257 0.05908264057673227 0.7650183288469989 0.06519463787777355 0.7636601072245454 0.07130663517881483 0.762641441007705 0.07266485680126845 0.7599249977627979 0.07300441220688182 0.7575481099235041 0.07164619058442821 0.7551712220842103 0.06859019193390757 0.7555107774898238 0.06349686084970652 0.7589063315459578 0.05976175138795907 0.7612832193852516 0.05874308517111887 0.7639996626301588 0.05874308517111887
0 0.7636601072245454 0.10797861898506245 0.7616227747908649 0.10763906357944902 0.7595854423571845 0.10594128655138202 0.7589063315459577 0.10220617708963455 0.7589063315459577 0.10016884465595417 0.7616227747908648 0.09881062303350054 0.7623018856020917 0.09847106762788713 0.7643392180357721 0.0981315122222737 0.7650183288469989 0.10152706627840775 0.7650183288469989 0.10424350952331497
0 0.7500778910000092 0.0960941797885933 0.747361447755102 0.09575462438297991 0.7463427815382617 0.09371729194929951 0.7463427815382617 0.08862396086509844 0.7477010031607154 0.08420974059212416 0.7493987801887824 0.08183285275283035 0.7544921112729834 0.08115374194160352 0.7599249977627979 0.08420974059212416 0.7616227747908648 0.08556796221457777 0.7599249977627979 0.08998218248755202 0.7548316666785968 0.09371729194929948
0 0.7188387936835761 0.11171372844680988 0.7151036842218286 0.1137510608804903 0.7086521315151739 0.11409061628610369 0.7032192450253596 0.1137510608804903 0.7011819125916791 0.10865772979628924 0.702879689619746 0.10390395411770162 0.7059356882702666 0.10186662168402116 0.7144245734106017 0.10152706627840777 0.7181596828723491 0.1049226203345418
0 0.7694325491199732 0.14634837981937704 0.7670556612806794 0.14906482306428429 0.7629809964133186 0.15042304468673795 0.759924997762798 0.15042304468673792 0.7578876653291174 0.1477066014418307 0.7572085545178906 0.14532971360253688 0.7612832193852515 0.14193415954640282 0.7653578842526123 0.14091549332956263 0.7680743274975196 0.14329238116885645
0 0.7908245396736177 0.14261327035762963 0.7864103194006434 0.14227371495201627 0.7833543207501228 0.13819905008465538 0.7853916531838032 0.13480349602852135 0.7884476518343239 0.13378482981168116 0.7918432058904579 0.13514305143413477 0.7918432058904579 0.1385386054902688
0 0.7084912165724284 0.9047291840420004 0.7057669601208572 0.8960693280903131 0.7092795190811725 0.8890442504486398 0.7170072242597367 0.8862342382580767 0.7219248634035811 0.8897467770789134 0.7205198775523906 0.8988793402808763 0.7184123044432661 0.9044993646620026
0 0.09355734687308308 0.11288594730603438 0.08895560243615595 0.09960902194141695 0.09808836421516484 0.09258396788237631 0.10511355288504921 0.09258396788237633 0.10651858590240916 0.10312153717962083 0.10089843024988474 0.11155159733394304
0 0.7880618052395547 0.04335824847068126 0.7823415189809051 0.04621862524228791 0.774613813802341 0.04692112828992871 0.7718037477676208 0.042003583373810445 0.7767213869114652 0.036383558992684195 0.7802339458717804 0.03568105594504339 0.7865565708668155 0.03708606204032498
0 0.8544993841266699 0.03254282865184854 0.8483782122953302 0.027250995790721176 0.8497832924788593 0.01952342689272344 0.8547009316227037 0.01811842079744186 0.8596185707665484 0.01811842079744186 0.8617261438756728 0.023035953922243724 0.8610235566177388 0.027953498838362012
0 0.8344136044631235 0.06189896816010876 0.8336253891961356 0.05394618234896934 0.8364354552308555 0.04832613438521027 0.8399480141911706 0.04411111609936559 0.8441631604094197 0.04270611000408398 0.8469732264441394 0.04411111609936558 0.8427580802258906 0.05745869758717326 0.8392455212655754 0.06448375164621382
0 0.8027398749936848 0.4087649323498149 0.7970944364124385 0.40234358689290817 0.7984994222636289 0.3932110236909452 0.8090371934769133 0.39812856860706347 0.8111447665860378 0.4051536462487369
0 0.40579149117420854 0.5687922068625957 0.39946886617917343 0.5638746619464774 0.4001713591047688 0.556849584304804 0.4043864581568486 0.5512295599236776 0.410709130318053 0.5512295599236776 0.41281670342717747 0.5540395721142408 0.4128167034271774 0.5617671292209222
0 0.941813261696036 0.8391889885138464 0.9509459527257911 0.8356764496930096 0.9544586060184448 0.8286513720513364 0.9502434598001956 0.8279488925863283 0.9439207404728218 0.8300564253118834 0.9404081815125066 0.8335689169674544
0 0.8629972139843242 0.6165754988688148 0.8561059174738945 0.6171973415630081 0.8504857854044546 0.614387329372445 0.8568085047318286 0.6045522395402084 0.8631311297268637 0.6080647783610451
0 0.9796492420303056 0.8993214741325841 0.9720214951523594 0.899536698606785 0.9628888041226042 0.8967266864162218 0.9628888041226044 0.8911066384524627 0.9692114291176395 0.8875941232142589 0.9783442144797331 0.8882966262618998 0.9825592663656435 0.890404135404822
0 0.03870771779186006 0.06653414808246566 0.031349083642805836 0.07359375427862712 0.02572892799028141 0.07570127521286588 0.01940627941216168 0.07710628130814745 0.01589367328567719 0.07218874818334556 0.019406279412161692 0.06516369412430495 0.025728927990281425 0.06094866404714387 0.03345663316884575 0.058841154904221524
0 0.7708789268193441 0.89416636450668 0.766185466167435 0.8870672332577694 0.7640498256257355 0.8801318243980366 0.7709904423167177 0.8742634800402534 0.7752615083305755 0.8710625551675306 0.7763293286014253 0.8806653835123239 0.7763293286014253 0.890268158130492
0 0.9003255021163803 0.8730322297643067 0.8943199198828927 0.8753304370889525 0.8884470159279896 0.8758639424766148 0.8868453930564856 0.867861630294808 0.8937860097474677 0.863593694646761 0.8985909858967505 0.8651941570831223
0 0.6423129404699067 0.7611974334192482 0.6327119110977288 0.7616972548842333 0.630042467955375 0.7520944534027527 0.6375169947817821 0.7499605124420419 0.6433897912019146 0.7499605124420418
0 0.9082508026447703 0.3913500754277161 0.9007266264384497 0.3883722885513935 0.8980570757613255 0.38197043880594816 0.900192716303025 0.37396809976082873 0.9060655127231573 0.37450155142186586 0.9114045065426354 0.37983644411861206 0.9135400395495643 0.3841043529033465
0 0.8184307299896839 0.2654258559210754 0.811032412056336 0.2656697833895433 0.8030240826292746 0.2630023639044827 0.801956262358425 0.2533995624230021 0.8067612385077078 0.24593067503891977 0.8126341424626107 0.2501986106869668 0.819040849018168 0.2550000248593634
0 0.4230462925177842 0.9628523024193931 0.4170188297744718 0.966023559207013 0.40740871617375063 0.9633561397219524 0.40847648267721515 0.9521528489407978 0.416484919639047 0.9489519240680753 0.4228916261946043 0.9558873329278078
0 0.6898647436402466 0.0875468885061005 0.6834318684763034 0.08716789627866842 0.6759573416498964 0.0866344043226625 0.673821701108197 0.08076601966991043 0.6796946050630999 0.0748976618804709 0.6903724851672856 0.07703160284118185