0 0.71435546875 0.964599609375 0.71923828125 0.962646484375 0.72705078125 0.944580078125 0.7275390625 0.931396484375 0.72607421875 0.927490234375 0.721923828125 0.9248046875 0.706298828125 0.9267578125 0.698486328125 0.9306640625 0.68603515625 0.951416015625 0.68701171875 0.956787109375 0.689697265625 0.95849609375 0.701904296875 0.962890625
0 0.7035923989255296 0.9860486907929435 0.7002802799146075 0.9803159589997128 0.7024266832588328 0.9738754744615028 0.7045730866030582 0.9695818344816953 0.7142320490361427 0.9674349899232928 0.7206713573248655 0.9701185087685479 0.7271106656135885 0.9733387510376529 0.7308669942860416 0.9797792355758628 0.722817858925138 0.9867564435379228 0.7153052998362788 0.9840729246926677
0 0.75 0.944580078125 0.75830078125 0.940673828125 0.75927734375 0.937744140625 0.7568359375 0.924560546875 0.753173828125 0.91845703125 0.742431640625 0.9169921875 0.73876953125 0.921142578125 0.74072265625 0.936279296875 0.743408203125 0.94189453125
0 0.7832595538410384 0.9361561291286855 0.7786251319233722 0.9298654804047355 0.7818447860677338 0.9244984427142253 0.787747518084412 0.9282553592701829
0 0.8025728035175254 0.9248900668174014 0.7947234026451797 0.9202047535974203 0.7888207688845483 0.9180579581760153 0.7872109418123674 0.9110807502139555 0.7968699042454518 0.9057136633864479 0.8049190396063556 0.906250386810298 0.8102850970949425 0.9094706290794029 0.8092118462948062 0.9191313558867179
0 0.8251953125 0.906494140625 0.8330078125 0.904052734375 0.8330078125 0.893798828125 0.826416015625 0.88427734375 0.820068359375 0.88232421875 0.81396484375 0.887451171875 0.81005859375 0.899658203125 0.813232421875 0.90478515625
0 0.84814453125 0.895751953125 0.8515625 0.893798828125 0.86083984375 0.879150390625 0.8603515625 0.870849609375 0.855224609375 0.86376953125 0.851318359375 0.86279296875 0.843505859375 0.865234375 0.83544921875 0.878173828125 0.83544921875 0.882568359375 0.84033203125 0.894287109375 0.842529296875 0.89599609375
0 0.8758022085408719 0.876606942626184 0.8682388716934492 0.8783416040990556 0.8666290446212682 0.8724378429846955 0.8719951021098551 0.8681441784363892 0.8768245833263973 0.8686808772917405
0 0.8524653651817834 0.9393750040747666 0.8558968313880477 0.932012324963138 0.8585799092603648 0.9271819615594803 0.8623361396767707 0.9234249958665254 0.8660924683492237 0.9309389272524353 0.8607263126045899 0.9373794117906453
0 0.99267578125 0.913330078125 1 0.908447265625 0.999755859375 0.8642578125 0.990234375 0.870849609375 0.98095703125 0.885986328125 0.9814453125 0.905517578125 0.987060546875 0.912109375
0 0.9377655512529343 0.9409844415478072 0.9304855512364533 0.9357692906560928 0.934778357924904 0.9255718404249279 0.9363881849970848 0.9191313558867179 0.9439007440859438 0.9202047535974205 0.94497399488608 0.9304022038285854 0.9439007440859438 0.9411363283466028
0 0.9353150324529954 0.9765589933067578 0.9272658970920917 0.9738754744615028 0.9288757241642727 0.9647514710780378 0.9363881849970849 0.9615312288089328 0.942290917013763 0.9626046265196353 0.9439007440859438 0.9695818344816953 0.9401445136695379 0.9733387510376528
0 0.9136239891573256 0.970759034799058 0.9079479722259229 0.9685083876339953 0.9068747214257868 0.9626046265196354 0.9074112976978314 0.9534806231361704 0.911704202642329 0.948650259732513 0.9165336838588712 0.9556274185575754 0.9197533380032328 0.9636780242303378
0 0.8693644586487095 0.9981194718407479 0.8628728142048623 0.9958804469213878 0.8596531600605009 0.9915868069415803 0.8612629871326816 0.9851463224033703 0.8655557938211323 0.9829994778449678 0.8714585258378105 0.9835362012688177 0.874678179982172 0.9878298412486253 0.874678179982172 0.9926602046522828
0 0.8806305209599936 0.9981194718407479 0.8827273153430757 0.9846095989795203 0.8859469694874371 0.9722653533269502 0.8891666236317988 0.9609945053850828 0.8945326811203856 0.9513337785777679 0.8988255860648832 0.9604577819612328 0.8993621623369278 0.9679717133471428 0.9004354131370638 0.9744121978853527 0.8982890097928383 0.9813893567104153 0.9036550672814253 0.9840729246926677 0.9074112976978314 0.9905134092308777 0.8993621623369278 0.9958804469213878 0.8939961048483409 1 0.887556796559618 0.9974905680559402
0 0.9594929571389821 0.9176475981887189 0.9546329573191643 0.913227594772358 0.9567793606633899 0.906250386810298 0.9621454181519764 0.903566867965043 0.9659017468244294 0.9083972313687004 0.9637552452241573 0.9137642690592104
0 0.9433985824085763 0.8983343485122318 0.942290917013763 0.8912225731754755 0.9428274932858078 0.8858555109164667 0.9487302253024861 0.880488448657458 0.9508766286467114 0.883171967502713 0.952486455718892 0.8912225731754755 0.9503400523746668 0.8987365045613854
0 0.63427734375 0.866455078125 0.6396484375 0.864013671875 0.64306640625 0.856201171875 0.64208984375 0.847412109375 0.635498046875 0.84423828125 0.620361328125 0.84716796875 0.61669921875 0.851318359375 0.61962890625 0.861572265625 0.627197265625 0.86669921875
0 0.6400196187404267 0.8379804432732101 0.6299844650106995 0.8391619980144445 0.6203255025776152 0.8354050568899881 0.6176424247052983 0.8278911500725769 0.6256915600662019 0.8252076066588232 0.6321308683549249 0.8241342089481207 0.6380336003716032 0.827891150072577 0.6417898307880093 0.8316480911970332
0 0.6845703125 0.852783203125 0.693359375 0.847900390625 0.6953125 0.843994140625 0.694091796875 0.83935546875 0.686279296875 0.837890625 0.658447265625 0.82177734375 0.654541015625 0.8212890625 0.6474609375 0.825439453125 0.646484375 0.828369140625 0.64794921875 0.830810546875 0.661865234375 0.84228515625 0.678466796875 0.85205078125
0 0.7381953045959021 0.8717786302070623 0.7324768213582222 0.8724378429846955 0.7281839164137247 0.8681441784363892 0.7271106656135886 0.8627771161773805 0.7319401468301308 0.8617036938981792 0.736769628046673 0.863850513888083
0 0.6231205252735006 0.9916817219485856 0.6138861942888922 0.9937336514999828 0.6117397909446667 0.9883665646724753 0.612812943488756 0.9819260801342653 0.6176424247052983 0.9824628035581153
0 0.6432384936865078 0.9715637535355783 0.646082735732507 0.964214747654188 0.6487658136048238 0.9561641419814255 0.649838966148913 0.9518705020016178 0.6621810064543144 0.9529438997123203 0.6605711793821336 0.9604577819612328 0.6552051218935467 0.9647514710780378 0.6509122169490491 0.9685083876339953
0 0.5659854949805599 0.9627118474338551 0.5575422467625663 0.9642147476541878 0.5548591688902493 0.9593843842505303 0.5553958434183409 0.9529438997123203 0.5623717279791085 0.9529438997123203 0.5682744599957869 0.9550907442707228
0 0.5537109375 0.999755859375 0.5576171875 0.989501953125 0.55859375 0.978759765625 0.555908203125 0.9755859375 0.549072265625 0.97509765625 0.5390625 0.981201171875 0.53564453125 0.992431640625 0.541259765625 1
0 0.5297731518371468 0.9940958781581464 0.5248090799188834 0.9889032880963252 0.528565359463313 0.9851463224033703 0.5323215898797191 0.9862197201140728
0 0.524944839418025 0.9788062221642608 0.5248090799188834 0.9679717133471428 0.5231992528467028 0.9561641419814253 0.5140769158136862 0.9507970551539178 0.5103206362692567 0.9432831729050054 0.5140769158136863 0.9405996540597504 0.5205162241024093 0.9395262072120505 0.528565359463313 0.9352325672322428 0.5323215898797191 0.9293288061178829 0.5360779185521721 0.9271819615594804 0.5398341489685781 0.9277186849833305 0.5441270539130757 0.929328806117883 0.5452002064571649 0.934695843808393 0.5452002064571649 0.944356570615708 0.5441270539130758 0.9556274185575755 0.5419805523128035 0.9636780242303379 0.5366144948242167 0.9695818344816953 0.5317850136076745 0.9744121978853528
0 0.4833984375 0.992919921875 0.486572265625 0.9921875 0.5029296875 0.975830078125 0.505859375 0.966064453125 0.505859375 0.958740234375 0.503173828125 0.95458984375 0.484619140625 0.9541015625 0.47802734375 0.960693359375 0.4765625 0.964111328125 0.47802734375 0.989013671875 0.478759765625 0.9912109375
0 0.48631834006505115 0.9522505038590914 0.4797339218978226 0.9481135363086628 0.4797339218978226 0.9405996540597503 0.4791972964977547 0.9336224460976904 0.4851000285144329 0.9261085638487779 0.4920759130752005 0.9223515981558228 0.501734875508285 0.9223515981558229 0.5065643567248272 0.9287920826940329 0.5033447025804657 0.9400629306359003 0.5006616738361723 0.9475768128848129 0.4936857401473812 0.9524071762884703
0 0.46298149670596267 0.9200617543982796 0.45558651581511156 0.9228883215796728 0.4475373804542079 0.9212782004451203 0.44592755338202716 0.9159111136176129 0.4496838329264567 0.9110807502139554 0.4550498904150435 0.9078605079448505 0.4614891987037665 0.9073237845210005 0.4641722765760834 0.9132275947723579
0 0.46484375 0.999755859375 0.462890625 0.983642578125 0.46728515625 0.969970703125 0.4658203125 0.965576171875 0.455810546875 0.9560546875 0.439208984375 0.95849609375 0.4375 0.962158203125 0.4404296875 0.973388671875 0.43798828125 0.985107421875 0.44189453125 0.999267578125
0 0.4187219661973467 0.9828298158468624 0.4083649053218021 0.9835362012688178 0.4029988478332151 0.9787058378651604 0.4029988478332151 0.9738754744615028 0.4099747323939827 0.9674349899232928 0.4164140406827057 0.9690451110578453 0.41909711855502263 0.9749488721722053
0 0.3575633422218046 0.9868534095294639 0.347728101979002 0.9878298412486253 0.3353861108016241 0.9883665646724753 0.334312860001488 0.9787058378651603 0.3369959378738049 0.9695818344816953 0.34558164950675324 0.9668982664994428 0.35202095779547615 0.9690451110578453 0.3589968914842673 0.9765589933067578
0 0.3189368428688306 0.912819285769597 0.3155315605353873 0.9041035422518955 0.3139217334632065 0.8981997811375355 0.3128485317910938 0.893369417733878 0.3133851080631384 0.886928933195668 0.3149949351353191 0.8804884486574581 0.31982441635186143 0.8751213618299506 0.3262637246405844 0.873511240695398 0.3305566295850819 0.876731482964503 0.33002000418501387 0.8847820886372655 0.3294833787849458 0.8906858743201241 0.3353861108016241 0.892832694310028 0.3343128600014881 0.899273178848238 0.330556629585082 0.9057136633864478 0.32519052296847173 0.9105440267901054
0 0.311694374240148 0.9248900668174014 0.30748242517448354 0.919131355886718 0.3090922522466643 0.912690871348508 0.31445835886327456 0.9110807502139553 0.317141387607568 0.9143009924830604 0.31660476220749995 0.9196680793105678
0 0.3245698740244727 0.9860486907929435 0.31875121467974865 0.9862197201140728 0.31231190639102574 0.9840729246926677 0.31660476220749995 0.9754855955960553 0.324117321296359 0.9744121978853527
0 0.205078125 0.935791015625 0.21337890625 0.930419921875 0.21435546875 0.925048828125 0.21044921875 0.913330078125 0.207275390625 0.91064453125 0.199951171875 0.91015625 0.19140625 0.915283203125 0.18994140625 0.922607421875 0.197998046875 0.93408203125
0 0.1416015625 0.990966796875 0.15478515625 0.985107421875 0.15283203125 0.976806640625 0.146728515625 0.9716796875 0.14111328125 0.973388671875 0.13623046875 0.984619140625 0.13671875 0.989990234375
0 0.09176559750226439 0.9389895329251978 0.09122897210219633 0.9239617192903754 0.09391202541050145 0.9116174736378055 0.10410758867964223 0.9041035422518955 0.11054689696836521 0.8981997811375355 0.11805943149321256 0.8976630577136855 0.12288891270975479 0.899809902272088 0.12020585940144962 0.9105440267901055 0.11430317651279473 0.9239617192903754 0.10571741575182297 0.9298654804047354
0 0.26502068752197117 0.8041822563393578 0.25918761300906135 0.8064228764680432 0.2565045842647679 0.7999823919298332 0.2613340654813101 0.7962254262368783 0.2688465754421458 0.7972988485160796
0 0.30203774940190453 0.8428087556923318 0.2962136356692184 0.8461391814080057 0.29031095278056346 0.8423822402835495 0.2935306069249249 0.8354050568899882 0.3005064914856925 0.8364784546006906
0 0.3349609375 0.851806640625 0.33740234375 0.851318359375 0.33837890625 0.847900390625 0.3369140625 0.841064453125 0.333740234375 0.8369140625 0.329345703125 0.83642578125 0.326171875 0.839599609375 0.32666015625 0.846923828125 0.331787109375 0.8515625
0 0.33935546875 0.877197265625 0.3466796875 0.866943359375 0.34619140625 0.861083984375 0.342529296875 0.8583984375 0.33740234375 0.859619140625 0.33447265625 0.869873046875 0.3349609375 0.875244140625
0 0.4248046875 0.824462890625 0.435546875 0.818603515625 0.43896484375 0.806396484375 0.430419921875 0.7958984375 0.423583984375 0.79345703125 0.41796875 0.798095703125 0.4150390625 0.804443359375 0.4130859375 0.817138671875 0.415771484375 0.8232421875
0 0.3896484375 0.801025390625 0.400146484375 0.79931640625 0.40576171875 0.796142578125 0.41064453125 0.781494140625 0.407958984375 0.77734375 0.399169921875 0.77587890625 0.388671875 0.783935546875 0.3828125 0.797119140625 0.384521484375 0.80029296875
0 0.60498046875 0.966064453125 0.62353515625 0.957275390625 0.6279296875 0.949951171875 0.62939453125 0.940673828125 0.627685546875 0.9384765625 0.615478515625 0.93896484375 0.60791015625 0.942138671875 0.60205078125 0.964111328125
0 0.6162109375 0.920654296875 0.62646484375 0.916748046875 0.626953125 0.901611328125 0.6259765625 0.898681640625 0.619873046875 0.89404296875 0.612060546875 0.89306640625 0.60791015625 0.895751953125 0.60693359375 0.899658203125 0.60693359375 0.915283203125 0.609130859375 0.9189453125
0 0.6357421875 0.921630859375 0.642578125 0.916259765625 0.6455078125 0.902587890625 0.635986328125 0.89794921875 0.629150390625 0.8974609375 0.62646484375 0.901123046875 0.62744140625 0.916259765625 0.631591796875 0.92041015625
0 0.57763671875 0.884033203125 0.580322265625 0.88330078125 0.58203125 0.879638671875 0.58447265625 0.850830078125 0.580810546875 0.845703125 0.572509765625 0.84423828125 0.56591796875 0.848388671875 0.56494140625 0.856689453125 0.57080078125 0.882080078125 0.573974609375 0.88427734375
0 0.55615234375 0.861083984375 0.56640625 0.859619140625 0.56689453125 0.850830078125 0.564697265625 0.84716796875 0.556884765625 0.84716796875 0.5498046875 0.851318359375 0.5478515625 0.859619140625 0.549560546875 0.861328125
0 0.5654296875 0.839111328125 0.56982421875 0.837158203125 0.5712890625 0.831298828125 0.564208984375 0.82470703125 0.560546875 0.827392578125 0.56005859375 0.833251953125 0.560546875 0.835693359375
0 0.5703125 0.810791015625 0.573486328125 0.8095703125 0.57763671875 0.803955078125 0.57958984375 0.792724609375 0.577392578125 0.79052734375 0.570556640625 0.7939453125 0.56298828125 0.803955078125 0.566162109375 0.81005859375
0 0.4677734375 0.860595703125 0.474853515625 0.85791015625 0.48291015625 0.847900390625 0.48291015625 0.836669921875 0.476806640625 0.82958984375 0.466552734375 0.8310546875 0.459228515625 0.8349609375 0.455078125 0.839599609375 0.45654296875 0.851318359375 0.464111328125 0.85986328125
0 0.47509765625 0.802490234375 0.47998046875 0.798583984375 0.48046875 0.793212890625 0.475830078125 0.78662109375 0.470458984375 0.78466796875 0.46630859375 0.787353515625 0.46435546875 0.792724609375 0.469482421875 0.80126953125
0 0.50048828125 0.810302734375 0.510009765625 0.8076171875 0.515625 0.799072265625 0.51611328125 0.784423828125 0.513427734375 0.78125 0.506591796875 0.7783203125 0.497802734375 0.7802734375 0.48974609375 0.789306640625 0.490234375 0.807861328125 0.493408203125 0.810546875
0 0.52392578125 0.761474609375 0.5380859375 0.751708984375 0.5390625 0.745361328125 0.537353515625 0.74267578125 0.526123046875 0.74169921875 0.52197265625 0.745361328125 0.51806640625 0.758544921875 0.519775390625 0.76123046875
0 0.5040221522684976 0.7365858824716534 0.49797864509187884 0.7312838819994272 0.501734875508285 0.7232332763266647 0.5081741837970079 0.7200130340575597 0.5178331462300924 0.7243066986058659 0.5156867428858669 0.7302104597202259
0 0.2537546252106871 0.9892675657390246 0.2463089964316154 0.9915868069415802 0.2387964864707798 0.9899766858070277 0.23772323567064363 0.9835362012688178 0.23772323567064363 0.9787058378651603 0.24523579475950275 0.9781691144413102 0.25382150639245105 0.9792425612890103
0 0.22021484375 0.977294921875 0.2255859375 0.973388671875 0.2265625 0.963134765625 0.222412109375 0.95849609375 0.212158203125 0.95751953125 0.2080078125 0.962158203125 0.20849609375 0.969482421875 0.213623046875 0.97607421875
0 0.0224609375 0.999755859375 0.01806640625 0.988525390625 0.013916015625 0.98388671875 0.008056640625 0.98095703125 0 0.981689453125 0.000244140625 1
0 0.23444137553420008 0.9715637535355783 0.22913752403769538 0.9636780242303378 0.22860089863762725 0.9550907442707228 0.22913752403769538 0.9465034151741103 0.23933306274282434 0.9389895329251978 0.24684562183168351 0.9422097751943028 0.2570411605368125 0.9432831729050053 0.2624072671534228 0.9491869340193653 0.2570411605368125 0.9567008654052752 0.2489920251759088 0.9609945053850828 0.2420161406151412 0.9668982664994428
0 0.24570743784548416 0.9393750040747666 0.26026081468117407 0.9389895329251979 0.2645537196256716 0.932549048386988 0.26079744008124206 0.9244984427142253 0.2543581317925191 0.9228883215796729 0.24684562183168346 0.9202047535974204 0.23933306274282434 0.9207414770212704 0.23504020692635022 0.9277186849833304
0 0.24248856289940302 0.8870682862009478 0.2420161406151412 0.8783416040990556 0.24416254395936665 0.8713644207054942 0.24738219810372808 0.8665340573018369 0.25221167932027033 0.8659973584464855 0.25543133346463176 0.8719011195608457 0.2532849301204064 0.8810251475128094
0 0.2770914685697755 0.9047720984043941 0.2779689124751622 0.8922959954546767 0.27957873954734286 0.883708690926563 0.2827983936917044 0.8794150263782567 0.2903109527805634 0.8820985697920105 0.2924573561247888 0.8912225731754755 0.287091298636202 0.9014200234066405 0.2822618174196597 0.9073237845210005
0 0.52197265625 0.655029296875 0.52587890625 0.651123046875 0.525390625 0.644775390625 0.520751953125 0.640625 0.511962890625 0.64111328125 0.509765625 0.647216796875 0.51123046875 0.650634765625 0.515869140625 0.65478515625
0 0.13615780340889763 0.9255537134539062 0.12821058599160903 0.9236954252775472 0.1278111873647756 0.9189019125582893 0.1298081439340223 0.9141083998390316 0.13500014325825438 0.9117116434794027 0.13859462120499375 0.9129100216592172 0.13819525914308084 0.9185024409744846
0 0.01220703125 0.813720703125 0.019775390625 0.8115234375 0.0302734375 0.801025390625 0.03466796875 0.785400390625 0.032470703125 0.779296875 0.027587890625 0.77880859375 0.019287109375 0.78466796875 0.00830078125 0.798095703125 0.005859375 0.807861328125 0.008544921875 0.81396484375
0 0.00146484375 0.960205078125 0.006591796875 0.9580078125 0.01220703125 0.949951171875 0.011962890625 0.9384765625 0.006591796875 0.93798828125 0 0.940185546875 0 0.960205078125
0 0.03932068777758099 0.9710619793647406 0.029502876224182996 0.9712550768420997 0.023125002318231377 0.9685971601759175 0.02259349660629663 0.963812880975867 0.028971370512248254 0.9590286017758163 0.03641223151241121 0.9563706851096341 0.03906968708311044 0.9611549643096848 0.04172711832415154 0.9691287629764358
0 0.06642009188115953 0.9583093186101154 0.05979777727745324 0.9558390823091159 0.05820330880096533 0.9483968864428831 0.059266271565518495 0.9393598821750955 0.06564414547147013 0.9367019655089135 0.07202201937742177 0.9393598821750955 0.07361648785390967 0.9505232003085469
0 0.08794020690458955 0.9575122773129513 0.08424628580704845 0.9526495628424154 0.08690374137774765 0.9452073669761827 0.09221862818948796 0.9420178475094823 0.09753351500122825 0.9420178475094823 0.09859650209543956 0.952117960041897 0.09328161528369926 0.9558390823091157
0 0.01461240756549467 0.9264276667235524 0.022593496606296636 0.9228807307092797 0.02525095217699587 0.9175648487087109 0.020467546747532143 0.9117174125758285 0.01355819145930394 0.9186280056415428
0 0.0034538294051976205 0.9152690885632553 0.0029283935061651728 0.9064015305752595 0.006117330459140985 0.9005540944423769 0.009837748794393381 0.8984277319085086 0.014621154223857102 0.9026804083080407 0.0130266857473692 0.91118580977531
0 0.04489997685772952 0.890560808351169 0.04332158680063944 0.8824801345750064 0.04332158680063943 0.8750379387087737 0.05129392918307896 0.8697220567082047 0.05873479018324192 0.8702536595087231 0.06351819561270562 0.8798222179088242 0.06032925865972981 0.8899223304412391 0.050230966418525785 0.8941750555089762
0 0.06562305058399545 0.9112838820774349 0.05660884032447743 0.9101226528424782 0.055014371847989504 0.903212011108559 0.060329258659729816 0.8968329721751582 0.06830160104216937 0.8957698152423265 0.07414799356584441 0.9010856485746906 0.07521095633039757 0.9058699277747413 0.0725535250893565 0.9111858097753102
0 0.11743073489966033 0.8499117021958011 0.11719864243101785 0.8426111412412512 0.11932459228978237 0.8351689453750185 0.12463947910152266 0.835700499507332 0.12463947910152265 0.8468638176407836
0 0.04888518334354988 0.6657951625509 0.054482866136054776 0.6560242524392772 0.056608840324477425 0.6437977530388916 0.06351819561270562 0.6406082335721912 0.06989606951865728 0.6422029933055414 0.06404967699498221 0.6565558309056932 0.060329258659729816 0.6645296295724443
0 0.02816210961728394 0.7223850946495493 0.023125002318231377 0.7155619410396509 0.024719470794719277 0.7070565639064839 0.032691813177158816 0.7065249611059655 0.0369437128946878 0.7150303625732348 0.03588075013013463 0.7208777987061173
0 0.0799697939329488 0.8140448438234178 0.07308500647163309 0.8101843437737288 0.07467947494812097 0.801147388174146 0.07999436175986128 0.7979578687074456 0.08477776718932502 0.8016789666405619 0.08477776718932502 0.8101843437737288
0 0.06881121577265176 0.7957128939886442 0.08424628580704843 0.7974262659069273 0.09912798347771615 0.7905156485071105 0.1017854390484154 0.785199790840644 0.09859650209543958 0.7766943893733745 0.08796670414230082 0.7745680511736084 0.06723861394795802 0.7756312324405427 0.061392245753941116 0.779352330373659 0.0677701196598928 0.7937051679738109
0 0.15409463456920774 0.8196241329035663 0.1474935434842881 0.8144370445073635 0.15015097472532918 0.8059316673741965 0.15493438015479288 0.8043369076408464 0.16078079700812611 0.8069948243070284
0 0.18677332775293481 0.805277389554613 0.17778844453755832 0.8043369076408464 0.1772569388256236 0.7995526284407958 0.1831033556789568 0.7974262659069273 0.18894972387297376 0.7990210256402774
0 0.21706089704516968 0.8275945458752071 0.21074077683186965 0.8271951467082674 0.20648887711434066 0.8234740244410489 0.20914630835538173 0.8181581424404798 0.21499272520871493 0.817094985507648 0.21818166216169074 0.8186897452409982 0.221902056167285 0.8218792647076987 0.2203075876907971 0.8282583036410993
0 0.22742243390830263 0.7853513571255111 0.22455953606764237 0.7772259921738929 0.2250909931202608 0.7665942525068573 0.23093740997359394 0.7612783948403908 0.23465780397918828 0.763404733040157 0.23625227245567615 0.7745680511736084 0.2341263469265698 0.7820102713739435
0 0.26010112709202965 0.8299856697666994 0.2607008053149295 0.8234740244410489 0.26495270503245844 0.8197529021738301 0.2707991218857917 0.819221323707414 0.2692046534093038 0.8287899064416178
0 0.185546875 0.753662109375 0.188232421875 0.75341796875 0.1953125 0.743896484375 0.19580078125 0.738525390625 0.193115234375 0.73583984375 0.184814453125 0.73583984375 0.1796875 0.740966796875 0.1806640625 0.751220703125
0 0.158203125 0.748779296875 0.1611328125 0.746337890625 0.16259765625 0.740966796875 0.160888671875 0.73681640625 0.156005859375 0.73583984375 0.15234375 0.737548828125 0.1513671875 0.742919921875 0.154052734375 0.74853515625
0 0.16445617143234073 0.7295584663240259 0.1591863285316382 0.725662077906168 0.15971778558425662 0.7187514605063512 0.1671586709140777 0.7192830389727672 0.1671586709140777 0.7267252591731023
0 0.1298828125 0.732177734375 0.13525390625 0.727294921875 0.1376953125 0.721435546875 0.13671875 0.716552734375 0.133544921875 0.712890625 0.12939453125 0.716552734375 0.125 0.725341796875 0.1259765625 0.730712890625
0 0.2490234375 0.706787109375 0.25634765625 0.704833984375 0.25732421875 0.696044921875 0.253173828125 0.68896484375 0.244873046875 0.6875 0.24267578125 0.688720703125 0.24169921875 0.693603515625 0.2431640625 0.705322265625
0 0.3505859375 0.580322265625 0.35986328125 0.572509765625 0.36376953125 0.560302734375 0.36865234375 0.553466796875 0.36865234375 0.549560546875 0.361572265625 0.5458984375 0.352294921875 0.546875 0.34228515625 0.556396484375 0.34130859375 0.565185546875 0.34375 0.575439453125 0.346435546875 0.57958984375
0 0.38525390625 0.527099609375 0.38720703125 0.523681640625 0.38623046875 0.514892578125 0.383544921875 0.5126953125 0.376708984375 0.51318359375 0.37646484375 0.522216796875
0 0.353515625 0.532958984375 0.357666015625 0.53173828125 0.36474609375 0.523193359375 0.3671875 0.513916015625 0.364990234375 0.5107421875 0.360595703125 0.5107421875 0.3505859375 0.525146484375 0.349609375 0.530029296875
0 0.37886028036947683 0.5430508027876325 0.35796338238069175 0.5433786752644829 0.35530595113965074 0.5332785383979657 0.3669986875276845 0.5258363181976307 0.37656549838661196 0.5253047397312147 0.38666381495747415 0.529557416130747 0.38719532066940887 0.5359364550641479
0 0.5732421875 0.766845703125 0.584716796875 0.7646484375 0.59326171875 0.757080078125 0.59716796875 0.749755859375 0.596435546875 0.74267578125 0.588623046875 0.73974609375 0.580322265625 0.74560546875 0.572509765625 0.74365234375 0.56689453125 0.746337890625 0.5654296875 0.748779296875 0.56689453125 0.763427734375 0.568115234375 0.765625
0 0.6227549173016838 0.7741927789652141 0.6221136437657496 0.7681890122402075 0.6253025807187254 0.7602152135734566 0.631680454624677 0.7522414149067056 0.6359324030015224 0.7543677531064718 0.6338064774724159 0.7623415517732227 0.6311489975720586 0.7687205907066236
0 0.6402898258392934 0.7718016550737219 0.6391213399544982 0.763404733040157 0.6412472654836047 0.7591520323065224 0.6449677568078311 0.7591520323065223 0.6460306709130682 0.7639363115065729
0 0.73779296875 0.820556640625 0.7470703125 0.816650390625 0.75390625 0.802001953125 0.75 0.790771484375 0.74560546875 0.784423828125 0.741455078125 0.7822265625 0.737060546875 0.783203125 0.73388671875 0.787353515625 0.73095703125 0.803466796875 0.73095703125 0.817626953125 0.733642578125 0.8203125
0 0.9766412532425329 0.8538969086816216 0.9691763145874949 0.8489901801746521 0.9649243662106497 0.8426111412412514 0.9627984406815432 0.8330425828411501 0.9665188346871375 0.8250687841743989 0.9718337944878522 0.8155002257742978 0.9782116683938037 0.817626563974064 0.9803375939229103 0.8240056272415671 0.9760856455460649 0.8319794259083182 0.974491177069577 0.8372952592406824 0.9771486569699344 0.8420795384407329 0.985120999352374 0.8436742981740832
0 1 0.824462890625 0.999755859375 0.791015625 0.99072265625 0.799072265625 0.98828125 0.816650390625 0.990478515625 0.822265625
0 0.94970703125 0.845458984375 0.95703125 0.833251953125 0.95751953125 0.819580078125 0.94970703125 0.806396484375 0.945068359375 0.8056640625 0.93896484375 0.812255859375 0.9326171875 0.831787109375 0.938720703125 0.84130859375 0.945556640625 0.84521484375
0 0.94091796875 0.882568359375 0.9443359375 0.879150390625 0.94775390625 0.863525390625 0.95068359375 0.859130859375 0.946044921875 0.8505859375 0.93408203125 0.855224609375 0.931640625 0.866455078125 0.927734375 0.870849609375 0.930419921875 0.88037109375
0 0.9096495239048238 0.8665325372415045 0.9154958434395245 0.8617482580414538 0.9229367287693454 0.8617482580414538 0.9229367287693455 0.871316816441555
0 0.8961400822289614 0.8626643629504265 0.895830764669051 0.8559008219085712 0.8958307646690512 0.84633226350847 0.900614170098515 0.8431427440417695 0.9038031070514906 0.8463322635084699 0.9053975755279785 0.8532428565741843 0.9022086385750028 0.8585587385747533 0.899019701622027 0.862279860841972
0 0.8786051736913517 0.8602732390589342 0.8793546228515535 0.8537744593747028 0.879886079904172 0.8458006607079516 0.8836064739097663 0.8431427440417696 0.8867954108627422 0.8415479843084195 0.889984347815718 0.8468638176407837 0.890515902186969 0.8532428565741844 0.8846694853336358 0.8622798608419722 0.88148054838066 0.8628114149742856
0 0.8530998521821014 0.8459264957099808 0.8474652533217955 0.8442059009746015 0.8453392304740563 0.8383584648417189 0.8479967103744139 0.8314478231077997 0.8538431272277472 0.8325109800406316 0.8570320641807231 0.8383584648417189 0.8580949782859598 0.8447375037751197
0 0.52587890625 0.553955078125 0.531982421875 0.55126953125 0.54150390625 0.539794921875 0.54296875 0.526611328125 0.537841796875 0.52197265625 0.531005859375 0.52294921875 0.5166015625 0.539306640625 0.51611328125 0.546630859375 0.51806640625 0.550537109375 0.521728515625 0.5537109375
0 0.6748046875 0.592529296875 0.68017578125 0.588623046875 0.6845703125 0.580810546875 0.68408203125 0.573486328125 0.678466796875 0.568359375 0.674072265625 0.56884765625 0.660888671875 0.576171875 0.65771484375 0.580810546875 0.658203125 0.584716796875 0.661865234375 0.5888671875 0.668701171875 0.5927734375
0 0.568359375 0.660400390625 0.57177734375 0.658447265625 0.57666015625 0.650146484375 0.576171875 0.644287109375 0.572509765625 0.64111328125 0.563720703125 0.64404296875 0.5556640625 0.651123046875 0.5556640625 0.655517578125 0.558837890625 0.6591796875
0 0.7590489791167405 0.81643596771491 0.7565805501619847 0.8096527653073129 0.7624268696966855 0.8027421479074961 0.7751826175085886 0.8022105451069779 0.7799660229380524 0.8054000645736783 0.7757141718798397 0.8123107063075974 0.7698677550265065 0.8133738632404293
0 0.774989805060022 0.8020892243659568 0.7677418294974002 0.801147388174146 0.7677418294974003 0.7947683492407451 0.7730566919794825 0.7867945505739942 0.779434565885434 0.7846681880401256 0.7826235028384098 0.7905156485071105 0.7836865142622792 0.7974262659069273
0 0.7877424658146472 0.8020892243659568 0.788469919691743 0.7963631089740953 0.7927217707499556 0.7931735895073949 0.7985681876032887 0.7889208887737602 0.8028201359801339 0.7894524672401761 0.804414604456622 0.7963631089740952 0.7980367305506703 0.8006157853736275 0.7948477935976945 0.8022105451069779
0 0.80517578125 0.790283203125 0.81640625 0.787841796875 0.81982421875 0.776611328125 0.817138671875 0.76904296875 0.811767578125 0.76904296875 0.8037109375 0.774169921875 0.80224609375 0.788330078125
0 0.8132477873238976 0.8124507612290897 0.8097294669387041 0.8080580055739628 0.8107924783625737 0.803273726373912 0.8134498609442985 0.8016789666405619 0.81982773485025 0.801147388174146 0.8230166718032259 0.8064632458406125 0.8192962777976316 0.811779103507079
0 0.8610702651537421 0.8068714721489412 0.8543745842803656 0.8043369076408464 0.8522486587512594 0.7984894471738615 0.8549060413329841 0.7931735895073949 0.8596894467624479 0.7921104082404606 0.8650044065631625 0.795831506173577 0.8660673206683992 0.8022105451069779
0 0.848317604399117 0.8204211742007305 0.8416188364684623 0.8181581424404798 0.839492910939356 0.8139054660409476 0.8416188364684623 0.8075264271075467 0.8442763163688196 0.8059316673741966 0.8479967103744138 0.8069948243070285 0.8511856473273898 0.8085895840403787 0.8533115728564962 0.8133738632404293
0 0.9320069406013448 0.7837572745311829 0.9239997401932151 0.7820102713739435 0.9213422602928576 0.7756312324405427 0.923468185821964 0.7692521935071419 0.9266571227749398 0.7644679143070912 0.9346294651573793 0.7623415517732227 0.939944424958094 0.7665942525068574 0.9356924765812489 0.7772259921738929
0 0.8881696692573207 0.7829602332340189 0.8873269652339931 0.7756312324405427 0.8915788162922058 0.7724417129738423 0.8958307646690512 0.7745680511736085 0.8958307646690512 0.7788207519072432
0 0.9614974685964155 0.7662223659935734 0.9627984406815432 0.7580888753736904 0.9681133031636255 0.7527729933731215 0.9771486569699345 0.7511782336397713 0.9766171999173159 0.7580888753736905 0.9734282629643402 0.762873154573741 0.9665188346871375 0.7655310712399231 0.9622669836289248 0.7660626740404415
0 0.9790323771340251 0.7231821359467133 0.9734282629643402 0.7198146417732856 0.972896708593089 0.708651323639834 0.9808690509755286 0.7070565639064839 0.9883099363053498 0.7123724215729504
0 0.9877998314028299 0.7550637878332763 0.9909674162057072 0.7453307975068888 0.993624798787432 0.7394833370399039 1 0.7373569988401378 1 0.7511782336397713 0.994156353158683 0.7564941156403402
0 0.9726560467567126 0.7502815400502918 0.9707707830639828 0.7410780967732541 0.9728967085930891 0.7362938175732036 0.9771486569699345 0.730977959906737 0.9819320623993981 0.725662077906168 0.9883099363053498 0.7219409799730516 0.9920303303109439 0.7245989209733361 0.9920303303109439 0.7315095383731529 0.9845895422997555 0.7437360377735386 0.9787431254464223 0.7490518954400052
0 0.88671875 0.722412109375 0.8935546875 0.704833984375 0.889892578125 0.69677734375 0.883544921875 0.69580078125 0.87255859375 0.703857421875 0.87158203125 0.716552734375 0.875732421875 0.72265625
0 0.8889667105544847 0.7526726639417841 0.8825435598045296 0.7442676162399544 0.8793546228515536 0.7373569988401377 0.8777601543750657 0.7283200189064525 0.8820120054332784 0.7261936807066863 0.8905159021869689 0.7299147786398027 0.8942362961925631 0.7400149155063198 0.8942362961925631 0.747457135706655
0 0.8515057695877732 0.7502815400502918 0.8432133049449503 0.7501150767069393 0.837366888091617 0.7447991947063705 0.8363039739863803 0.7362938175732034 0.842681847892332 0.7315095383731529 0.8517171043800082 0.7277884404400365 0.8596894467624476 0.733635876572919 0.857032064180723 0.74160967523967
0 0.8467235218047887 0.7255732598382055 0.8517171043800082 0.7198146417732856 0.8580949782859598 0.7144987597727166 0.8650044065631626 0.7155619410396509 0.8671303320922688 0.7219409799730516 0.8628783837154235 0.7261936807066863 0.8586265326572108 0.7261936807066863 0.8517171043800082 0.7283200189064525
0 0.93798828125 0.690185546875 0.945556640625 0.68798828125 0.94921875 0.681884765625 0.94873046875 0.673583984375 0.944580078125 0.66845703125 0.932373046875 0.67041015625 0.927734375 0.678955078125 0.92822265625 0.688232421875 0.931884765625 0.6904296875
0 0.72607421875 0.721923828125 0.733642578125 0.720703125 0.74072265625 0.710205078125 0.74169921875 0.700927734375 0.738525390625 0.6962890625 0.728759765625 0.69873046875 0.7216796875 0.706787109375 0.720703125 0.716552734375
0 0.75 0.709716796875 0.75244140625 0.706787109375 0.75244140625 0.697998046875 0.749267578125 0.69384765625 0.745361328125 0.693359375 0.74267578125 0.696533203125 0.7431640625 0.702880859375 0.744140625 0.705810546875
0 0.77783203125 0.684814453125 0.78271484375 0.678466796875 0.78271484375 0.674072265625 0.779052734375 0.66796875 0.772705078125 0.6669921875 0.7685546875 0.670654296875 0.767578125 0.680419921875 0.771728515625 0.68505859375
0 0.7578125 0.790771484375 0.76611328125 0.787841796875 0.76806640625 0.778564453125 0.76806640625 0.771728515625 0.76513671875 0.765869140625 0.760986328125 0.76416015625 0.75634765625 0.764892578125 0.75537109375 0.777099609375 0.75146484375 0.786865234375 0.753173828125 0.79052734375
0 0.75341796875 0.759033203125 0.75732421875 0.756591796875 0.75927734375 0.751220703125 0.757080078125 0.74853515625 0.749267578125 0.74658203125 0.74365234375 0.753173828125 0.747802734375 0.7578125
0 0.7797720528430064 0.7646282833992453 0.7799660229380524 0.7580888753736903 0.7858124397913857 0.747457135706655 0.7895328337969798 0.747457135706655 0.7863438968440041 0.7607467920398725
0 0.8125 0.760986328125 0.8173828125 0.757080078125 0.814453125 0.739013671875 0.809814453125 0.734375 0.800537109375 0.73291015625 0.796875 0.737548828125 0.79833984375 0.745849609375 0.80712890625 0.760009765625
0 0.8132477873238976 0.7215880533523852 0.8139814153155496 0.7086513236398341 0.8192962777976317 0.7070565639064839 0.821422203326738 0.7166251223065851 0.8187648207450132 0.7235357397064018
0 0.82861328125 0.698974609375 0.83642578125 0.693115234375 0.8427734375 0.683349609375 0.84375 0.675048828125 0.840087890625 0.671875 0.834228515625 0.67138671875 0.823486328125 0.67431640625 0.8154296875 0.680908203125 0.81494140625 0.690673828125 0.81689453125 0.695556640625 0.822998046875 0.69921875
0 0.6591796875 0.732177734375 0.663818359375 0.73046875 0.67138671875 0.721923828125 0.66650390625 0.717529296875 0.6640625 0.705810546875 0.659423828125 0.703125 0.650634765625 0.7021484375 0.644775390625 0.69775390625 0.639404296875 0.697265625 0.6357421875 0.705810546875 0.63623046875 0.709716796875 0.652099609375 0.72998046875
0 0.67529296875 0.667236328125 0.68359375 0.656494140625 0.6865234375 0.647705078125 0.686279296875 0.640625 0.678466796875 0.64013671875 0.672119140625 0.64208984375 0.6630859375 0.651123046875 0.6630859375 0.655029296875 0.6689453125 0.665283203125
0 0.646484375 0.656982421875 0.65087890625 0.652587890625 0.65283203125 0.634521484375 0.648193359375 0.62841796875 0.639892578125 0.62744140625 0.63232421875 0.633544921875 0.62939453125 0.647216796875 0.635986328125 0.65576171875
0 0.64892578125 0.695556640625 0.65966796875 0.691162109375 0.6640625 0.677490234375 0.662841796875 0.67138671875 0.651123046875 0.66943359375 0.646484375 0.671630859375 0.6455078125 0.683349609375 0.64208984375 0.694580078125
0 0.69091796875 0.697509765625 0.69873046875 0.687744140625 0.70068359375 0.674560546875 0.691162109375 0.6689453125 0.682861328125 0.66943359375 0.6806640625 0.670654296875 0.6806640625 0.678466796875 0.68310546875 0.682861328125 0.68212890625 0.690673828125 0.686279296875 0.69677734375
0 0.6713744364286923 0.7120235577864165 0.6699476980603868 0.6975387909330368 0.6731366350133626 0.6895649922662859 0.6773885833902079 0.6869070512660014 0.686423937196517 0.6916913304660519 0.686423937196517 0.6996651291328029 0.6789830518666958 0.7108284716003568
0 0.6713744364286923 0.6881123188714942 0.6656958470021742 0.685312291532651 0.666758761107411 0.6773384928659001 0.6699476980603868 0.6677699344657988 0.6768571263375895 0.6683015129322148 0.6795145089193143 0.6794648310656662
0 0.8291886132671791 0.6363046345558293 0.832052025609535 0.6257746029322775 0.8352409625625107 0.6193955639988767 0.8432133049449504 0.6114217653321257 0.8511856473273898 0.6135481035318919 0.8437447619975686 0.6220534806650588 0.838961356568105 0.6316220390651601
0 0.796875 0.611083984375 0.800048828125 0.6103515625 0.80419921875 0.604736328125 0.80419921875 0.600341796875 0.800048828125 0.595703125 0.796142578125 0.595703125 0.78857421875 0.603759765625 0.789306640625 0.6083984375
0 0.78857421875 0.643798828125 0.79052734375 0.637939453125 0.78466796875 0.626708984375 0.776611328125 0.62109375 0.77294921875 0.626708984375 0.77490234375 0.639892578125 0.778076171875 0.642578125
0 0.81201171875 0.670166015625 0.8125 0.655517578125 0.81103515625 0.651123046875 0.800537109375 0.64501953125 0.793212890625 0.64697265625 0.79150390625 0.651123046875 0.796875 0.662353515625 0.806884765625 0.66943359375
0 0.8720703125 0.662353515625 0.880126953125 0.6591796875 0.88427734375 0.654052734375 0.8857421875 0.643798828125 0.879150390625 0.6357421875 0.866455078125 0.63232421875 0.85888671875 0.640380859375 0.85546875 0.648193359375 0.85498046875 0.655029296875 0.859130859375 0.66015625
0 0.89111328125 0.635986328125 0.896484375 0.629638671875 0.89599609375 0.623779296875 0.891357421875 0.6171875 0.881591796875 0.615234375 0.8720703125 0.620361328125 0.869140625 0.626708984375 0.870849609375 0.630859375 0.875732421875 0.63427734375
0 0.64501953125 0.596923828125 0.651611328125 0.59423828125 0.6552734375 0.588623046875 0.651123046875 0.58251953125 0.638427734375 0.58740234375 0.63525390625 0.591552734375 0.635986328125 0.5966796875
0 0.60498046875 0.572021484375 0.611572265625 0.56982421875 0.6142578125 0.565673828125 0.61376953125 0.554443359375 0.611572265625 0.55078125 0.602783203125 0.55224609375 0.59619140625 0.560791015625 0.5966796875 0.569091796875
0 0.5797146872548237 0.5470360092734529 0.5748111438423634 0.5428978822247211 0.5753426008949819 0.5375820002241521 0.5801260063244457 0.5306713828243355 0.5870353372830156 0.5327977210241015 0.5902242742359916 0.5391767599575024 0.5875668916542667 0.5471505586242533 0.582783486224803 0.5529980190912382
0 0.57763671875 0.521728515625 0.583740234375 0.51904296875 0.58740234375 0.514404296875 0.58642578125 0.507080078125 0.581298828125 0.5029296875 0.576416015625 0.5029296875 0.5732421875 0.506103515625 0.57373046875 0.518310546875
0 0.7694105159798735 0.5279070181415151 0.7613639555914485 0.5258871036242848 0.7597694871149606 0.518976486224468 0.7634898811205548 0.5157869667577676 0.7703992120791249 0.5147237854908334 0.7762456289324582 0.5200396431573
0 0.8486328125 0.549072265625 0.85107421875 0.546630859375 0.849609375 0.537353515625 0.846435546875 0.53369140625 0.839599609375 0.53466796875 0.8369140625 0.537841796875 0.8369140625 0.541748046875 0.843017578125 0.54833984375
0 0.86865234375 0.563720703125 0.87158203125 0.559814453125 0.87158203125 0.554931640625 0.867431640625 0.55029296875 0.863037109375 0.55029296875 0.8603515625 0.554931640625 0.86083984375 0.560302734375 0.864501953125 0.5634765625
0 0.9248335689268681 0.5175454812783822 0.9176218662872633 0.518976486224468 0.9133699179104181 0.5141922070244174 0.9160273978107755 0.5088763250238485 0.9202792488689882 0.5078131680910165
0 0.9328039818985089 0.5143573160897258 0.9271886771461909 0.5120658444905488 0.92665712277494 0.5051552270907321 0.9314405282044036 0.503028888890966 0.9362239336338674 0.5083447465574326
0 0.9822205423226814 0.5039957792265929 0.9782116683938038 0.49877618815733127 0.9766171999173159 0.49346033049086474 0.9776801140225528 0.4881444484902958 0.9808690509755287 0.4854865318241137 0.9867154678288619 0.49292872769034635 0.9883099363053496 0.5003709478906815
0 1 0.488525390625 0.999267578125 0.4716796875 0.995849609375 0.47265625 0.9912109375 0.479736328125 0.9931640625 0.484619140625
0 0.9933791204829786 0.4513910536137639 0.9877784792527313 0.4525281558901753 0.9861840107762434 0.448807057957059 0.9899044047818377 0.4418964162231399 0.9957508216351706 0.44349117595649007 1 0.4514649746232411
0 0.8244063654841947 0.4338561450761543 0.821953757697989 0.42701200015657215 0.8166387978972742 0.41903820148982107 0.8177018093211437 0.41053282435665406 0.828863088656559 0.4068117020894354 0.8352409625625107 0.4147855007561864 0.8347095055098923 0.42701200015657215
0 0.91845703125 0.427001953125 0.93505859375 0.415283203125 0.935546875 0.407470703125 0.933837890625 0.40478515625 0.923095703125 0.4072265625 0.9150390625 0.414306640625 0.91357421875 0.423095703125 0.915283203125 0.42626953125
0 0.8730258846112032 0.420306443024365 0.872445194574351 0.4142539222897704 0.8788230684803027 0.4078748833563696 0.8846694853336358 0.41106440282307 0.8809490913280414 0.4174434417564708
0 0.6634040234570515 0.5215306877642025 0.6550660247193772 0.5226975841575844 0.6433732883313434 0.5195080646908838 0.6444362024365802 0.513660604223899 0.6492196078660438 0.5120658444905489 0.6571919502484834 0.5120658444905489
0 0.8020892091636006 0.5295011007358432 0.7964422620741826 0.5258871036242848 0.8001626560797767 0.518976486224468 0.805477518561859 0.5163185452241836 0.8076035414095978 0.5242923438909346
0 0.2099609375 0.512451171875 0.220703125 0.506103515625 0.224609375 0.494873046875 0.222412109375 0.490234375 0.213134765625 0.4892578125 0.20361328125 0.496337890625 0.201171875 0.502197265625 0.2021484375 0.510009765625 0.204833984375 0.51220703125
0 0.63623046875 0.122802734375 0.64111328125 0.114013671875 0.6396484375 0.101806640625 0.635009765625 0.0947265625 0.627197265625 0.09423828125 0.62353515625 0.097412109375 0.623046875 0.114013671875 0.627685546875 0.1201171875
0 0.86572265625 0.171630859375 0.872802734375 0.16943359375 0.8759765625 0.166259765625 0.87744140625 0.155517578125 0.87548828125 0.147216796875 0.869384765625 0.1416015625 0.862548828125 0.14013671875 0.85205078125 0.148193359375 0.84814453125 0.158447265625 0.849609375 0.163818359375 0.853271484375 0.16796875 0.860107421875 0.17138671875
0 0.47211411213767357 0.48088158160883465 0.46745020154642275 0.4759179734240125 0.4706391384993986 0.46900733169009334 0.4775485181172848 0.4684757532236774 0.4796744923057075 0.473791610890144
0 0.48566381418946286 0.4768963751230143 0.4786114808818379 0.47326003242372805 0.4754225439288622 0.4631598955572109 0.47914298659377286 0.45359133715710964 0.48605236621165915 0.4551860968904598 0.4924302401176108 0.46050195455692633 0.4934932028821638 0.46741257195674313
0 0.4921875 0.427490234375 0.501708984375 0.42578125 0.50830078125 0.422119140625 0.5126953125 0.412353515625 0.510986328125 0.40625 0.506103515625 0.40576171875 0.497802734375 0.41162109375 0.48583984375 0.413330078125 0.4853515625 0.424072265625
0 0.451171875 0.412841796875 0.4609375 0.403564453125 0.46240234375 0.391845703125 0.459228515625 0.388671875 0.451416015625 0.39013671875 0.44287109375 0.404052734375 0.44482421875 0.410888671875 0.447021484375 0.4130859375
0 0.64404296875 0.429931640625 0.650146484375 0.42822265625 0.6533203125 0.425048828125 0.6552734375 0.420166015625 0.653564453125 0.4140625 0.647705078125 0.4130859375 0.64208984375 0.417236328125 0.64013671875 0.425537109375 0.640625 0.427978515625
0 0.6602158582683952 0.4673318795570454 0.6651642926309231 0.45678085662381007 0.6699476980603868 0.45359133715710964 0.6773885833902079 0.45359133715710964 0.6858923828252659 0.457312435090226 0.6837664572961595 0.46369147402362687 0.6741996464372321 0.4626282927566926 0.6662273040547925 0.4690073316900934
0 0.7335436576074902 0.4880549532833114 0.7273485632139514 0.4838917720907635 0.721502243679251 0.4785758900901946 0.7204392322553813 0.4711336942239619 0.7326635230146662 0.4695389344906117 0.7369153740728789 0.47591797342401254
0 0.7509765625 0.506591796875 0.7607421875 0.500732421875 0.76123046875 0.482666015625 0.7685546875 0.470947265625 0.765380859375 0.466796875 0.757568359375 0.4677734375 0.74853515625 0.477783203125 0.7431640625 0.498779296875 0.74462890625 0.503662109375 0.748291015625 0.5068359375
0 0.7383259053904746 0.4394354341563028 0.735320905596391 0.4296699411568565 0.741167322449724 0.42010138275675535 0.7443562594027 0.4137223438233545 0.7491396648321637 0.40893806462330384 0.7571120072146033 0.411595981289486 0.7618954126440671 0.41850662302340513 0.7475451963556757 0.4333910390899729
0 0.5701501916888548 0.41153898875556016 0.5663072470886729 0.4062801236230194 0.5694961840416487 0.3999010846896186 0.5753426008949819 0.4009642659565529 0.5753426008949819 0.4052169423560852
0 0.609375 0.371826171875 0.619384765625 0.36962890625 0.62646484375 0.364013671875 0.62744140625 0.356689453125 0.624267578125 0.3525390625 0.611572265625 0.35400390625 0.60595703125 0.359619140625 0.60400390625 0.369384765625
0 0.3605283305347031 0.3852366259491457 0.36327829352209035 0.37544809805589835 0.3638097505747087 0.36003209135586345 0.372313598669083 0.3637531892889798 0.3712506359045298 0.37757444842271576
0 0.294921875 0.422119140625 0.302734375 0.416259765625 0.30419921875 0.410888671875 0.30322265625 0.402099609375 0.298583984375 0.3994140625 0.28662109375 0.411865234375 0.28955078125 0.420166015625
0 0.32177734375 0.438720703125 0.326171875 0.433349609375 0.32666015625 0.427490234375 0.322509765625 0.42333984375 0.314208984375 0.421875 0.314453125 0.434814453125 0.317138671875 0.4384765625
0 0.274447870440983 0.431465021184662 0.26123231102686423 0.4280751814235063 0.26442124797984 0.42010138275675535 0.27186208465034484 0.4206329612231713 0.2739880588387675 0.4259488188896378
0 0.38762773463828165 0.4083508235669039 0.38825828343396196 0.3999010846896186 0.39251018315149094 0.3983063249562684 0.3972935885809547 0.3999010846896186 0.3962306258164016 0.4052169423560852
0 0.092722454687574 0.3971922454066068 0.08690374137774765 0.39144649298310574 0.09062415971300004 0.385067454049705 0.09700203361895166 0.3893201304492373
0 0.10627215673936327 0.42827685599600573 0.10816331295436703 0.4169626487167091 0.11347819976610732 0.41111518824972426 0.11985607367205896 0.4111151882497242 0.11773012381329448 0.4164310459161908 0.11560417395452999 0.42121532511624143 0.11454118686031867 0.4259996043162921
0 0.22981355779979487 0.3940040802179505 0.22349652464377287 0.3925096499159377 0.22349652464377287 0.38719379224947115 0.22987439854972452 0.385067454049705 0.23093740997359397 0.3877253707158871
0 0.5322265625 0.341064453125 0.54833984375 0.333740234375 0.54833984375 0.321533203125 0.542236328125 0.31201171875 0.535400390625 0.314453125 0.5234375 0.329345703125 0.5224609375 0.337646484375 0.526611328125 0.34130859375
0 0.64404296875 0.352294921875 0.64892578125 0.345458984375 0.64892578125 0.340576171875 0.643310546875 0.3369140625 0.63525390625 0.341552734375 0.6337890625 0.349853515625 0.635498046875 0.3525390625
0 0.7734375 0.379150390625 0.791748046875 0.376953125 0.79541015625 0.370361328125 0.7939453125 0.361572265625 0.788818359375 0.35888671875 0.774169921875 0.361328125 0.7666015625 0.375244140625 0.768310546875 0.37841796875
0 0.9065016190920944 0.3334289416334808 0.8990197016220269 0.3319087800486299 0.888921433710481 0.3260613439157474 0.8899843478157179 0.3196823049823466 0.895830764669051 0.3127716632484274 0.902740095627621 0.3138348445153617 0.9091179695335728 0.31968230498234657 0.908055055428336 0.3265929223821633
0 0.8905607931488129 0.35893426314273125 0.8836064739097663 0.35848811704916744 0.8777601543750658 0.35529859758246707 0.87457121742209 0.3499827399160005 0.8766971429511962 0.3436037009825997 0.8820120054332784 0.34254051971566535 0.889984347815718 0.34200894124924947 0.8931732847686938 0.347324798915716 0.8952993076164328 0.3531722593827009
0 0.8419412740218043 0.3876277498406379 0.8416188364684623 0.3808147533160703 0.8437447619975686 0.37443571438266954 0.847996710374414 0.3712461949159691 0.853311572856496 0.37337253311573526 0.8527801158038777 0.3808147533160703 0.8490597217982834 0.38613061098253687
0 0.9288187754126884 0.3812514194633253 0.9234681858219639 0.37549889564960376 0.9287831456226788 0.3712461949159691 0.9356924765812487 0.3680566754492687 0.9388814135342247 0.37177777338238505 0.9340980081047607 0.3808147533160703
0 0.9583093034077592 0.36690467611437194 0.9553575553517223 0.35689335731581723 0.9601409607811858 0.3547670191160511 0.9665188346871376 0.35742493578223317 0.9649243662106496 0.36646191571591846
0 0.9838146249170096 0.35016680887392637 0.9782116683938038 0.3441352794490156 0.9734282629643402 0.3436037009825997 0.9734282629643402 0.3372246620491989 0.9792745824990408 0.33137720158221395 0.9856524564049924 0.33137720158221395 0.9914988732583256 0.33828781898203075 0.9867154678288619 0.3489195586490662 0.9814006053467796 0.3531722593827009
0 0.9742501293510407 0.3095177027185586 0.965987377634519 0.30586104584861074 0.9638614521054127 0.30267152638191025 0.9638614521054127 0.29629248744850945 0.9659873776345189 0.293102967981809 0.9702393260113644 0.2840659880481237 0.976085645546065 0.28459759084864206 0.9814006053467796 0.2904450269815245 0.9792745824990409 0.3032031048483262
0 0.84130859375 0.270751953125 0.843505859375 0.2705078125 0.84912109375 0.263427734375 0.85009765625 0.259033203125 0.8486328125 0.256103515625 0.841064453125 0.2529296875 0.834716796875 0.2529296875 0.829345703125 0.25537109375 0.82568359375 0.261474609375 0.82666015625 0.266845703125 0.831298828125 0.27001953125
0 0.87109375 0.255126953125 0.892578125 0.236572265625 0.89501953125 0.222900390625 0.890380859375 0.21337890625 0.883544921875 0.2158203125 0.87255859375 0.227783203125 0.8671875 0.247314453125 0.86767578125 0.252197265625
0 0.22024906223382595 0.32944373514766045 0.21233524530835757 0.3276561036490976 0.21074077683186968 0.31968230498234657 0.2187131192143092 0.31436642298177764 0.2234965246437729 0.3223402216485287
0 0.08740234375 0.330322265625 0.091552734375 0.32861328125 0.095703125 0.322509765625 0.0966796875 0.309814453125 0.093017578125 0.30322265625 0.08935546875 0.303955078125 0.08056640625 0.318115234375 0.08203125 0.326904296875
0 0.06402896798966731 0.22742244911065893 0.06139224575394113 0.21766846747458762 0.06670713256568143 0.21182100700760276 0.07521095633039757 0.21128942854118682 0.07680542480688549 0.2197948056743538 0.0725535250893565 0.22617384460775464
0 0.47265625 0.241943359375 0.47900390625 0.236572265625 0.48193359375 0.211669921875 0.478759765625 0.20703125 0.469482421875 0.20556640625 0.463623046875 0.20751953125 0.4599609375 0.211669921875 0.45703125 0.225341796875 0.4599609375 0.236572265625 0.467041015625 0.2421875
0 0.49072265625 0.245849609375 0.5029296875 0.239990234375 0.502197265625 0.22412109375 0.492919921875 0.2236328125 0.48681640625 0.226318359375 0.48388671875 0.234619140625 0.48388671875 0.242431640625 0.486572265625 0.24609375
0 0.39306640625 0.265380859375 0.39794921875 0.262451171875 0.400390625 0.257080078125 0.3994140625 0.252197265625 0.396240234375 0.2490234375 0.390380859375 0.25 0.38623046875 0.257568359375 0.38818359375 0.263427734375
0 0.26169520968635784 0.2465514402425967 0.25698036265001895 0.2415898634748407 0.25751186836195367 0.23042654534138926 0.2591063368384416 0.2197948056743538 0.2676101849328158 0.2229843251410542 0.2692046534093038 0.237868741207622
0 0.36865234375 0.195556640625 0.3779296875 0.188720703125 0.37646484375 0.177490234375 0.368896484375 0.1728515625 0.359130859375 0.17578125 0.35693359375 0.178955078125 0.35791015625 0.192138671875 0.362060546875 0.1953125
0 0.6203637934101915 0.281621257317816 0.6109523644303342 0.2772061560749612 0.6109523644303342 0.26870077894179417 0.6152043128071796 0.2639164997417436 0.6215821867131313 0.2697639358746261
0 0.7239791620415212 0.28321533991214415 0.7177817523550241 0.28305361654194605 0.7183133067262751 0.2772061560749612 0.7236281692083572 0.275079817875195 0.7289430316904394 0.27880091580831134
0 0.7509765625 0.287353515625 0.754638671875 0.2861328125 0.75830078125 0.281494140625 0.7587890625 0.275146484375 0.757080078125 0.27294921875 0.752685546875 0.27294921875 0.74951171875 0.276123046875 0.748046875 0.286376953125
0 0.6506513627024264 0.3198792395816916 0.6449677568078312 0.32026466887541666 0.6417788198548556 0.31335405147559997 0.6470936823369376 0.31016453200889954 0.651345630713783 0.3138856299420159
0 0.77734375 0.243896484375 0.779296875 0.240966796875 0.77783203125 0.229736328125 0.774169921875 0.2255859375 0.768798828125 0.2236328125 0.76416015625 0.227783203125 0.76220703125 0.237548828125 0.772705078125 0.24365234375
0 0.00927734375 0.206787109375 0.015625 0.202880859375 0.0166015625 0.197998046875 0.0126953125 0.188720703125 0.01171875 0.179931640625 0.008544921875 0.1767578125 0.004150390625 0.1767578125 0 0.178955078125 0 0.204345703125
0 0.034538439994596534 0.21785795354469 0.024719470794719277 0.22351590360747015 0.01834159688876765 0.21873162440741956 0.01568414131806843 0.21022624727425254 0.02046754674753215 0.2033156298744358 0.028971370512248268 0.20225244860750152 0.033754775941711994 0.20756830627396808
0 0.017800572754150968 0.2306106142993152 0.010900735888604705 0.2320213050747395 0.00452286198265308 0.22723702587468886 0.0034598748884417645 0.22085798694128805 0.006117330459140983 0.21288418827453703 0.013026685747369197 0.21660528620765337 0.017810091176832923 0.22351590360747012
0 0.2236328125 0.070556640625 0.23046875 0.064697265625 0.23291015625 0.059814453125 0.23193359375 0.053955078125 0.227783203125 0.05078125 0.2236328125 0.052978515625 0.21923828125 0.066162109375 0.2197265625 0.069091796875
0 0.64013671875 0.202392578125 0.6474609375 0.196533203125 0.64599609375 0.186279296875 0.643798828125 0.18408203125 0.631591796875 0.18408203125 0.6298828125 0.187255859375 0.63037109375 0.194580078125 0.634521484375 0.19970703125
0 0.5773235633633315 0.16365914533753295 0.5716222068893876 0.15871314276728427 0.5732166753658755 0.14967616283359894 0.582251931853552 0.1448918836335483 0.5886298057595035 0.13957602596708177 0.5934132111889674 0.1432971239001981 0.5875668916542667 0.15286568230029932
0 0.54931640625 0.168701171875 0.556884765625 0.1650390625 0.55908203125 0.160400390625 0.55517578125 0.152587890625 0.549072265625 0.14892578125 0.545654296875 0.14990234375 0.54345703125 0.153076171875 0.54248046875 0.162841796875 0.545654296875 0.16748046875
0 0.5055898466185648 0.15648577366305627 0.4950876713586517 0.15233410383388343 0.4929616971702291 0.14595506490048263 0.4993395710761807 0.141170785700432 0.5046544822175791 0.1406391828999137 0.5083749248824898 0.14808140310024875
0 0.51806640625 0.114013671875 0.52734375 0.109130859375 0.53173828125 0.098876953125 0.53076171875 0.093017578125 0.524658203125 0.0888671875 0.516357421875 0.091796875 0.5078125 0.102294921875 0.5078125 0.110107421875 0.512939453125 0.1142578125
0 0.30234431584172566 0.11025737842753992 0.2846178324622481 0.11087035076677809 0.2872752637032892 0.09811227289997645 0.30321994846816824 0.094922753433276 0.3074718968450135 0.09758067009945806
0 0.26318359375 0.144775390625 0.26513671875 0.141845703125 0.26513671875 0.127197265625 0.262939453125 0.12353515625 0.259033203125 0.123046875 0.251953125 0.130126953125 0.2509765625 0.134033203125 0.258544921875 0.14306640625
0 0.20510527758770855 0.14532719550275924 0.1953275977789253 0.1480814031002487 0.19267016653788424 0.1427655454337822 0.19745357196734797 0.13585490369986306 0.2027684344494301 0.13904442316656346
0 0.07275390625 0.124267578125 0.076171875 0.119384765625 0.07470703125 0.113525390625 0.066650390625 0.1025390625 0.060791015625 0.10302734375 0.056640625 0.110107421875 0.05615234375 0.118896484375 0.059326171875 0.123046875
0 0.042508852966237284 0.06881123097500802 0.03481776303592331 0.06467310392627632 0.03534924441819989 0.055104545526175094 0.0385381813711757 0.05404136425924083 0.04438457389485075 0.060420403192641636
0 0.76123046875 0.180908203125 0.773193359375 0.17724609375 0.7822265625 0.165283203125 0.7822265625 0.160400390625 0.777587890625 0.15283203125 0.772705078125 0.15234375 0.762939453125 0.1552734375 0.752197265625 0.16259765625 0.74755859375 0.168701171875 0.751708984375 0.1796875
0 0.79931640625 0.183349609375 0.8017578125 0.180419921875 0.80078125 0.172119140625 0.796630859375 0.16845703125 0.793212890625 0.16845703125 0.79052734375 0.172119140625 0.791015625 0.179931640625 0.795654296875 0.18359375
0 0.8339708610501636 0.1373567825311185 0.8256741517035833 0.1321846155275032 0.8256741517035833 0.12474237099306579 0.8278000772326897 0.11942653766070163 0.8352409625625106 0.11676857232631477 0.8448077734214381 0.11464225846065101 0.8469336989505443 0.1194265376607016 0.8458707848453076 0.12686873352693434 0.8416188364684624 0.13431092939316702
0 0.7236328125 0.195068359375 0.73583984375 0.187744140625 0.7373046875 0.182373046875 0.733642578125 0.17626953125 0.721435546875 0.17919921875 0.71826171875 0.182373046875 0.71630859375 0.187744140625 0.7177734375 0.192626953125
0 0.73876953125 0.185302734375 0.751953125 0.177001953125 0.7529296875 0.172119140625 0.750732421875 0.16455078125 0.741455078125 0.16552734375 0.73486328125 0.170654296875 0.7333984375 0.177001953125 0.73583984375 0.184326171875
0 0.7239791620415212 0.16445618663469702 0.7183133067262751 0.15982708512677027 0.7220337007318693 0.15397964899388775 0.7284115746378208 0.15132173232770574 0.7300060431143088 0.15770077126110657
0 0.7447022357677872 0.11583666750768845 0.735852459967642 0.11995809179301514 0.7321319686434152 0.11411065566013265 0.7411673224497242 0.10773161672673189 0.7459507278791879 0.11038953339291396
0 0.6442750323251137 0.06084081800336727 0.6348693915776528 0.07158372132609303 0.6210507296605127 0.0683942018593926 0.6178617927075369 0.05244660452589059 0.6268970491952134 0.050320266326124435 0.6412472654836046 0.049257085059190235
0 0.55517578125 0.085205078125 0.560546875 0.081787109375 0.56103515625 0.077392578125 0.5576171875 0.070556640625 0.552978515625 0.06884765625 0.5498046875 0.071533203125 0.54736328125 0.079345703125 0.550048828125 0.0849609375
0 0.5135602595902055 0.04171182687142949 0.5067804564060018 0.03596742872597259 0.5126268246000187 0.024804110592521203 0.521130672694393 0.023209350859170946 0.521130672694393 0.03224630645875391
0 0.4920401445667754 0.009830174984866519 0.4855208604997243 0.007793331992084953 0.4823319235467486 0.0008827145922681032 0.4950876713586517 0
0 0.594061430603777 0.016206505362179102 0.5843779547012908 0.01948822859195221 0.5833149432774215 0.008324910458500801 0.591287285659861 0.006198572258734644 0.598196616618431 0.010451272992369304
0 0.7375288640933105 0.0640289831920236 0.7246911806322267 0.06839420185939266 0.7119354328203235 0.06945738312632693 0.7124668898729419 0.06148358445957591 0.7225651577844878 0.05350978579282481 0.7363839170202606 0.05191502605947468
0 0.81298828125 0.023681640625 0.81689453125 0.021728515625 0.8193359375 0.016845703125 0.8193359375 0.000244140625 0.797119140625 0 0.796875 0.009521484375 0.798828125 0.015869140625
0 0.8252034067813587 0.05127632243739838 0.8192962777976317 0.0481939037922559 0.8171703522685252 0.040751707926023215 0.8230166718032258 0.035435825925454315 0.8272686201800711 0.03862534539215468 0.828863088656559 0.044472805859139576
0 0.9304128580070166 0.038523661682773214 0.925062654298452 0.03171472799233793 0.9282515912514276 0.02480411059252119 0.932503539628273 0.017893468858602084 0.9378184021103552 0.021614591125820752 0.9372869450577368 0.02905678699205346
0 0.9822205423226814 0.10069288286157102 0.9766171999173157 0.09550511732634612 0.9798061368702919 0.08487337765931072 0.9856524564049927 0.08274703945954448 0.9904358618344559 0.08487337765931069 0.9893729477292192 0.0912524165927115
0 0.97412109375 0.161865234375 0.979736328125 0.1591796875 0.98486328125 0.152587890625 0.9873046875 0.136962890625 0.984130859375 0.13427734375 0.972900390625 0.13427734375 0.968994140625 0.13623046875 0.96484375 0.141845703125 0.96435546875 0.147705078125 0.9677734375 0.159912109375 0.968994140625 0.16162109375
0 0.88623046875 0.097900390625 0.890625 0.095947265625 0.892578125 0.090087890625 0.889892578125 0.08447265625 0.884521484375 0.0830078125 0.8779296875 0.088623046875 0.876953125 0.094970703125 0.879638671875 0.09814453125
0 0.8690406781253829 0.11264850231903217 0.8602210011336988 0.10773161672673184 0.8639413951392931 0.09975781805998081 0.8740396630508387 0.09709987705969636 0.8708507260978631 0.10773161672673184
0 0.89501953125 0.131591796875 0.90380859375 0.125244140625 0.904296875 0.117431640625 0.902099609375 0.1142578125 0.893798828125 0.11474609375 0.88916015625 0.120849609375 0.88720703125 0.125732421875 0.88818359375 0.129638671875
0 0.76904296875 0.108154296875 0.78076171875 0.103271484375 0.78125 0.095947265625 0.779052734375 0.09130859375 0.769287109375 0.09130859375 0.7646484375 0.095947265625 0.76318359375 0.099365234375 0.76416015625 0.107666015625
0 0.9049075364977662 0.17880292998365038 0.8952993076164327 0.176837888061309 0.8995511586746454 0.16992724632738987 0.9048661184753601 0.1662061240601711 0.9069920440044663 0.17152200606074006
0 0.9296158167098525 0.07518756135232063 0.9192163347637512 0.07424166232637752 0.9165588548633938 0.06839420185939261 0.9213422602928577 0.060951981659057575 0.9282515912514278 0.06360992265934207 0.9314405282044034 0.0689257803258086
0 0.9346294651573794 0.06733102059245843 0.9287831456226788 0.05935722192570736 0.9293146026752974 0.05404136425924079 0.9351610195286304 0.04872550659277424 0.9426018075398189 0.04819390379225592 0.9420703504872004 0.05616770245900696
0 0.9628604363348721 0.4972260741130152 0.9559926728802725 0.503407061222155 0.9484381330802129 0.5068409429494548 0.944317475007453 0.5047806139130748 0.9395100405892333 0.4931054160402555 0.945691027698373 0.48829798162203575 0.9518720148075127 0.4848640998947359 0.9601133309530323 0.4862376525856558 0.964920765371252 0.4889847579674957
0 0.7870456918971208 0.7327903606057835 0.7856721392062009 0.7224887154238842 0.7891060209335009 0.7156209519692844 0.7946002316971805 0.7149341756238246 0.7973473370790205 0.7163077283147445 0.7987208897699403 0.7204283863875043 0.7959737843881005 0.725922597151184 0.7918531263153408 0.7300432552239438
0 0.7115002938965246 0.10301645181899491 0.7025722014055451 0.10919743892813458 0.6970779906418654 0.11125776796451448 0.6915837798781856 0.10576355720083479 0.6888366744963458 0.09958257009169509 0.6929573325691055 0.0968354647098552 0.6984515433327853 0.09477513567347533 0.705319306787385 0.09477513567347533 0.7094399648601447 0.09614868836439525
0 0.20191224556522996 0.03708592265483818 0.19985191652885007 0.02541072478201873 0.2032857982561499 0.014422303254659295 0.21221389074712946 0.0034338817272998277 0.2135874434380494 0.013048750563739345 0.21290066709258942 0.024037172091098777 0.20878000901982963 0.031591711891158406
0 0.2534204714747274 0.03708592265483818 0.25273369512926747 0.02335039574563886 0.2575411295474872 0.015109079600119264 0.261661787620247 0.013735526909199325 0.26646922203846674 0.017856184981959122 0.2650956693475468 0.030218159200238487 0.26234856396570694 0.03639914630937818
0 0.7540804273150424 0.643509435695988 0.7478994402059027 0.6469433174232879 0.7417184530967632 0.6503771991505877 0.7396581240603833 0.6469433174232878 0.7410316767513033 0.6393887776232282 0.7506465455877428 0.6359548958959284
0 0.8516026683703576 0.9814033976622911 0.8529762210612776 0.9724753051713116 0.8577836554794973 0.966981094407632 0.8632778662431771 0.966981094407632 0.8667117479704769 0.9724753051713118 0.8612175372067972 0.9772827395895315 0.8570968791340374 0.9786562922804514
0 0.4381633084034582 0.7238622681148039 0.43404265033069844 0.7176812810056643 0.4367897557125383 0.7108135175510647 0.4415971901307581 0.7080664121692248 0.44709140089443783 0.7087531885146847 0.44777817723989777 0.7156209519692844 0.44640462454897784 0.7197416100420442 0.44297074282167803 0.723175491769344
0 0.16413954656493185 0.5913144334410305 0.16207921752855198 0.5995557495865502 0.1572717831103322 0.6029896313138501 0.15315112503757244 0.60436318400477 0.1531511250375724 0.5974954205501704 0.15658500676487222 0.5947483151683304
0 0.5693375903863116 0.039146251691218076 0.5659037086590119 0.04395368610943784 0.5610962742407921 0.0467007914912777 0.5569756161680324 0.04670079149127769 0.5556020634771124 0.03845947534575811 0.5617830505862521 0.03296526458207835 0.5679640376953918 0.03227848823661841
0 0.5865069990228108 0.31179646083882445 0.5768921301863713 0.3090493554569847 0.5713979194226916 0.3056154737296848 0.5748318011499914 0.2953138285477854 0.5816995646045912 0.2905063941295656 0.5858202226773509 0.2911931704750256 0.5878805517137308 0.2960006048932453 0.5906276570955706 0.30218159200238504
0 0.09477513567347529 0.462200480494557 0.09340158298255537 0.4553327170399574 0.09752224105531515 0.4512120589671976 0.10164289912807495 0.4505252826217377 0.10645033354629471 0.4512120589671976 0.10919743892813458 0.4546459406944975 0.10370322816445485 0.4587665987672573 0.10026934643715502 0.46082692780363715
0 0.884567932952436 0.5597227215498721 0.8914356964070356 0.5549152871316525 0.8955563544797956 0.5453004182952129 0.8962431308252555 0.5404929838769932 0.8900621437161159 0.5411797602224531 0.8825076039160562 0.5487343000225127 0.8825076039160562 0.5535417344407325 0.8838811566069762 0.5590359452044122
0 0.12018586045549402 0.7101267412056048 0.11331809700089437 0.7149341756238244 0.10164289912807498 0.7190548336965843 0.09271480663709541 0.7197416100420442 0.09134125394617547 0.7135606229329045 0.09202803029163543 0.704632530441925 0.09546191201893525 0.6984515433327854 0.10164289912807495 0.6950176616054855 0.10645033354629471 0.6936441089145656 0.11057099161905451 0.6929573325691056 0.1167519787281942 0.6936441089145655 0.11949908411003407 0.6963912142964054 0.121559413146414 0.6998250960237051 0.12155941314641397 0.7053193067873849
0 0.47662278374921624 0.7375977950240032 0.4683814676036967 0.7375977950240034 0.462887256840017 0.7375977950240034 0.45807982242179723 0.7348506896421636 0.4546459406944974 0.7314168079148637 0.4546459406944974 0.7252358208057239 0.4594533751127171 0.7176812810056643 0.46494758587639684 0.7121870702419846 0.4683814676036967 0.7115002938965247 0.47456245471283637 0.7094399648601448 0.48074344182197615 0.7080664121692248 0.483490547203816 0.7080664121692248 0.4876112052765757 0.7066928594783048 0.4903583106584157 0.7087531885146848 0.4924186396947956 0.7156209519692844 0.48967153431295574 0.7238622681148041 0.48692442893111587 0.7279829261875639 0.482116994512896 0.7348506896421636
0 0.7197416100420442 0.8165770747518992 0.7115002938965247 0.8186374037882793 0.702572201405545 0.8186374037882793 0.6950176616054855 0.8131431930245996 0.6963912142964055 0.80696220591546 0.7032589777510052 0.7987208897699403 0.7115002938965248 0.8021547714972401 0.7183680573511244 0.80558865322454 0.722488715423884 0.8097093112972997
0 0.6366416722413882 0.741031676751303 0.6297739087867886 0.7403449004058433 0.6277135797504089 0.7348506896421634 0.6332077905140886 0.7307300315694037 0.6387020012777682 0.7314168079148637 0.6428226593505282 0.7396581240603832
0 0.7128738465874445 0.4285484395670186 0.7108135175510647 0.4209938997669591 0.7135606229329047 0.4120658072759795 0.7204283863875043 0.4079451492032197 0.726609373496644 0.41137903093051953 0.7252358208057239 0.41756001803965925 0.7204283863875042 0.42511455783971885
0 0.4319823212943185 0.884567932952436 0.4271748868760988 0.8811340512251362 0.42648811053063884 0.8735795114250766 0.4312955449488586 0.8715191823886966 0.4347294266761584 0.8708324060432368 0.4367897557125383 0.8735795114250766 0.4374765320579983 0.8770133931523765
0 0.4793698891310561 0.5974954205501702 0.4697550202946167 0.5968086442047102 0.463574033185477 0.5892541044046506 0.4704417966400766 0.582386340950051 0.4766227837492163 0.5837598936409709 0.48143021816743614 0.5878805517137308 0.484177323549276 0.5906276570955706
0 0.7739969413333814 0.7142473992783644 0.7705630596060817 0.7259225971511838 0.7657556251878619 0.7355374659876235 0.7595746380787224 0.7424052294422231 0.7520200982786627 0.745152334824063 0.745152334824063 0.7458391111695228 0.7403449004058433 0.7417184530967631 0.7396581240603832 0.7362242423330834 0.7430920057876831 0.7279829261875637 0.7472126638604428 0.721801939078424 0.7520200982786627 0.7190548336965842 0.7575143090423424 0.7163077283147443 0.765068848842402 0.7135606229329045
0 0.8213845091701191 0.30424192103876485 0.8200109564791993 0.2960006048932453 0.823444838206499 0.2877592887477257 0.8275654962792589 0.2856989597113458 0.8316861543520186 0.2856989597113458 0.8323729306974788 0.2939402758568654 0.8303126016610988 0.30012126296600505
0 0.5267574569677937 0.301494815656925 0.5192029171677343 0.2953138285477853 0.5212632462041141 0.2856989597113458 0.5260706806223339 0.2829518543295059 0.5308781150405536 0.28363863067496586 0.5349987731133135 0.2891328414386456 0.5349987731133135 0.2946270522023253 0.5329384440769336 0.2980609339296252
0 0.5659037086590117 0.33239975120262344 0.5583491688589522 0.32690554043894376 0.5583491688589522 0.3200377769843441 0.5610962742407921 0.31523034256612437 0.5665904850044718 0.3131700135297444 0.5693375903863117 0.31523034256612437 0.5707111430772316 0.31866422429342417 0.5713979194226916 0.3241584350571039 0.5700243667317717 0.32965264582078363
0 0.7327903606057835 0.4676946912582367 0.7286697025330237 0.46288725684001697 0.7307300315694036 0.45807982242179723 0.7369110186785434 0.45670626973087725 0.7403449004058432 0.46151370414909704 0.7382845713694633 0.46700791491277677
0 0.2781444199112862 0.6723540422053065 0.2712766564566866 0.6785350293144463 0.2657824456930068 0.6799085820053662 0.2589146822384072 0.6744143712416866 0.2644088930020869 0.6689201604780067 0.2719634328021465 0.6668598314416269 0.27745764356582625 0.6661730550961669
0 0.80215477149724 0.46494758587639684 0.7939134553517205 0.4608269278036371 0.7946002316971805 0.4512120589671975 0.8028415478427001 0.4470914008944378 0.8138299693700595 0.4443442955125979 0.8158902984064395 0.44915172993081764 0.8097093112972997 0.45533271703995737 0.8069622059154599 0.46357403318547696
0 0.5123351537131344 0.48761120527657575 0.5040938375676149 0.4937921923857154 0.49585252142209535 0.4979128504584753 0.48967153431295574 0.4924186396947955 0.49516574507663547 0.48349054720381596 0.5013467321857751 0.482803770858356
0 0.39077574056672054 1 0.3887154115303407 0.9903314901532708 0.39214929325764053 0.986210832080511 0.3969567276758603 0.9855240557350511 0.4010773857486201 0.9923918191896507 0.40382449113045993 1
0 0.04738756783673764 0.9745356342076914 0.04807434418219761 0.9614868836439522 0.05150822590949744 0.9608001072984922 0.05700243667317717 0.9649207653712519 0.0583759893640971 0.9683546470985518 0.054255331291337305 0.9745356342076916
0 0.38734185883942074 0.7499597692422826 0.381847648075741 0.7458391111695228 0.38322120076666094 0.7382845713694633 0.39214929325764053 0.7410316767513031 0.39283606960310047 0.7465258875149828
0 0.760948190769642 0.8557233264431174 0.7485862165513627 0.8543497737521974 0.7437787821331431 0.8454216812612179 0.7472126638604429 0.8364935887702385 0.7547672036605027 0.8344332597338586 0.7582010853878024 0.8406142468429982 0.7609481907696423 0.847482010297598
0 0.0281578301638586 0.04395368610943781 0.02403717209109881 0.035712369963918224 0.028844606509318572 0.025410724782018744 0.03571236996391823 0.015109079600119257 0.04120658072759796 0.010988421527359463 0.04670079149127769 0.008928092490979575 0.05082144956403749 0.013735526909199332 0.04464046245489779 0.031591711891158454 0.038459475345758096 0.039833028036678035