0 0.34814453125 0.923095703125 0.354736328125 0.9208984375 0.35693359375 0.915771484375 0.35595703125 0.908447265625 0.349365234375 0.9033203125 0.3427734375 0.906982421875 0.33984375 0.917724609375 0.344970703125 0.92333984375
0 0.349609375 0.987548828125 0.358154296875 0.9853515625 0.3623046875 0.981689453125 0.36376953125 0.972412109375 0.361083984375 0.96875 0.354736328125 0.96923828125 0.34912109375 0.975341796875 0.345703125 0.985107421875
0 0.2958984375 0.986083984375 0.304443359375 0.982421875 0.30859375 0.976806640625 0.30712890625 0.972900390625 0.300537109375 0.96826171875 0.291748046875 0.970703125 0.287109375 0.976318359375 0.2900390625 0.982177734375
0 0.2902840722997852 0.9946700676433399 0.28340530281400833 0.9926064367976069 0.28271742586543064 0.9884791751061407 0.2813416719682752 0.9836640364660969 0.28959619535120756 0.98572766731183
0 0.1064453125 0.722900390625 0.109619140625 0.72265625 0.119140625 0.714111328125 0.1201171875 0.708251953125 0.117431640625 0.70263671875 0.110107421875 0.70166015625 0.105712890625 0.70361328125 0.09912109375 0.714111328125 0.09765625 0.719482421875
0 0.2177734375 0.609130859375 0.226806640625 0.60693359375 0.2353515625 0.601318359375 0.23974609375 0.588134765625 0.23828125 0.583251953125 0.234619140625 0.57958984375 0.223388671875 0.578125 0.20849609375 0.590576171875 0.20556640625 0.598876953125 0.20654296875 0.604248046875 0.212158203125 0.609375
0 0.4716796875 0.928466796875 0.47412109375 0.926513671875 0.474609375 0.920166015625 0.471435546875 0.91552734375 0.466064453125 0.9150390625 0.4638671875 0.918212890625 0.46630859375 0.926025390625
0 0.4638671875 0.914794921875 0.466796875 0.911376953125 0.46923828125 0.897705078125 0.467041015625 0.89453125 0.463134765625 0.89404296875 0.4580078125 0.898681640625 0.45556640625 0.906982421875 0.459228515625 0.91357421875
0 0.48388671875 0.898193359375 0.49462890625 0.894287109375 0.4931640625 0.884521484375 0.483642578125 0.87548828125 0.474853515625 0.87646484375 0.47119140625 0.882568359375 0.4716796875 0.893798828125 0.478271484375 0.89794921875
0 0.40478515625 0.858642578125 0.40771484375 0.856201171875 0.40869140625 0.837158203125 0.40673828125 0.827880859375 0.404052734375 0.82470703125 0.395263671875 0.82568359375 0.388427734375 0.82421875 0.384521484375 0.826171875 0.38330078125 0.832763671875 0.384765625 0.836669921875 0.39453125 0.849853515625
0 0.412109375 0.826416015625 0.421142578125 0.82421875 0.4267578125 0.819580078125 0.421875 0.808349609375 0.414306640625 0.80322265625 0.409423828125 0.80419921875 0.40478515625 0.811767578125 0.40576171875 0.822509765625 0.408447265625 0.82666015625
0 0.5849609375 0.892822265625 0.596435546875 0.884765625 0.6083984375 0.869873046875 0.61328125 0.856689453125 0.61328125 0.849365234375 0.610595703125 0.84521484375 0.607177734375 0.84423828125 0.599853515625 0.84716796875 0.58837890625 0.860107421875 0.580078125 0.881103515625 0.58056640625 0.890869140625
0 0.56201171875 0.907470703125 0.568115234375 0.90478515625 0.57275390625 0.898681640625 0.5732421875 0.889404296875 0.569580078125 0.88623046875 0.560791015625 0.88671875 0.556640625 0.889892578125 0.55224609375 0.897705078125 0.552734375 0.904541015625 0.556884765625 0.9072265625
0 0.4951171875 0.782958984375 0.505615234375 0.78076171875 0.51416015625 0.768798828125 0.513671875 0.760009765625 0.505615234375 0.7548828125 0.498291015625 0.7548828125 0.494873046875 0.7568359375 0.486328125 0.768310546875 0.48486328125 0.772705078125 0.486328125 0.781494140625
0 0.86279296875 0.913818359375 0.8701171875 0.909912109375 0.87060546875 0.905029296875 0.8662109375 0.895751953125 0.861572265625 0.89208984375 0.858642578125 0.892578125 0.85205078125 0.898681640625 0.8505859375 0.905029296875 0.854736328125 0.91259765625
0 0.9912109375 0.999755859375 0.9931640625 0.996337890625 0.98876953125 0.987548828125 0.972412109375 0.97265625 0.968994140625 0.970703125 0.965576171875 0.9716796875 0.96435546875 0.981201171875 0.96826171875 0.987548828125 0.979736328125 1
0 0.9238187419398378 0.9987973293348059 0.9231308649912602 0.9932943137461845 0.9251944958369932 0.987791298157563 0.9300096344770371 0.9829761595175193 0.9341368961685032 0.9816004056203638 0.938952034808547 0.9816004056203638 0.9396399117571248 0.9884791751061407 0.9362005270142363 0.9953579445919176 0.9327611422713479 0.9981094523862284 0.9293217575284594 0.998797329334806
0 0.1923828125 0.586181640625 0.201416015625 0.58056640625 0.20654296875 0.573486328125 0.2060546875 0.560791015625 0.200439453125 0.5546875 0.192138671875 0.556640625 0.18310546875 0.565185546875 0.18017578125 0.571533203125 0.1796875 0.578857421875 0.181640625 0.583251953125
0 0.7021484375 0.845947265625 0.709228515625 0.84423828125 0.71435546875 0.838623046875 0.71630859375 0.832763671875 0.71435546875 0.824462890625 0.706298828125 0.81982421875 0.686767578125 0.822265625 0.68359375 0.830810546875 0.685546875 0.839599609375 0.691650390625 0.84521484375
0 0.7138671875 0.800048828125 0.716796875 0.795654296875 0.716796875 0.789794921875 0.714599609375 0.78759765625 0.709228515625 0.78759765625 0.70458984375 0.792236328125 0.705078125 0.796142578125 0.709716796875 0.80029296875
0 0.774549444098479 0.8357704925218934 0.7766130749442121 0.8295795999846942 0.7793645827385229 0.8199493227046065 0.7834918444299889 0.8178856918588736 0.7917463678129213 0.8213250766017621 0.7889948600186105 0.8275159691389613 0.7828039674814113 0.8330189847275828
0 0.801376645093009 0.8749794785908217 0.7958736295043874 0.8756673555393995 0.7896827369671882 0.877043109436555 0.7855554752757222 0.8749794785908218 0.7841797213785668 0.8694764630022003 0.7862433522242999 0.8667249552078895 0.790370613915766 0.8653492013107342 0.7951857525558098 0.8653492013107342 0.7986251372986983 0.868100709105045 0.8027523989901644 0.8722279707965112
0 0.732421875 0.879150390625 0.742919921875 0.875 0.75244140625 0.865478515625 0.75390625 0.859130859375 0.749755859375 0.853515625 0.745361328125 0.85205078125 0.736572265625 0.85302734375 0.72705078125 0.858642578125 0.72412109375 0.866455078125 0.72509765625 0.874755859375 0.729736328125 0.87939453125
0 0.7105768878807539 0.9024945565339293 0.70576174924071 0.8997430487396187 0.703698118394977 0.8935521562024196 0.7043859953435546 0.8873612636652202 0.70576174924071 0.8804824941794434 0.70576174924071 0.8749794785908218 0.7064496261892877 0.8708522168993557 0.7050738722921324 0.8653492013107341 0.7050738722921324 0.8605340626706904 0.7078253800864431 0.8591583087735349 0.7126405187264869 0.861221939619268 0.7126405187264869 0.8646613243621564 0.7133283956750646 0.8708522168993557 0.7140162726236423 0.8784188633337102 0.71470414957222 0.8832340019737541 0.7181435343151085 0.8839218789223318 0.7208950421094192 0.8839218789223318 0.7208950421094192 0.881170371128021 0.7243344268523075 0.8797946172308656 0.7270859346466184 0.8791067402822879 0.7305253193895067 0.8804824941794434 0.7298374424409292 0.8866733867166425 0.7263980576980408 0.8908006484081087 0.7208950421094192 0.8956157870481525 0.7174556573665307 0.8983672948424632
0 0.673828125 0.899658203125 0.677490234375 0.8984375 0.68359375 0.890380859375 0.6845703125 0.885498046875 0.682373046875 0.88232421875 0.673095703125 0.88330078125 0.66357421875 0.890380859375 0.6630859375 0.894775390625 0.665771484375 0.8994140625
0 0.6417891930229849 0.8797946172308655 0.6362861774343633 0.8797946172308656 0.6321589157428972 0.8749794785908219 0.6321589157428972 0.870164339950778 0.6355983004857857 0.8681007091050449 0.6411013160744071 0.8687885860536226 0.6424770699715625 0.8749794785908218
0 0.5732421875 0.959228515625 0.5810546875 0.953369140625 0.58984375 0.940673828125 0.59033203125 0.934814453125 0.584716796875 0.93017578125 0.572998046875 0.93017578125 0.55810546875 0.943115234375 0.55859375 0.953369140625 0.562255859375 0.95654296875
0 0.5966796875 0.924560546875 0.60302734375 0.919677734375 0.60693359375 0.911376953125 0.60595703125 0.902587890625 0.600830078125 0.8994140625 0.595458984375 0.89990234375 0.589111328125 0.9033203125 0.5849609375 0.906494140625 0.583984375 0.909912109375 0.5849609375 0.913330078125
0 0.6201171875 0.956787109375 0.624755859375 0.955078125 0.62890625 0.949951171875 0.62939453125 0.935302734375 0.62646484375 0.927490234375 0.618408203125 0.9228515625 0.615234375 0.925048828125 0.6181640625 0.936767578125 0.6162109375 0.954345703125
0 0.5888671875 0.979248046875 0.59814453125 0.972900390625 0.599609375 0.958740234375 0.596435546875 0.95458984375 0.588134765625 0.95751953125 0.58349609375 0.965576171875 0.5830078125 0.977294921875
0 0.60546875 0.999755859375 0.60986328125 0.992431640625 0.6064453125 0.980712890625 0.604248046875 0.978515625 0.600341796875 0.978515625 0.59228515625 0.988525390625 0.58984375 0.998291015625 0.591064453125 1
0 0.6624255014803155 0.9705943744431206 0.6541709780973832 0.9712822513916983 0.6452285777658733 0.9705943744431207 0.6376619313315188 0.969906497494543 0.6335346696400526 0.9692186205459654 0.6321589157428972 0.9650913588544993 0.6335346696400526 0.960964097163033 0.6355983004857857 0.9582125893687222 0.6404134391258295 0.956836835471567 0.6466043316630287 0.9561489585229892 0.6507315933544948 0.9547732046258338 0.6555467319945386 0.9527095737801008 0.6603618706345825 0.9527095737801008 0.6631133784288933 0.9575247124201445 0.6638012553774709 0.9623398510601884
0 0.71533203125 0.999755859375 0.71728515625 0.984130859375 0.71044921875 0.978271484375 0.70849609375 0.968994140625 0.70068359375 0.958251953125 0.696044921875 0.95556640625 0.691650390625 0.95654296875 0.6826171875 0.965576171875 0.68212890625 0.977294921875 0.67724609375 0.987060546875 0.67822265625 0.996826171875 0.680908203125 1
0 0.7360283349781284 0.9685307435973876 0.7284616885437738 0.9692186205459654 0.7250223038008854 0.9678428666488099 0.7222707960065746 0.9637156049573439 0.7236465499037301 0.9575247124201447 0.7263980576980409 0.9533974507286784 0.7298374424409293 0.9492701890372124 0.7353404580295508 0.9472065581914793 0.7374040888752837 0.9492701890372124 0.7380919658238615 0.9540853276772562 0.7380919658238615 0.9595883432658776
0 0.5220986039704668 0.8736037246936663 0.5172834653304228 0.8701643399507779 0.5145319575361121 0.8687885860536226 0.5097168188960683 0.8687885860536226 0.50627743415318 0.8681007091050449 0.5042138033074468 0.8660370782593119 0.5042138033074468 0.8598461857221127 0.5069653111017576 0.8577825548763797 0.5117804497418015 0.8584704318249574 0.5152198344846899 0.8598461857221127 0.519347096176156 0.8598461857221127 0.5234743578676222 0.8632855704650012 0.5234743578676222 0.8687885860536226
0 0.5055895572046022 0.8894248945109532 0.5069653111017576 0.8839218789223318 0.5083410649989129 0.8784188633337102 0.5131562036389569 0.877043109436555 0.5159077114332675 0.8784188633337102 0.5165955883818453 0.8839218789223318 0.5138440805875345 0.8894248945109533
0 0.7705078125 0.976806640625 0.77978515625 0.970458984375 0.78466796875 0.960693359375 0.7861328125 0.951904296875 0.783935546875 0.94775390625 0.777587890625 0.94873046875 0.769775390625 0.9541015625 0.757080078125 0.955078125 0.75439453125 0.958251953125 0.75390625 0.967041015625 0.755859375 0.972900390625 0.765869140625 0.97705078125
0 0.83251953125 0.998291015625 0.8408203125 0.992431640625 0.84375 0.985595703125 0.84375 0.980224609375 0.83984375 0.966552734375 0.835205078125 0.9609375 0.830322265625 0.96044921875 0.8232421875 0.963134765625 0.81982421875 0.975830078125 0.81982421875 0.983642578125 0.82470703125 0.996337890625 0.827880859375 0.99853515625
0 0.8488401545448696 0.9809125286717859 0.8467765236991365 0.9754095130831646 0.8481522775962919 0.9671549897002323 0.8522795392877581 0.9630277280087661 0.859158308773535 0.9616519741116107 0.8653492013107341 0.965779235803077 0.8639734474135787 0.9719701283402762 0.8605340626706903 0.9754095130831646 0.8564068009792242 0.9795367747746307
0 0.64794921875 0.798095703125 0.65087890625 0.791748046875 0.646728515625 0.78271484375 0.639404296875 0.78173828125 0.63232421875 0.786376953125 0.63134765625 0.788330078125 0.635986328125 0.79296875 0.642822265625 0.7978515625
0 0.787109375 0.777587890625 0.79150390625 0.773193359375 0.79150390625 0.758056640625 0.787841796875 0.7548828125 0.783447265625 0.75439453125 0.77685546875 0.759033203125 0.7744140625 0.765869140625 0.77685546875 0.772216796875 0.781005859375 0.7763671875
0 0.85986328125 0.781982421875 0.86376953125 0.776611328125 0.8623046875 0.770751953125 0.856689453125 0.76708984375 0.851806640625 0.76708984375 0.85009765625 0.768798828125 0.8515625 0.774658203125 0.856201171875 0.78125
0 0.8577825548763796 0.8564068009792241 0.8509037853906026 0.8529674162363357 0.848152277596292 0.8488401545448696 0.8426492620076703 0.8536552931849133 0.8405856311619373 0.8495280314934472 0.8419613850590927 0.8440250159048257 0.8433371389562481 0.8398977542133597 0.8474644006477142 0.8350826155733158 0.8509037853906026 0.8337068616761604 0.8536552931849134 0.8364583694704711 0.8536552931849134 0.8392098772647819 0.8577825548763796 0.8419613850590927 0.8605340626706904 0.8440250159048257 0.8605340626706902 0.8481522775962919 0.8584704318249572 0.8515916623391804
0 0.9052460643282402 0.8894248945109532 0.8963036639967302 0.8894248945109533 0.8928642792538417 0.8852976328194873 0.8928642792538418 0.881170371128021 0.8963036639967303 0.8763552324879772 0.9024945565339295 0.8749794785908218 0.9073096951739732 0.8736037246936665 0.9114369568654395 0.8729158477450887 0.9155642185569055 0.8763552324879771 0.9128127107625946 0.881170371128021 0.9100612029682839 0.8846097558709094
0 0.896484375 0.931884765625 0.901123046875 0.93017578125 0.904296875 0.924560546875 0.90576171875 0.913818359375 0.902587890625 0.91015625 0.894287109375 0.91064453125 0.886474609375 0.91455078125 0.8818359375 0.921142578125 0.8818359375 0.926025390625 0.885986328125 0.9306640625
0 0.8247644613446504 0.9375762809113914 0.8082554145787858 0.9355126500656585 0.8068796606816304 0.9306975114256146 0.8089432915273636 0.9238187419398379 0.8110069223730966 0.9196914802483718 0.8178856918588735 0.9183157263512164 0.8240765843960727 0.9155642185569055 0.8302674769332721 0.9155642185569055 0.8343947386247381 0.919003603299794 0.8350826155733158 0.9251944958369932 0.8357704925218935 0.9313853883741925 0.8330189847275828 0.9375762809113917
0 0.8013766450930089 0.9671549897002323 0.7979372603501204 0.9650913588544993 0.7951857525558098 0.9609640971630331 0.7951857525558098 0.956836835471567 0.8006887681444312 0.9520216968315232 0.8075675376302082 0.945830804294324 0.8116947993216743 0.945830804294324 0.8158220610131405 0.9478944351400571 0.8185735688074514 0.9513338198829455 0.8199493227046067 0.9575247124201447 0.8178856918588736 0.9644034819059216 0.8137584301674075 0.9664671127516546
0 0.8185735688074512 0.9540853276772561 0.8171978149102958 0.9465186812429016 0.8220129535503397 0.9437671734485908 0.8288917230361166 0.9458308042943239 0.8316432308304273 0.94995806598579 0.8316432308304273 0.9554610815744116 0.8288917230361166 0.9595883432658776 0.8268280921903834 0.9623398510601885 0.8220129535503397 0.9623398510601885 0.8192614457560289 0.9589004663173
0 0.9203793571969493 0.92313086499126 0.9196914802483718 0.9155642185569055 0.9231308649912602 0.9107490799168616 0.9286338805798816 0.9086854490711286 0.9320732653227701 0.9093733260197063 0.9368884039628139 0.9135005877111724 0.9375762809113916 0.9190036032997939 0.9348247731170808 0.9245066188884157 0.9313853883741924 0.9272581266827262 0.9265702497341486 0.9293217575284594 0.921067234145527 0.9279460036313041
0 0.97265625 0.947509765625 0.9775390625 0.937255859375 0.972412109375 0.93017578125 0.968505859375 0.93017578125 0.9638671875 0.932861328125 0.96142578125 0.939697265625 0.965087890625 0.94677734375
0 0.94995806598579 0.9203793571969492 0.9492701890372124 0.9121248338140171 0.9554610815744116 0.9066218182253956 0.9630277280087661 0.9066218182253956 0.965779235803077 0.9121248338140171 0.9609640971630331 0.9162520955054833 0.9568368354715671 0.919003603299794
0 0.9802246517232084 0.8701643399507779 0.9774731439288975 0.8639734474135788 0.9802246517232083 0.8570946779278018 0.9829761595175192 0.8529674162363357 0.98572766731183 0.852279539287758 0.9912306829004516 0.8557189240306464 0.996045821540495 0.8577825548763796 0.9939821906947622 0.861221939619268 0.9891670520547183 0.8660370782593119
0 0.9589004663173 0.8591583087735348 0.9547732046258338 0.8536552931849133 0.9547732046258338 0.8495280314934472 0.9595883432658776 0.8447128928534036 0.9644034819059216 0.8412735081105149 0.9699064974945432 0.841273508110515 0.969906497494543 0.8488401545448696 0.9678428666488099 0.8550310470820688 0.9616519741116107 0.8598461857221127
0 0.94287109375 0.864013671875 0.948974609375 0.8623046875 0.9521484375 0.859130859375 0.95458984375 0.852783203125 0.95458984375 0.843994140625 0.947021484375 0.8349609375 0.937744140625 0.83349609375 0.93310546875 0.838623046875 0.93310546875 0.854736328125 0.937744140625 0.86328125
0 0.8956157870481525 0.8288917230361165 0.8921764023052642 0.8213250766017619 0.8956157870481525 0.8130705532188298 0.901118802636774 0.8089432915273636 0.907997572122551 0.8061917837330528 0.910061202968284 0.8103190454245189 0.9066218182253956 0.8199493227046066 0.9018066795853517 0.8254523382932282
0 0.39697265625 0.589599609375 0.40185546875 0.585693359375 0.40234375 0.579833984375 0.398681640625 0.57373046875 0.392822265625 0.57275390625 0.38818359375 0.576416015625 0.38671875 0.584228515625 0.389404296875 0.587890625
0 0.42822265625 0.551025390625 0.43603515625 0.545654296875 0.43896484375 0.539794921875 0.43798828125 0.533935546875 0.431884765625 0.52978515625 0.424072265625 0.53076171875 0.41796875 0.540771484375 0.419921875 0.549560546875
0 0.47119140625 0.568603515625 0.474609375 0.566650390625 0.47607421875 0.560791015625 0.471435546875 0.5546875 0.466552734375 0.5546875 0.4638671875 0.556884765625 0.46435546875 0.562255859375 0.467529296875 0.56787109375
0 0.44775390625 0.593994140625 0.451171875 0.591552734375 0.4521484375 0.588134765625 0.45068359375 0.582763671875 0.446533203125 0.580078125 0.439208984375 0.58447265625 0.4375 0.588623046875 0.439697265625 0.59375
0 0.48291015625 0.617919921875 0.488525390625 0.61572265625 0.49267578125 0.608154296875 0.49169921875 0.603271484375 0.486572265625 0.59912109375 0.479736328125 0.6005859375 0.4736328125 0.606689453125 0.4755859375 0.614990234375
0 0.5029296875 0.680419921875 0.522705078125 0.67578125 0.5322265625 0.665283203125 0.53662109375 0.653564453125 0.53662109375 0.645751953125 0.533447265625 0.64013671875 0.530029296875 0.63818359375 0.513916015625 0.64013671875 0.49853515625 0.647705078125 0.4912109375 0.662353515625 0.49072265625 0.673095703125 0.494384765625 0.67919921875
0 0.5358561429420206 0.7484101200525268 0.5344803890448652 0.7387798427724391 0.5344803890448652 0.7339647041323953 0.5365440198905983 0.7270859346466185 0.539295527684909 0.7195192882122639 0.5434227893763753 0.7153920265207978 0.5489258049649967 0.712640518726487 0.557180328347929 0.7098890109321763 0.5647469747822835 0.7098890109321763 0.5668106056280167 0.7147041495722201 0.5716257442680605 0.7202071651608415 0.5716257442680605 0.7284616885437738 0.5674984825765943 0.7332768271838177 0.5613075900393951 0.7394677197210169 0.557180328347929 0.743594981412483 0.5516773127593074 0.7449707353096384 0.5468621741192636 0.7463464892067938 0.5413591585306421 0.7477222431039492
0 0.5331046351477098 0.7229586729551523 0.5269137426105106 0.7229586729551523 0.5248501117647776 0.7188314112636861 0.528289496507666 0.7140162726236423 0.5331046351477098 0.7105768878807539 0.5386076507363313 0.7112647648293315 0.5392955276849092 0.7160799034693754
0 0.50634765625 0.745361328125 0.510498046875 0.74462890625 0.51806640625 0.734619140625 0.5166015625 0.728271484375 0.510986328125 0.72412109375 0.504150390625 0.72705078125 0.498046875 0.736572265625 0.498046875 0.741943359375
0 0.353515625 0.735595703125 0.360107421875 0.7333984375 0.3740234375 0.723876953125 0.37744140625 0.718017578125 0.376220703125 0.7099609375 0.364990234375 0.70751953125 0.3515625 0.715087890625 0.34619140625 0.722900390625 0.34521484375 0.728271484375 0.349365234375 0.734375
0 0.3623046875 0.684326171875 0.371337890625 0.67919921875 0.37548828125 0.673583984375 0.376953125 0.666748046875 0.372802734375 0.6611328125 0.364013671875 0.66064453125 0.355224609375 0.66552734375 0.35107421875 0.670654296875 0.35302734375 0.680908203125 0.356689453125 0.68408203125
0 0.3984375 0.691650390625 0.40185546875 0.688720703125 0.4033203125 0.682373046875 0.399658203125 0.67724609375 0.395751953125 0.67578125 0.39013671875 0.679931640625 0.38916015625 0.686767578125 0.391845703125 0.6904296875
0 0.41357421875 0.702392578125 0.4189453125 0.698974609375 0.41943359375 0.693603515625 0.416748046875 0.68994140625 0.411376953125 0.68896484375 0.4072265625 0.691650390625 0.40576171875 0.697998046875 0.408935546875 0.7021484375
0 0.42431640625 0.730712890625 0.4296875 0.726318359375 0.431640625 0.721923828125 0.42822265625 0.715087890625 0.419677734375 0.7099609375 0.410888671875 0.71337890625 0.40673828125 0.718994140625 0.408203125 0.726806640625 0.414306640625 0.72998046875
0 0.44091796875 0.757080078125 0.447265625 0.751220703125 0.44677734375 0.744384765625 0.440185546875 0.74072265625 0.431884765625 0.74267578125 0.42919921875 0.747314453125 0.42919921875 0.753173828125 0.433837890625 0.75732421875
0 0.6240234375 0.726806640625 0.626708984375 0.72607421875 0.62890625 0.721923828125 0.62744140625 0.714111328125 0.623779296875 0.7109375 0.617919921875 0.71142578125 0.615234375 0.713623046875 0.6162109375 0.718994140625
0 0.64404296875 0.679931640625 0.651611328125 0.67724609375 0.6572265625 0.669189453125 0.6572265625 0.662841796875 0.65185546875 0.641845703125 0.648193359375 0.63818359375 0.641357421875 0.6396484375 0.63525390625 0.649658203125 0.638671875 0.670654296875 0.6376953125 0.675537109375 0.640380859375 0.67919921875
0 0.75732421875 0.656982421875 0.763916015625 0.6533203125 0.7685546875 0.647705078125 0.77001953125 0.643798828125 0.768798828125 0.634765625 0.763916015625 0.63427734375 0.75390625 0.643310546875 0.75048828125 0.651123046875 0.7509765625 0.655029296875
0 0.72314453125 0.742431640625 0.7265625 0.739501953125 0.72705078125 0.733154296875 0.723876953125 0.7275390625 0.718017578125 0.72509765625 0.71435546875 0.730224609375 0.71484375 0.737548828125 0.717529296875 0.7412109375
0 0.77392578125 0.697509765625 0.77734375 0.695068359375 0.77880859375 0.689697265625 0.77734375 0.684814453125 0.772705078125 0.6826171875 0.76611328125 0.686279296875 0.765625 0.691650390625 0.769287109375 0.69677734375
0 0.81298828125 0.726318359375 0.8212890625 0.721435546875 0.82861328125 0.705322265625 0.82763671875 0.697998046875 0.824462890625 0.69482421875 0.815673828125 0.69775390625 0.807861328125 0.70361328125 0.79931640625 0.713623046875 0.79931640625 0.717529296875 0.804443359375 0.72509765625
0 0.83984375 0.765869140625 0.84716796875 0.757568359375 0.8486328125 0.748291015625 0.847412109375 0.74560546875 0.839599609375 0.7421875 0.833984375 0.749267578125 0.8330078125 0.759033203125 0.8349609375 0.763916015625
0 0.9345703125 0.791748046875 0.946044921875 0.7890625 0.9521484375 0.784423828125 0.95361328125 0.775634765625 0.951904296875 0.77294921875 0.938232421875 0.76953125 0.9365234375 0.770751953125 0.9326171875 0.775634765625 0.931640625 0.781982421875 0.93212890625 0.788818359375
0 0.951171875 0.759033203125 0.95751953125 0.756103515625 0.96044921875 0.732666015625 0.955322265625 0.72314453125 0.947509765625 0.716796875 0.943115234375 0.7158203125 0.93994140625 0.718505859375 0.9345703125 0.745849609375 0.947021484375 0.75830078125
0 0.9740337591860091 0.7167677804179531 0.9699064974945432 0.712640518726487 0.9685307435973877 0.7043859953435547 0.9705943744431207 0.6981951028063555 0.9754095130831644 0.6961314719606224 0.9822882825689415 0.6961314719606224 0.9898549290032959 0.6995708567035108 0.9857276673118298 0.7071375031378654 0.9795367747746306 0.7126405187264869
0 0.92626953125 0.756103515625 0.93603515625 0.745361328125 0.93603515625 0.737060546875 0.93310546875 0.731201171875 0.919189453125 0.716796875 0.909423828125 0.71533203125 0.898193359375 0.71875 0.8916015625 0.724365234375 0.88623046875 0.738525390625 0.8857421875 0.741455078125 0.887939453125 0.74462890625 0.891357421875 0.7470703125 0.916259765625 0.751953125
0 0.8742916016422441 0.774549444098479 0.8708522168993558 0.7683585515612799 0.8694764630022003 0.7621676590240807 0.8715400938479334 0.7546010125897261 0.879106740282288 0.75047375089826 0.8894248945109533 0.752537381743993 0.8935521562024195 0.7552888895383038 0.8942400331509971 0.7642312898698137 0.8873612636652202 0.7711100593555906 0.8797946172308656 0.774549444098479
0 0.86328125 0.738525390625 0.878662109375 0.73388671875 0.88134765625 0.729736328125 0.8818359375 0.721923828125 0.877197265625 0.71044921875 0.862060546875 0.70556640625 0.857421875 0.710205078125 0.857421875 0.717529296875 0.859375 0.737548828125
0 0.8371462464190488 0.7394677197210169 0.8350826155733158 0.7339647041323953 0.839209877264782 0.7277738115951962 0.8426492620076704 0.7215829190579969 0.8474644006477142 0.7160799034693753 0.8515916623391803 0.7167677804179531 0.8481522775962919 0.7243344268523078 0.8467765236991365 0.7291495654923515 0.8474644006477142 0.7353404580295507 0.8440250159048257 0.7401555966695945
0 0.83251953125 0.636962890625 0.837890625 0.632568359375 0.83984375 0.625732421875 0.83984375 0.619873046875 0.836181640625 0.6142578125 0.831787109375 0.6142578125 0.827880859375 0.61669921875 0.82177734375 0.627197265625 0.82177734375 0.631591796875 0.824951171875 0.6357421875
0 0.38623046875 0.522216796875 0.396240234375 0.5185546875 0.40673828125 0.506591796875 0.41162109375 0.494873046875 0.41162109375 0.490478515625 0.407958984375 0.4833984375 0.400146484375 0.48095703125 0.385498046875 0.48388671875 0.380615234375 0.486328125 0.37451171875 0.493896484375 0.37109375 0.503173828125 0.37158203125 0.510498046875 0.380126953125 0.521484375
0 0.357421875 0.491455078125 0.362548828125 0.48974609375 0.3671875 0.485107421875 0.3701171875 0.475341796875 0.3701171875 0.470947265625 0.361083984375 0.46142578125 0.350830078125 0.466796875 0.34130859375 0.479248046875 0.341796875 0.487060546875 0.344482421875 0.48974609375
0 0.30224609375 0.570556640625 0.3076171875 0.566650390625 0.30859375 0.560791015625 0.3056640625 0.552978515625 0.302490234375 0.5498046875 0.297607421875 0.548828125 0.28857421875 0.553466796875 0.28662109375 0.561279296875 0.293701171875 0.5693359375
0 0.03369140625 0.444580078125 0.04052734375 0.439697265625 0.04150390625 0.432861328125 0.035888671875 0.4228515625 0.028564453125 0.4228515625 0.02392578125 0.427490234375 0.025390625 0.439697265625 0.028076171875 0.44384765625
0 0.48193359375 0.506591796875 0.4892578125 0.502685546875 0.4892578125 0.498291015625 0.482666015625 0.48779296875 0.477783203125 0.4873046875 0.47265625 0.490478515625 0.47216796875 0.495361328125 0.474609375 0.504150390625 0.477783203125 0.5068359375
0 0.60546875 0.711669921875 0.608642578125 0.71044921875 0.61083984375 0.706298828125 0.60986328125 0.700439453125 0.603759765625 0.69580078125 0.595947265625 0.6953125 0.5927734375 0.698486328125 0.59375 0.707275390625 0.598388671875 0.71142578125
0 0.5977650683140127 0.6885648255262677 0.5984529452625904 0.6816860560404909 0.6053317147483673 0.6761830404518694 0.6128983611827219 0.6754951635032918 0.6142741150798772 0.6803103021433354 0.608083222542678 0.685813317731957
0 0.58935546875 0.694091796875 0.59326171875 0.691162109375 0.59423828125 0.686279296875 0.5888671875 0.674560546875 0.583740234375 0.6728515625 0.577880859375 0.67529296875 0.57470703125 0.681884765625 0.57666015625 0.687255859375 0.583251953125 0.69287109375
0 0.58935546875 0.636474609375 0.597412109375 0.63330078125 0.60791015625 0.619384765625 0.6083984375 0.611083984375 0.604248046875 0.6025390625 0.588623046875 0.6083984375 0.58203125 0.620361328125 0.58056640625 0.631591796875 0.583251953125 0.634765625
0 0.29853859568271746 0.8509037853906026 0.2978507187341398 0.8419613850590926 0.3012901034770283 0.8364583694704711 0.3116082577056936 0.832331107779005 0.3143597655000044 0.8364583694704711 0.3109203807571159 0.8460886467505588 0.30472948821991674 0.8502159084420249
0 0.99951171875 0.641845703125 0.999755859375 0.611328125 0.978271484375 0.62451171875 0.9736328125 0.631103515625 0.974609375 0.635498046875 0.984619140625 0.64208984375
0 1 0.659423828125 1 0.640869140625 0.985107421875 0.640625 0.98193359375 0.649658203125 0.9833984375 0.654052734375 0.992431640625 0.6591796875
0 0.9341368961685032 0.6830618099376462 0.9327611422713478 0.676870917400447 0.93207326532277 0.672743655708981 0.93207326532277 0.6699921479146702 0.9396399117571247 0.6693042709660926 0.9430792965000131 0.6741194096061363 0.9437671734485908 0.6803103021433355 0.9403277887057024 0.6830618099376463
0 0.8983672948424632 0.6816860560404908 0.8983672948424632 0.6734315326575586 0.9018066795853517 0.6679285170689371 0.910061202968284 0.6651770092746263 0.9148763416083278 0.6693042709660925 0.912124833814017 0.6775587943490247 0.9066218182253956 0.6816860560404909
0 0.88037109375 0.645263671875 0.888916015625 0.64306640625 0.890625 0.639892578125 0.88916015625 0.632080078125 0.883056640625 0.62744140625 0.879150390625 0.62841796875 0.875 0.635009765625 0.87646484375 0.643798828125
0 0.8557189240306464 0.67893454824618 0.8502159084420251 0.6761830404518694 0.8495280314934471 0.6713679018118256 0.850215908442025 0.6631133784288933 0.8536552931849134 0.6555467319945387 0.8577825548763796 0.6534831011488056 0.8605340626706903 0.6514194703030725 0.8632855704650011 0.6479800855601842 0.8660370782593119 0.6445407008172956 0.8715400938479333 0.6452285777658733 0.8708522168993558 0.6514194703030725 0.870164339950778 0.6562346089431164 0.8687885860536226 0.6576103628402716 0.866037078259312 0.6624255014803155 0.8646613243621566 0.6693042709660925 0.8632855704650012 0.6754951635032916
0 0.7463464892067937 0.6135862381312995 0.7422192275153275 0.6087710994912557 0.7429071044639053 0.603955960851212 0.7484101200525269 0.603955960851212 0.7497858739496822 0.6087710994912557
0 0.6775587943490248 0.5613075900393951 0.676870917400447 0.5523651897078852 0.6796224251947578 0.5461742971706859 0.6830618099376463 0.5413591585306421 0.6878769485776901 0.5365440198905983 0.6968193489092 0.5372318968391759 0.7016344875492437 0.5441106663249529 0.7002587336520885 0.5516773127593074 0.6920042102691563 0.557180328347929 0.6844375638348016 0.5606197130908175
0 0.606019591696945 0.5853832832396142 0.6046438377997896 0.5805681445995705 0.6067074686455226 0.5764408829081044 0.6094589764398334 0.5709378673194827 0.6128983611827219 0.5681863595251719 0.6156498689770327 0.5681863595251719 0.617025622874188 0.5730014981652158 0.6170256228741882 0.5785045137538374 0.6149619920284549 0.5833196523938812
0 0.6123046875 0.556884765625 0.618896484375 0.5537109375 0.6220703125 0.549072265625 0.6220703125 0.545166015625 0.619384765625 0.5419921875 0.610107421875 0.54150390625 0.60546875 0.546142578125 0.60595703125 0.552978515625 0.608642578125 0.55615234375
0 0.80029296875 0.526611328125 0.80419921875 0.514404296875 0.80322265625 0.510009765625 0.798583984375 0.5048828125 0.792236328125 0.50341796875 0.78369140625 0.510498046875 0.7822265625 0.518310546875 0.790283203125 0.525390625
0 0.982421875 0.398681640625 0.988525390625 0.396484375 1 0.386474609375 0.999755859375 0.3505859375 0.989013671875 0.35302734375 0.976806640625 0.36279296875 0.96435546875 0.376708984375 0.96484375 0.384521484375 0.97265625 0.394287109375 0.976806640625 0.3984375
0 0.92626953125 0.595947265625 0.93115234375 0.592529296875 0.9326171875 0.584228515625 0.929443359375 0.58056640625 0.924560546875 0.57958984375 0.920654296875 0.5810546875 0.91845703125 0.585205078125 0.9208984375 0.593505859375
0 0.8797946172308656 0.5805681445995703 0.8715400938479333 0.5778166368052597 0.8667249552078895 0.5723136212166382 0.8681007091050449 0.5654348517308613 0.8708522168993557 0.5585560822450844 0.8756673555393995 0.5558045744507736 0.8818582480765986 0.5558045744507736 0.8914885253566863 0.5619954669879728 0.8942400331509972 0.5695621134223274 0.8873612636652202 0.5785045137538374
0 0.93798828125 0.567138671875 0.945068359375 0.56494140625 0.95361328125 0.554443359375 0.95556640625 0.545166015625 0.952880859375 0.54052734375 0.948486328125 0.53955078125 0.938232421875 0.54443359375 0.9296875 0.553955078125 0.9296875 0.563720703125
0 0.94775390625 0.531005859375 0.952880859375 0.52880859375 0.95654296875 0.522216796875 0.95654296875 0.517333984375 0.953369140625 0.5146484375 0.945556640625 0.51611328125 0.94091796875 0.521728515625 0.94091796875 0.529541015625
0 0.8671875 0.550537109375 0.8720703125 0.547119140625 0.8720703125 0.542236328125 0.866943359375 0.53564453125 0.863037109375 0.53515625 0.859375 0.538818359375 0.859375 0.544677734375 0.862548828125 0.548828125
0 0.89111328125 0.544677734375 0.895751953125 0.54296875 0.89990234375 0.537353515625 0.8984375 0.531982421875 0.894775390625 0.52880859375 0.889892578125 0.52880859375 0.88818359375 0.530517578125 0.884765625 0.540771484375 0.886962890625 0.5439453125
0 0.8662109375 0.508056640625 0.877685546875 0.50244140625 0.88037109375 0.499267578125 0.8798828125 0.489501953125 0.875244140625 0.47802734375 0.870361328125 0.47802734375 0.86669921875 0.481201171875 0.85888671875 0.494873046875 0.85986328125 0.505615234375 0.862548828125 0.50830078125
0 0.91943359375 0.511474609375 0.928466796875 0.50927734375 0.93115234375 0.506103515625 0.931640625 0.501220703125 0.926513671875 0.494140625 0.917724609375 0.49169921875 0.9052734375 0.502197265625 0.9052734375 0.506103515625 0.909423828125 0.51123046875
0 0.8956157870481525 0.5062774341531799 0.8887370175623756 0.499398664667403 0.8887370175623756 0.49114414128447076 0.8894248945109533 0.48288961790153845 0.8894248945109533 0.47463509451860614 0.8921764023052641 0.46569269418709625 0.8969915409453079 0.4622533094442077 0.9045581873796624 0.46569269418709625 0.9135005877111725 0.4718835867242954 0.9155642185569055 0.48426537179869383 0.9155642185569055 0.49114414128447076 0.9093733260197063 0.5007744185645584 0.903182433482507 0.5042138033074468
0 0.7822265625 0.625244140625 0.78759765625 0.621826171875 0.78955078125 0.616455078125 0.784423828125 0.60986328125 0.780517578125 0.611328125 0.77734375 0.615966796875 0.77783203125 0.623779296875
0 0.72021484375 0.542236328125 0.724609375 0.537841796875 0.72412109375 0.531494140625 0.720458984375 0.52734375 0.714111328125 0.52734375 0.71044921875 0.530517578125 0.71044921875 0.537353515625 0.714111328125 0.54150390625
0 0.64794921875 0.490966796875 0.65966796875 0.479248046875 0.6591796875 0.474853515625 0.655517578125 0.470703125 0.650146484375 0.47021484375 0.645263671875 0.47216796875 0.6396484375 0.478759765625 0.638671875 0.486572265625 0.642822265625 0.49072265625
0 0.72998046875 0.458740234375 0.7373046875 0.453857421875 0.74267578125 0.444091796875 0.7412109375 0.439208984375 0.734130859375 0.435546875 0.72705078125 0.439208984375 0.72119140625 0.449951171875 0.72119140625 0.455810546875 0.725341796875 0.458984375
0 0.6083984375 0.485595703125 0.613525390625 0.4833984375 0.6220703125 0.474365234375 0.62353515625 0.467041015625 0.620849609375 0.46337890625 0.615966796875 0.46337890625 0.60205078125 0.474853515625 0.60107421875 0.482666015625 0.603759765625 0.4853515625
0 0.5234375 0.499755859375 0.5283203125 0.496337890625 0.53515625 0.482177734375 0.53564453125 0.478759765625 0.532470703125 0.4755859375 0.529541015625 0.47509765625 0.521728515625 0.4794921875 0.513671875 0.490478515625 0.51416015625 0.495361328125 0.517333984375 0.4990234375
0 0.51708984375 0.458251953125 0.523681640625 0.45751953125 0.52978515625 0.452392578125 0.52978515625 0.447021484375 0.526123046875 0.4423828125 0.517333984375 0.44091796875 0.5107421875 0.445556640625 0.5087890625 0.454833984375 0.511474609375 0.4580078125
0 0.5419921875 0.466552734375 0.554443359375 0.46337890625 0.56005859375 0.459716796875 0.5625 0.450927734375 0.559326171875 0.44287109375 0.549072265625 0.4404296875 0.53857421875 0.449951171875 0.5341796875 0.459228515625 0.537841796875 0.4658203125
0 0.58740234375 0.457275390625 0.59033203125 0.453369140625 0.58740234375 0.432861328125 0.582763671875 0.42822265625 0.576904296875 0.427734375 0.5703125 0.435302734375 0.5703125 0.443115234375 0.57373046875 0.451416015625 0.577392578125 0.455078125
0 0.6845703125 0.414794921875 0.689697265625 0.41357421875 0.6923828125 0.409423828125 0.69189453125 0.404052734375 0.686767578125 0.40087890625 0.680419921875 0.40234375 0.673828125 0.407470703125 0.676513671875 0.4140625
0 0.123046875 0.167724609375 0.126953125 0.163818359375 0.12548828125 0.156005859375 0.117919921875 0.15087890625 0.114501953125 0.15185546875 0.11279296875 0.154541015625 0.11376953125 0.161865234375 0.118408203125 0.1669921875
0 0.9389520348085469 0.4760108484157615 0.9341368961685032 0.4725714636728731 0.9327611422713479 0.46569269418709625 0.9348247731170809 0.4588139247013193 0.9396399117571247 0.459501801649897 0.9417035426028577 0.4663805711356739
0 0.85205078125 0.427978515625 0.85791015625 0.423583984375 0.85986328125 0.417236328125 0.85546875 0.408447265625 0.851318359375 0.40673828125 0.84423828125 0.411865234375 0.84326171875 0.418212890625 0.8447265625 0.425048828125 0.846923828125 0.42724609375
0 0.8749794785908218 0.3879625989978172 0.870164339950778 0.3872747220492395 0.8667249552078895 0.3824595834091956 0.8681007091050449 0.3776444447691519 0.8715400938479333 0.3769565678205742 0.8756673555393995 0.38177170646061803
0 0.872227970796511 0.4113504152494587 0.8667249552078895 0.40791103050657024 0.8687885860536225 0.4030958918665264 0.8715400938479333 0.3989686301750603 0.8756673555393995 0.4024080149179487
0 0.9465186812429015 0.3370597048030681 0.9458308042943239 0.33018093531729126 0.9485823120886346 0.3267415505744028 0.9540853276772563 0.3253657966772474 0.9575247124201447 0.32949305836871357 0.9540853276772562 0.3370597048030681
0 0.7421875 0.371826171875 0.75 0.366943359375 0.75048828125 0.362548828125 0.747314453125 0.35693359375 0.740478515625 0.3544921875 0.7353515625 0.356689453125 0.73046875 0.365478515625 0.735595703125 0.37109375
0 0.49462890625 0.364013671875 0.50244140625 0.362060546875 0.50634765625 0.354248046875 0.505859375 0.345947265625 0.501220703125 0.34228515625 0.485595703125 0.34228515625 0.48193359375 0.344970703125 0.482421875 0.358642578125 0.486083984375 0.3623046875
0 0.26025390625 0.346435546875 0.269775390625 0.34228515625 0.27392578125 0.336181640625 0.2744140625 0.329345703125 0.266845703125 0.32177734375 0.259521484375 0.32470703125 0.25 0.336669921875 0.24951171875 0.341552734375 0.251220703125 0.34423828125
0 0.15771484375 0.262939453125 0.162841796875 0.26220703125 0.171875 0.256103515625 0.171875 0.250732421875 0.168701171875 0.24755859375 0.160400390625 0.24755859375 0.154296875 0.252197265625 0.15380859375 0.259521484375
0 0.033203125 0.311767578125 0.03857421875 0.305908203125 0.0361328125 0.296142578125 0.030517578125 0.29296875 0.020263671875 0.29541015625 0.017578125 0.301025390625 0.01904296875 0.306396484375 0.026611328125 0.31201171875
0 0.4052734375 0.346923828125 0.411865234375 0.3447265625 0.42041015625 0.338134765625 0.4228515625 0.325927734375 0.420166015625 0.32275390625 0.412353515625 0.32421875 0.40234375 0.331787109375 0.40087890625 0.344970703125
0 0.43310546875 0.316650390625 0.43994140625 0.314208984375 0.44091796875 0.305908203125 0.431884765625 0.296875 0.427978515625 0.296875 0.423828125 0.302001953125 0.42431640625 0.305419921875 0.42724609375 0.313232421875
0 0.3466796875 0.343505859375 0.355712890625 0.33837890625 0.359375 0.333740234375 0.35986328125 0.329345703125 0.356689453125 0.3251953125 0.349853515625 0.32568359375 0.3408203125 0.332275390625 0.3388671875 0.341552734375
0 0.37841796875 0.355224609375 0.380859375 0.347900390625 0.37744140625 0.337646484375 0.368896484375 0.33837890625 0.3671875 0.341064453125 0.3681640625 0.347900390625 0.372802734375 0.35400390625
0 0.3590717671575542 0.23662967031072538 0.35769601326039885 0.23043877777352617 0.3549445054660881 0.2228721313391716 0.3549445054660881 0.2139297310076616 0.35907176715755423 0.2070509615218847 0.363886905797598 0.20429945372757397 0.37214142918053034 0.20636308457330704 0.3721414291805304 0.21324185405908394 0.3693899213862196 0.22080850049343853 0.3666384135919089 0.22699939303063774 0.36457478274617583 0.23525391641357002
0 0.5523651897078852 0.3886504759463949 0.5523651897078852 0.38245958340919567 0.5516773127593074 0.3748929369748411 0.5585560822450844 0.36938992138621957 0.5626833439365505 0.36938992138621957 0.5654348517308613 0.3769565678205742 0.5613075900393951 0.38383533730635105
0 0.5888671875 0.370849609375 0.5986328125 0.361572265625 0.60009765625 0.358154296875 0.59912109375 0.350341796875 0.596435546875 0.34765625 0.586669921875 0.34619140625 0.572021484375 0.3515625 0.56884765625 0.357177734375 0.57275390625 0.365478515625 0.580322265625 0.37060546875
0 0.6474609375 0.338134765625 0.653076171875 0.33642578125 0.6572265625 0.329345703125 0.654296875 0.314208984375 0.651123046875 0.3115234375 0.646240234375 0.31103515625 0.638671875 0.314208984375 0.63720703125 0.322509765625 0.640625 0.334716796875
0 0.66748046875 0.315673828125 0.6728515625 0.310302734375 0.671875 0.305419921875 0.659912109375 0.29443359375 0.655029296875 0.294921875 0.650390625 0.304443359375 0.65234375 0.310791015625 0.660888671875 0.3154296875
0 0.58154296875 0.319091796875 0.587890625 0.315185546875 0.59033203125 0.304443359375 0.585693359375 0.29736328125 0.579833984375 0.2958984375 0.576171875 0.298583984375 0.57275390625 0.314697265625 0.574951171875 0.31787109375
0 0.63623046875 0.293212890625 0.64208984375 0.289794921875 0.64453125 0.280029296875 0.64453125 0.274658203125 0.637939453125 0.2705078125 0.631591796875 0.2724609375 0.625 0.278076171875 0.62353515625 0.281982421875 0.6240234375 0.286376953125 0.627685546875 0.29150390625
0 0.5537409436050406 0.2613932404595222 0.5475500510678413 0.2565781018194784 0.5475500510678413 0.24763570148796843 0.5516773127593074 0.2435084397965023 0.557180328347929 0.2428205628479246 0.5606197130908174 0.2496993323337015 0.5585560822450844 0.2572659787680561
0 0.57080078125 0.220458984375 0.576416015625 0.21826171875 0.57958984375 0.213623046875 0.580078125 0.207763671875 0.577392578125 0.20556640625 0.569580078125 0.20556640625 0.56396484375 0.212158203125 0.564453125 0.217041015625
0 0.66259765625 0.234619140625 0.66650390625 0.231689453125 0.666015625 0.224365234375 0.658935546875 0.21875 0.651611328125 0.22119140625 0.64794921875 0.227783203125 0.6494140625 0.231689453125 0.655517578125 0.234375
0 0.8158220610131405 0.3604475210547096 0.8130705532188298 0.3521929976717773 0.8144463071159852 0.3460021051345782 0.8185735688074514 0.34462635123742275 0.8268280921903834 0.34531422818600044 0.8295795999846942 0.350817243774622 0.8261402152418058 0.35632025936324346
0 0.8564453125 0.336669921875 0.863037109375 0.33447265625 0.86474609375 0.331787109375 0.86474609375 0.326904296875 0.861328125 0.320556640625 0.855224609375 0.3134765625 0.849365234375 0.310546875 0.839111328125 0.3095703125 0.83642578125 0.313232421875 0.83642578125 0.318603515625 0.841796875 0.331787109375 0.846435546875 0.33544921875
0 0.8570946779278018 0.3012901034770283 0.8557189240306464 0.29303558009409597 0.8591583087735349 0.2868446875568968 0.8653492013107341 0.2847810567111637 0.8687885860536225 0.28959619535120756 0.8687885860536225 0.29509921093982905 0.8646613243621565 0.3006022265284506
0 0.9196914802483717 0.2655205021509884 0.9155642185569056 0.25795385571663376 0.9183157263512164 0.2524508401280123 0.9231308649912601 0.25107508623085684 0.9293217575284592 0.2524508401280123 0.9334490192199255 0.2565781018194784 0.9327611422713479 0.2600174865623669 0.9286338805798817 0.2648326252024107
0 0.996733698489073 0.23112665472210386 0.9891670520547182 0.2304387777735262 0.9816004056203638 0.22699939303063774 0.9816004056203638 0.22149637744201622 0.9850397903632524 0.21668123880197238 0.9884791751061408 0.2139297310076616 0.99467006764334 0.21599336185339468 0.9974215754376508 0.21874486964770543 0.9974215754376509 0.22356000828774927
0 0.49462890625 0.146240234375 0.498291015625 0.14453125 0.50341796875 0.137451171875 0.505859375 0.122802734375 0.50244140625 0.106689453125 0.497802734375 0.10205078125 0.494873046875 0.1015625 0.490234375 0.103759765625 0.478515625 0.121826171875 0.4736328125 0.135986328125 0.474609375 0.140869140625 0.478271484375 0.14404296875
0 0.365234375 0.122802734375 0.376953125 0.113037109375 0.37939453125 0.107666015625 0.37890625 0.101806640625 0.369873046875 0.09619140625 0.360595703125 0.09912109375 0.353515625 0.110107421875 0.3564453125 0.120849609375 0.360107421875 0.123046875
0 0.4333624776039447 0.16715409850437868 0.42579583116959013 0.1678419754529564 0.41822918473523557 0.1657783446072233 0.419604938632391 0.1602753290186018 0.42442007727243486 0.15683594427571332 0.4319867237067894 0.15546019037855796 0.4361139853982555 0.1595874520700241
0 0.353515625 0.159912109375 0.3603515625 0.156982421875 0.36083984375 0.148681640625 0.357421875 0.139892578125 0.348876953125 0.13671875 0.341796875 0.143310546875 0.3408203125 0.150146484375 0.345458984375 0.158203125
0 0.345703125 0.184326171875 0.352783203125 0.181640625 0.35693359375 0.176513671875 0.3564453125 0.167236328125 0.352783203125 0.16357421875 0.347412109375 0.16357421875 0.337890625 0.170654296875 0.33740234375 0.180908203125 0.341552734375 0.18408203125
0 0.7578125 0.258056640625 0.766357421875 0.2548828125 0.77734375 0.241455078125 0.77978515625 0.234130859375 0.776611328125 0.2265625 0.760986328125 0.22607421875 0.75146484375 0.232177734375 0.7490234375 0.251708984375 0.751708984375 0.25634765625
0 0.83984375 0.251220703125 0.845458984375 0.2490234375 0.849609375 0.243408203125 0.84814453125 0.237548828125 0.841552734375 0.2333984375 0.836669921875 0.234375 0.830078125 0.244873046875 0.831787109375 0.25048828125
0 0.869140625 0.264892578125 0.876220703125 0.2626953125 0.87841796875 0.259521484375 0.8779296875 0.250732421875 0.875244140625 0.24658203125 0.866943359375 0.24951171875 0.8603515625 0.255126953125 0.859375 0.259033203125 0.861328125 0.262939453125 0.863037109375 0.2646484375
0 0.8837890625 0.262451171875 0.894287109375 0.255859375 0.89892578125 0.249755859375 0.90087890625 0.239013671875 0.898193359375 0.23486328125 0.885986328125 0.23779296875 0.8740234375 0.247314453125 0.8759765625 0.260009765625 0.879638671875 0.2626953125
0 0.9306640625 0.218505859375 0.9375 0.211669921875 0.937744140625 0.2001953125 0.926025390625 0.201171875 0.9169921875 0.212158203125 0.922119140625 0.21826171875
0 0.54541015625 0.087158203125 0.55224609375 0.082275390625 0.5546875 0.070068359375 0.54931640625 0.059814453125 0.543212890625 0.05712890625 0.541015625 0.058837890625 0.53955078125 0.067138671875 0.54345703125 0.078369140625 0.54248046875 0.083740234375
0 0.5152198344846899 0.05365440198905981 0.5124683266903791 0.046087755554705234 0.5172834653304229 0.04264837081181677 0.5234743578676222 0.04196049386323909 0.5234743578676222 0.04883926334901602 0.5200349731247337 0.0564059097833706
0 0.91064453125 0.046142578125 0.933837890625 0.03662109375 0.939453125 0.031005859375 0.943359375 0.015869140625 0.939697265625 0.0078125 0.934326171875 0.0068359375 0.922607421875 0.009765625 0.908203125 0.021728515625 0.904296875 0.031005859375 0.90380859375 0.040283203125 0.906494140625 0.044921875
0 0.960964097163033 0.05640590978337058 0.9582125893687222 0.05159077114332675 0.960964097163033 0.044712001657549835 0.9650913588544991 0.04677563250328293 0.96784286664881 0.05434227893763752
0 0.9293217575284592 0.07910584908643435 0.9196914802483717 0.07704221824070129 0.9196914802483717 0.07153920265207975 0.9238187419398378 0.06603618706345821 0.930009634477037 0.06741194096061359 0.9355126500656585 0.07153920265207975 0.9355126500656585 0.07704221824070126
0 0.95556640625 0.142333984375 0.963623046875 0.138671875 0.97119140625 0.129638671875 0.9716796875 0.121826171875 0.966064453125 0.1171875 0.961181640625 0.1171875 0.953857421875 0.12158203125 0.947265625 0.130615234375 0.94873046875 0.139892578125
0 0.9892578125 0.119873046875 0.994873046875 0.1181640625 0.99853515625 0.114013671875 0.9990234375 0.106201171875 0.995849609375 0.1025390625 0.988525390625 0.10302734375 0.984375 0.109619140625 0.984375 0.117919921875
0 0.8227008304989173 0.16096320596717945 0.8165099379617181 0.15889957512144637 0.8116947993216744 0.157523821224291 0.8116947993216744 0.15408443648140255 0.8151341840645628 0.1506450517385142 0.821325076601762 0.15339655953282494
0 0.7578125 0.173095703125 0.763671875 0.162353515625 0.76416015625 0.156982421875 0.760986328125 0.154296875 0.755615234375 0.15478515625 0.7490234375 0.162353515625 0.75 0.170654296875 0.753173828125 0.17333984375
0 0.754601012589726 0.0811694799321674 0.754601012589726 0.07429071044639055 0.7552888895383038 0.06741194096061362 0.7601040281783475 0.06466043316630285 0.7649191668183913 0.06466043316630285 0.7662949207155467 0.068787694857769 0.7649191668183913 0.07360283349781283 0.7594161512297698 0.07979372603501203
0 0.6913163333205785 0.0612210484234144 0.6885648255262677 0.055030155886215223 0.6878769485776901 0.04883926334901599 0.6892527024748455 0.04402412470897215 0.6940678411148893 0.04539987860612753 0.6988829797549332 0.05159077114332673 0.6981951028063555 0.05915741757768132
0 0.6631133784288933 0.08873612636652199 0.654858855045961 0.07910584908643437 0.6589861167374271 0.07360283349781283 0.6672406401203593 0.07704221824070129 0.6679285170689371 0.0825452338293228
0 0.65234375 0.135986328125 0.660400390625 0.13330078125 0.66259765625 0.128173828125 0.662109375 0.120849609375 0.656005859375 0.11572265625 0.648681640625 0.11865234375 0.64404296875 0.125244140625 0.64697265625 0.134521484375
0 0.71044921875 0.182373046875 0.72119140625 0.175537109375 0.72265625 0.168701171875 0.718505859375 0.16357421875 0.707275390625 0.1650390625 0.70361328125 0.168701171875 0.70361328125 0.177001953125 0.707275390625 0.181640625
0 0.7373046875 0.191162109375 0.7431640625 0.186279296875 0.744140625 0.179443359375 0.74169921875 0.173583984375 0.736572265625 0.1708984375 0.728515625 0.175537109375 0.7265625 0.181396484375 0.729736328125 0.189453125
0 0.16233895986433486 0.19535705339606396 0.16233895986433486 0.18916616085886478 0.16371471376149022 0.1829752683216656 0.16715409850437868 0.18022376052735478 0.17472074493873327 0.18503889916739866 0.1712813601958448 0.1905419147560202 0.16715409850437865 0.19398129949890866
0 0.3012901034770282 0.9533974507286784 0.2992264726312952 0.9472065581914794 0.30266585737418367 0.9417035426028577 0.3088567499113828 0.9375762809113917 0.31573551939715977 0.9362005270142364 0.321926411934359 0.9382641578599693 0.321926411934359 0.9417035426028577 0.31573551939715977 0.9437671734485908 0.312984011602849 0.9472065581914793 0.31023250380853823 0.9485823120886347
0 0.3714535522319526 0.6376619313315186 0.37076567528337495 0.6280316540514311 0.3735171830776858 0.6225286384628095 0.37695656782057413 0.6204650076170763 0.38521109120350644 0.6163377459256103 0.38933835289497254 0.6163377459256103 0.38727472204923946 0.623904392359965 0.38314746035777336 0.6307831618457418 0.3797080756148849 0.6342225465886302
0 0.7374040888752837 0.3370597048030681 0.7291495654923514 0.3349960739573351 0.7222707960065746 0.33155668921444664 0.7188314112636861 0.3246779197286698 0.7236465499037301 0.31986278108862587 0.7291495654923515 0.31779915024289285 0.7353404580295508 0.3171112732943151 0.7415313505667499 0.31986278108862587 0.7456586122582161 0.323990042780092 0.7456586122582161 0.33086881226586895 0.7422192275153277 0.3363718278544905
0 0.9062231960794567 0.9930863752299589 0.8984555211832923 0.9926395424370524 0.8953839782831476 0.9851802303528501 0.8997719051290258 0.9777209329982909 0.9081089248924041 0.979914839652678 0.9116192428012264 0.986057793014605
0 0.9356569130678548 0.9704079375503735 0.9339975931195946 0.9649962302139166 0.9361915270826835 0.9597308395137446 0.941457003945917 0.959292058182867 0.9427733878916504 0.9649962302139166 0.9405794539285617 0.9702616209140886
0 0.31825620775351676 0.33675356067658524 0.31128011893652235 0.33966493449342605 0.3022039154712261 0.33753099353271515 0.3022039154712261 0.32632772961487316 0.30861067579416857 0.3225932724911757 0.3171529691240401 0.32259327249117575 0.31982241226639396 0.3300621330119454
0 0.7523865589197676 0.4794089701876047 0.7415985688469574 0.4773051338335032 0.7410646587115325 0.4693028216516965 0.7421324789823822 0.4591664879192411 0.7469374551316649 0.4516976811250965 0.7544120894928424 0.4538315952224949 0.7549458920934968 0.46663532157669824
0 0.8193113189372828 0.28215704592545426 0.8099369154859292 0.2806646008083662 0.8056658494720713 0.2737292456752587 0.80886920274985 0.2651934012424772 0.8168775321769114 0.26305946028176624 0.8232842387324687 0.26786084759085027 0.8248859691387432 0.27266226176324687
0 0.23371966878402373 0.5569007975763066 0.22745880850931163 0.5523101187454892 0.2327978023287897 0.544841285088032 0.23973836525238665 0.546975226048743 0.24080618552323635 0.553377102657501 0.23653501197460797 0.5576450114422354